600,'20260819',1625,,51887,21,,,1,100,,51888,21,,,1,30,,51886,21,,,1,70,,51889,21,,,1,100,,51890,21,,,1
600,'20260820',1625,,51892,21,,,1,100,,51893,21,,,1,30,,51891,21,,,1,70,,51894,21,,,1,100,,51895,21,,,1
600,'20260821',1625,,51897,21,,,1,100,,51898,21,,,1,30,,51896,21,,,1,70,,51899,21,,,1,100,,51900,21,,,1
600,'20260824',1625,,65226,21,,,1,100,,65227,21,,,1,30,,65225,21,,,1,70,,65228,21,,,1,100,,65229,21,,,1
600,'20260825',1625,,51907,21,,,1,100,,51908,21,,,1,30,,51906,21,,,1,70,,51909,21,,,1,100,,51910,21,,,1
600,'20260826',1625,,51912,21,,,1,100,,51913,21,,,1,30,,51911,21,,,1,70,,51914,21,,,1,100,,51915,21,,,1
600,'20260827',1625,,51917,21,,,1,100,,51918,21,,,1,30,,51916,21,,,1,70,,51919,21,,,1,100,,51920,21,,,1
600,'20260828',1625,,51922,21,,,1,100,,51923,21,,,1,30,,51921,21,,,1,70,,51924,21,,,1,100,,51925,21,,,1
600,'20260831',1625,,65231,21,,,1,100,,65232,21,,,1,30,,65230,21,,,1,70,,65233,21,,,1,100,,65234,21,,,1
600,'20260901',1625,,51932,21,,,1,100,,51933,21,,,1,30,,51931,21,,,1,70,,51934,21,,,1,100,,51935,21,,,1
600,'20260902',1625,,51937,21,,,1,100,,51938,21,,,1,30,,51936,21,,,1,70,,51939,21,,,1,100,,51940,21,,,1
600,'20260903',1625,,51942,21,,,1,100,,51943,21,,,1,30,,51941,21,,,1,70,,51944,21,,,1,100,,51945,21,,,1
600,'20260904',1625,,51947,21,,,1,100,,51948,21,,,1,30,,51946,21,,,1,70,,51949,21,,,1,100,,51950,21,,,1
601,'20260819',615,,52135,9,,,1,101,,52136,9,,,1,30,,52138,9,,,1,70,,52137,9,,,1
601,'20260820',615,,52139,9,,,1,101,,52140,9,,,1,30,,52142,9,,,1,70,,52141,9,,,1
601,'20260821',615,,52143,9,,,1,101,,52144,9,,,1,30,,52146,9,,,1,70,,52145,9,,,1
601,'20260824',615,,65243,9,,,1,101,,65244,9,,,1,30,,65246,9,,,1,70,,65245,9,,,1
601,'20260825',615,,52151,9,,,1,101,,52152,9,,,1,30,,52154,9,,,1,70,,52153,9,,,1
601,'20260826',615,,52155,9,,,1,101,,52156,9,,,1,30,,52158,9,,,1,70,,52157,9,,,1
601,'20260827',615,,52159,9,,,1,101,,52160,9,,,1,30,,52162,9,,,1,70,,52161,9,,,1
601,'20260828',615,,52163,9,,,1,101,,52164,9,,,1,30,,52166,9,,,1,70,,52165,9,,,1
601,'20260831',615,,65247,9,,,1,101,,65248,9,,,1,30,,65250,9,,,1,70,,65249,9,,,1
601,'20260901',615,,52171,9,,,1,101,,52172,9,,,1,30,,52174,9,,,1,70,,52173,9,,,1
601,'20260902',615,,52175,9,,,1,101,,52176,9,,,1,30,,52178,9,,,1,70,,52177,9,,,1
601,'20260903',615,,52179,9,,,1,101,,52180,9,,,1,30,,52182,9,,,1,70,,52181,9,,,1
601,'20260904',615,,52183,9,,,1,101,,52184,9,,,1,30,,52186,9,,,1,70,,52185,9,,,1
