100,'20261005',1324,,67042,45,4,,1,402,,67044,45,4,,1,101,,67049,45,,,1,197,,67043,45,4,,1
100,'20261006',1324,,67088,45,4,,1,402,,67090,45,4,,1,101,,67095,45,,,1,197,,67089,45,4,,1
100,'20261007',1324,,67134,45,4,,1,402,,67136,45,4,,1,101,,67141,45,,,1,197,,67135,45,4,,1
100,'20261008',1324,,67180,45,4,,1,402,,67182,45,4,,1,101,,67187,45,,,1,197,,67181,45,4,,1
100,'20261009',1324,,67228,45,4,,1,402,,67230,45,4,,1,101,,67235,45,,,1,197,,67229,45,4,,1
100,'20261010',1030,,67269,45,,,1,205,,67270,45,,,1,388,,67267,45,4,,1,207,,67271,45,,,1,215,,67272,45,,,1,179,,67268,45,4,,1
100,'20261011',1030,,67305,45,,,1,205,,67306,45,,,1,388,,67303,45,4,,1,207,,67307,45,,,1,215,,67308,45,,,1,179,,67304,45,4,,1
100,'20261012',1030,,92415,45,,,1,205,,92416,45,,,1,388,,92413,45,4,,1,207,,67354,45,,,1,215,,92417,45,,,1,179,,92414,45,4,,1
100,'20261013',1324,,67393,45,4,,1,402,,67395,45,4,,1,101,,67400,45,,,1,197,,67394,45,4,,1
100,'20261014',1324,,67439,45,4,,1,402,,67441,45,4,,1,101,,67446,45,,,1,197,,67440,45,4,,1
100,'20261015',1324,,67485,45,4,,1,402,,67487,45,4,,1,101,,67492,45,,,1,197,,67486,45,4,,1
100,'20261016',1324,,67533,45,4,,1,402,,67535,45,4,,1,101,,67540,45,,,1,197,,67534,45,4,,1
100,'20261017',1047,,67574,12,,,1,205,,67575,12,,,1,595,,67576,12,,,1,255,,67577,12,,,1
100,'20261018',1047,,67610,12,,,1,205,,67611,12,,,1,595,,67612,12,,,1,255,,67613,12,,,1
100,'20261019',1326,,67652,45,4,,1,402,,67654,45,4,,1,101,,67659,45,,,1,195,,67653,45,4,,1
100,'20261020',1324,,67698,45,4,,1,402,,67700,45,4,,1,101,,67705,45,,,1,197,,67699,45,4,,1
100,'20261021',1324,,67744,45,4,,1,402,,67746,45,4,,1,101,,67751,45,,,1,197,,67745,45,4,,1
100,'20261022',1324,,67790,45,4,,1,402,,67792,45,4,,1,101,,67797,45,,,1,197,,67791,45,4,,1
100,'20261023',1324,,67838,45,4,,1,402,,67840,45,4,,1,101,,67845,45,,,1,197,,67839,45,4,,1
100,'20261024',1030,,67879,12,,,1,205,,67880,12,,,1,595,,67881,12,,,1,215,,67882,12,,,1
100,'20261025',1047,,67915,12,,,1,205,,67916,12,,,1,595,,67917,12,,,1,255,,67918,12,,,1
100,'20261026',1326,,67957,45,4,,1,402,,67959,45,4,,1,101,,67964,45,,,1,195,,67958,45,4,,1
100,'20261027',1324,,68003,45,4,,1,402,,68005,45,4,,1,101,,68010,45,,,1,197,,68004,45,4,,1
100,'20261028',1324,,68049,45,4,,1,402,,68051,45,4,,1,101,,68056,45,,,1,197,,68050,45,4,,1
100,'20261029',1324,,68095,45,4,,1,402,,68097,45,4,,1,101,,68102,45,,,1,197,,68096,45,4,,1
100,'20261030',1324,,68143,45,4,,1,402,,68145,45,4,,1,101,,68150,45,,,1,197,,68144,45,4,,1
100,'20261031',1030,,68184,12,,,1,205,,68185,12,,,1,595,,68186,12,,,1,215,,68187,12,,,1
100,'20261101',1047,,68220,12,,,1,205,,68221,12,,,1,595,,68222,12,,,1,255,,68223,12,,,1
100,'20261102',1326,,68262,45,4,,1,402,,68264,45,4,,1,101,,68269,45,,,1,195,,68263,45,4,,1
100,'20261103',1324,,68308,45,4,,1,402,,68310,45,4,,1,101,,68315,45,,,1,197,,68309,45,4,,1
100,'20261104',1324,,68354,45,4,,1,402,,68356,45,4,,1,101,,68361,45,,,1,197,,68355,45,4,,1
100,'20261105',1324,,68400,45,4,,1,402,,68402,45,4,,1,101,,68407,45,,,1,197,,68401,45,4,,1
100,'20261106',1324,,68448,45,4,,1,402,,68450,45,4,,1,101,,68455,45,,,1,197,,68449,45,4,,1
100,'20261107',1030,,68489,12,,,1,205,,68490,12,,,1,595,,68491,12,,,1,215,,68492,12,,,1
100,'20261108',1047,,68525,12,,,1,205,,68526,12,,,1,595,,68527,12,,,1,255,,68528,12,,,1
100,'20261109',1326,,68567,45,4,,1,402,,68569,45,4,,1,101,,68574,45,,,1,195,,68568,45,4,,1
100,'20261110',1324,,68613,45,4,,1,402,,68615,45,4,,1,101,,68620,45,,,1,197,,68614,45,4,,1
100,'20261111',1324,,68659,45,4,,1,402,,68661,45,4,,1,101,,68666,45,,,1,197,,68660,45,4,,1
100,'20261112',1324,,68705,45,4,,1,402,,68707,45,4,,1,101,,68712,45,,,1,197,,68706,45,4,,1
100,'20261113',1324,,68753,45,4,,1,402,,68755,45,4,,1,101,,68760,45,,,1,197,,68754,45,4,,1
100,'20261114',1030,,68794,12,,,1,205,,68795,12,,,1,595,,68796,12,,,1,215,,68797,12,,,1
100,'20261115',1047,,68830,12,,,1,205,,68831,12,,,1,595,,68832,12,,,1,255,,68833,12,,,1
100,'20261116',1326,,68872,45,4,,1,402,,68874,45,4,,1,101,,68879,45,,,1,195,,68873,45,4,,1
100,'20261117',1324,,68918,45,4,,1,402,,68920,45,4,,1,101,,68925,45,,,1,197,,68919,45,4,,1
100,'20261118',1324,,68964,45,4,,1,402,,68966,45,4,,1,101,,68971,45,,,1,197,,68965,45,4,,1
100,'20261119',1324,,69010,45,4,,1,402,,69012,45,4,,1,101,,69017,45,,,1,197,,69011,45,4,,1
100,'20261120',1324,,69058,45,4,,1,402,,69060,45,4,,1,101,,69065,45,,,1,197,,69059,45,4,,1
100,'20261121',1030,,69099,12,,,1,205,,69100,12,,,1,595,,69101,12,,,1,215,,69102,12,,,1
100,'20261122',1047,,69135,12,,,1,205,,69136,12,,,1,595,,69137,12,,,1,255,,69138,12,,,1
100,'20261123',1326,,69177,45,4,,1,402,,69179,45,4,,1,101,,69184,45,,,1,195,,69178,45,4,,1
100,'20261124',1324,,69223,45,4,,1,402,,69225,45,4,,1,101,,69230,45,,,1,197,,69224,45,4,,1
100,'20261125',1324,,69269,45,4,,1,402,,69271,45,4,,1,101,,69276,45,,,1,197,,69270,45,4,,1
100,'20261126',1324,,69315,45,4,,1,402,,69317,45,4,,1,101,,69322,45,,,1,197,,69316,45,4,,1
100,'20261127',1324,,69363,45,4,,1,402,,69365,45,4,,1,101,,69370,45,,,1,197,,69364,45,4,,1
101,'20261005',550,,70749,1,,,1,101,,70750,1,,,1,87,,70755,14,,,1,372,,70747,1,,,1,799,,70748,1,,,1
101,'20261006',550,,70795,1,,,1,101,,70796,1,,,1,87,,70801,14,,,1,372,,70793,1,,,1,799,,70794,1,,,1
101,'20261007',550,,70841,1,,,1,101,,70842,1,,,1,87,,70847,14,,,1,372,,70839,1,,,1,799,,70840,1,,,1
101,'20261008',550,,70887,1,,,1,101,,70888,1,,,1,87,,70893,14,,,1,372,,70885,1,,,1,799,,70886,1,,,1
101,'20261009',550,,70935,1,,,1,101,,70936,1,,,1,87,,70941,14,,,1,372,,70933,1,,,1,799,,70934,1,,,1
101,'20261010',707,,70970,1,,,1,100,,70971,1,,,1,100,,70972,1,,,1,200,,70973,1,,,1,151,,70975,14,,,1,442,,70976,14,,,1,207,,70974,1,,,1,151,,70977,14,,,1,255,,70978,14,,,1
101,'20261011',707,,71006,1,,,1,100,,71007,1,,,1,100,,71008,1,,,1,200,,71009,1,,,1,151,,71011,14,,,1,442,,71012,14,,,1,207,,71010,1,,,1,151,,71013,14,,,1,255,,71014,14,,,1
101,'20261012',707,,92422,1,,,1,100,,92423,1,,,1,100,,92424,1,,,1,200,,71052,1,,,1,151,,92425,14,,,1,442,,92426,14,,,1,207,,71053,1,,,1,151,,92427,14,,,1,255,,92428,14,,,1
101,'20261013',550,,71100,1,,,1,101,,71101,1,,,1,87,,71106,14,,,1,372,,71098,1,,,1,799,,71099,1,,,1
101,'20261014',550,,71146,1,,,1,101,,71147,1,,,1,87,,71152,14,,,1,372,,71144,1,,,1,799,,71145,1,,,1
101,'20261015',550,,71192,1,,,1,101,,71193,1,,,1,87,,71198,14,,,1,372,,71190,1,,,1,799,,71191,1,,,1
101,'20261016',550,,71240,1,,,1,101,,71241,1,,,1,87,,71246,14,,,1,372,,71238,1,,,1,799,,71239,1,,,1
101,'20261017',1315,,71280,14,0,10,1,402,,71281,14,0,10,1,398,,71282,14,0,10,1,215,,71283,14,0,10,1
101,'20261018',1315,,71316,14,0,10,1,402,,71317,14,0,10,1,398,,71318,14,0,10,1,215,,71319,14,0,10,1
101,'20261019',549,,71359,1,,,1,101,,71360,1,,,1,87,,71365,14,,,1,372,,71357,1,,,1,799,,71358,1,,,1
101,'20261020',550,,71405,1,,,1,101,,71406,1,,,1,87,,71411,14,,,1,372,,71403,1,,,1,799,,71404,1,,,1
101,'20261021',550,,71451,1,,,1,101,,71452,1,,,1,87,,71457,14,,,1,372,,71449,1,,,1,799,,71450,1,,,1
101,'20261022',550,,71497,1,,,1,101,,71498,1,,,1,87,,71503,14,,,1,372,,71495,1,,,1,799,,71496,1,,,1
101,'20261023',550,,71545,1,,,1,101,,71546,1,,,1,87,,71551,14,,,1,372,,71543,1,,,1,799,,71544,1,,,1
101,'20261024',1258,,71585,14,0,10,1,442,,71586,14,0,10,1,358,,71587,14,0,10,1,255,,71588,14,0,10,1
101,'20261025',1315,,71621,14,0,10,1,402,,71622,14,0,10,1,398,,71623,14,0,10,1,215,,71624,14,0,10,1
101,'20261026',549,,71664,1,,,1,101,,71665,1,,,1,87,,71670,14,,,1,372,,71662,1,,,1,799,,71663,1,,,1
101,'20261027',550,,71710,1,,,1,101,,71711,1,,,1,87,,71716,14,,,1,372,,71708,1,,,1,799,,71709,1,,,1
101,'20261028',550,,71756,1,,,1,101,,71757,1,,,1,87,,71762,14,,,1,372,,71754,1,,,1,799,,71755,1,,,1
101,'20261029',550,,71802,1,,,1,101,,71803,1,,,1,87,,71808,14,,,1,372,,71800,1,,,1,799,,71801,1,,,1
101,'20261030',550,,71850,1,,,1,101,,71851,1,,,1,87,,71856,14,,,1,372,,71848,1,,,1,799,,71849,1,,,1
101,'20261031',1258,,71890,14,0,10,1,442,,71891,14,0,10,1,358,,71892,14,0,10,1,255,,71893,14,0,10,1
101,'20261101',1315,,71926,14,0,10,1,402,,71927,14,0,10,1,398,,71928,14,0,10,1,215,,71929,14,0,10,1
101,'20261102',549,,71969,1,,,1,101,,71970,1,,,1,87,,71975,14,,,1,372,,71967,1,,,1,799,,71968,1,,,1
101,'20261103',550,,72015,1,,,1,101,,72016,1,,,1,87,,72021,14,,,1,372,,72013,1,,,1,799,,72014,1,,,1
101,'20261104',550,,72061,1,,,1,101,,72062,1,,,1,87,,72067,14,,,1,372,,72059,1,,,1,799,,72060,1,,,1
101,'20261105',550,,72107,1,,,1,101,,72108,1,,,1,87,,72113,14,,,1,372,,72105,1,,,1,799,,72106,1,,,1
101,'20261106',550,,72155,1,,,1,101,,72156,1,,,1,87,,72161,14,,,1,372,,72153,1,,,1,799,,72154,1,,,1
101,'20261107',1258,,72195,14,0,10,1,442,,72196,14,0,10,1,358,,72197,14,0,10,1,255,,72198,14,0,10,1
101,'20261108',1315,,72231,14,0,10,1,402,,72232,14,0,10,1,398,,72233,14,0,10,1,215,,72234,14,0,10,1
101,'20261109',549,,72274,1,,,1,101,,72275,1,,,1,87,,72280,14,,,1,372,,72272,1,,,1,799,,72273,1,,,1
101,'20261110',550,,72320,1,,,1,101,,72321,1,,,1,87,,72326,14,,,1,372,,72318,1,,,1,799,,72319,1,,,1
101,'20261111',550,,72366,1,,,1,101,,72367,1,,,1,87,,72372,14,,,1,372,,72364,1,,,1,799,,72365,1,,,1
101,'20261112',550,,72412,1,,,1,101,,72413,1,,,1,87,,72418,14,,,1,372,,72410,1,,,1,799,,72411,1,,,1
101,'20261113',550,,72460,1,,,1,101,,72461,1,,,1,87,,72466,14,,,1,372,,72458,1,,,1,799,,72459,1,,,1
101,'20261114',1258,,72500,14,0,10,1,442,,72501,14,0,10,1,358,,72502,14,0,10,1,255,,72503,14,0,10,1
101,'20261115',1315,,72536,14,0,10,1,402,,72537,14,0,10,1,398,,72538,14,0,10,1,215,,72539,14,0,10,1
101,'20261116',549,,72579,1,,,1,101,,72580,1,,,1,87,,72585,14,,,1,372,,72577,1,,,1,799,,72578,1,,,1
101,'20261117',550,,72625,1,,,1,101,,72626,1,,,1,87,,72631,14,,,1,372,,72623,1,,,1,799,,72624,1,,,1
101,'20261118',550,,72671,1,,,1,101,,72672,1,,,1,87,,72677,14,,,1,372,,72669,1,,,1,799,,72670,1,,,1
101,'20261119',550,,72717,1,,,1,101,,72718,1,,,1,87,,72723,14,,,1,372,,72715,1,,,1,799,,72716,1,,,1
101,'20261120',550,,72765,1,,,1,101,,72766,1,,,1,87,,72771,14,,,1,372,,72763,1,,,1,799,,72764,1,,,1
101,'20261121',1258,,72805,14,0,10,1,442,,72806,14,0,10,1,358,,72807,14,0,10,1,255,,72808,14,0,10,1
101,'20261122',1315,,72841,14,0,10,1,402,,72842,14,0,10,1,398,,72843,14,0,10,1,215,,72844,14,0,10,1
101,'20261123',549,,72884,1,,,1,101,,72885,1,,,1,87,,72890,14,,,1,372,,72882,1,,,1,799,,72883,1,,,1
101,'20261124',550,,72930,1,,,1,101,,72931,1,,,1,87,,72936,14,,,1,372,,72928,1,,,1,799,,72929,1,,,1
101,'20261125',550,,72976,1,,,1,101,,72977,1,,,1,87,,72982,14,,,1,372,,72974,1,,,1,799,,72975,1,,,1
101,'20261126',550,,73022,1,,,1,101,,73023,1,,,1,87,,73028,14,,,1,372,,73020,1,,,1,799,,73021,1,,,1
101,'20261127',550,,73070,1,,,1,101,,73071,1,,,1,87,,73076,14,,,1,372,,73068,1,,,1,799,,73069,1,,,1
