300,'20260910',1026,,74452,40,4,,1,100,,74447,42,4,,1,300,,74448,42,4,,1,300,,74449,42,4,,1,79,,74444,42,4,,1,32,,74454,42,,,1,69,,74445,42,4,,1,31,,74453,42,4,,1,67,,74446,42,4,,1,322,,74450,42,4,,1,100,,74451,42,4,,1
300,'20260911',1026,,74491,40,4,,1,100,,74486,42,4,,1,300,,74487,42,4,,1,300,,74488,42,4,,1,79,,74483,42,4,,1,32,,74493,42,,,1,69,,74484,42,4,,1,31,,74492,42,4,,1,67,,74485,42,4,,1,427,,74490,42,4,,1
300,'20260914',1033,,74563,40,4,,1,98,,74558,42,4,,1,294,,74559,42,4,,1,307,,74560,42,4,,1,81,,74555,42,4,,1,30,,74565,42,,,1,70,,74556,42,4,,1,31,,74564,42,4,,1,66,,74557,42,4,,1,322,,74561,42,4,,1,102,,74562,42,4,,1
300,'20260915',1033,,74603,40,4,,1,98,,74598,42,4,,1,294,,74599,42,4,,1,307,,74600,42,4,,1,81,,74595,42,4,,1,30,,74605,42,,,1,70,,74596,42,4,,1,31,,74604,42,4,,1,66,,74597,42,4,,1,322,,74601,42,4,,1,102,,74602,42,4,,1
300,'20260916',1030,,74643,40,4,,1,98,,74638,42,4,,1,303,,74639,42,4,,1,298,,74640,42,4,,1,81,,74635,42,4,,1,30,,74645,42,,,1,70,,74636,42,4,,1,31,,74644,42,4,,1,66,,74637,42,4,,1,322,,74641,42,4,,1,102,,74642,42,4,,1
300,'20260917',1030,,74683,40,4,,1,98,,74678,42,4,,1,303,,74679,42,4,,1,298,,74680,42,4,,1,81,,74675,42,4,,1,30,,74685,42,,,1,70,,74676,42,4,,1,31,,74684,42,4,,1,66,,74677,42,4,,1,322,,74681,42,4,,1,102,,74682,42,4,,1
300,'20260918',1028,,74723,40,4,,1,100,,74718,42,4,,1,303,,74719,42,4,,1,298,,74720,42,4,,1,81,,74715,42,4,,1,30,,74725,42,,,1,70,,74716,42,4,,1,31,,74724,42,4,,1,66,,74717,42,4,,1,424,,74722,42,4,,1
300,'20260921',1033,,74815,40,4,,1,99,,74810,42,4,,1,301,,74811,42,4,,1,299,,74812,42,4,,1,79,,74807,42,4,,1,32,,74817,42,,,1,70,,74808,42,4,,1,31,,74816,42,4,,1,66,,74809,42,4,,1,322,,74813,42,4,,1,100,,74814,42,4,,1
300,'20260922',1032,,74855,40,4,,1,100,,74850,42,4,,1,300,,74851,42,4,,1,300,,74852,42,4,,1,79,,74847,42,4,,1,32,,74857,42,,,1,69,,74848,42,4,,1,31,,74856,42,4,,1,67,,74849,42,4,,1,322,,74853,42,4,,1,100,,74854,42,4,,1
300,'20260923',1026,,74895,40,4,,1,100,,74890,42,4,,1,300,,74891,42,4,,1,300,,74892,42,4,,1,79,,74887,42,4,,1,32,,74897,42,,,1,69,,74888,42,4,,1,31,,74896,42,4,,1,67,,74889,42,4,,1,322,,74893,42,4,,1,100,,74894,42,4,,1
300,'20260924',1026,,74935,40,4,,1,100,,74930,42,4,,1,300,,74931,42,4,,1,300,,74932,42,4,,1,79,,74927,42,4,,1,32,,74937,42,,,1,69,,74928,42,4,,1,31,,74936,42,4,,1,67,,74929,42,4,,1,322,,74933,42,4,,1,100,,74934,42,4,,1
300,'20260925',1026,,74975,40,4,,1,100,,74970,42,4,,1,300,,74971,42,4,,1,300,,74972,42,4,,1,79,,74967,42,4,,1,32,,74977,42,,,1,69,,74968,42,4,,1,31,,74976,42,4,,1,67,,74969,42,4,,1,322,,74973,42,4,,1,100,,74974,42,4,,1
300,'20260926',1025,,75003,40,,,1,813,,75001,42,4,,1,600,,75002,42,4,,1
300,'20260927',1025,,75029,40,,,1,813,,75027,42,4,,1,600,,75028,42,4,,1
300,'20260928',1026,,75067,40,4,,1,100,,75062,42,4,,1,300,,75063,42,4,,1,300,,75064,42,4,,1,79,,75059,42,4,,1,32,,75069,42,,,1,69,,75060,42,4,,1,31,,75068,42,4,,1,67,,75061,42,4,,1,322,,75065,42,4,,1,100,,75066,42,4,,1
300,'20260929',1026,,75107,40,4,,1,100,,75102,42,4,,1,300,,75103,42,4,,1,300,,75104,42,4,,1,79,,75099,42,4,,1,32,,75109,42,,,1,69,,75100,42,4,,1,31,,75108,42,4,,1,67,,75101,42,4,,1,322,,75105,42,4,,1,100,,75106,42,4,,1
300,'20260930',1026,,75147,40,4,,1,100,,75142,42,4,,1,300,,75143,42,4,,1,300,,75144,42,4,,1,79,,75139,42,4,,1,32,,75149,42,,,1,69,,75140,42,4,,1,31,,75148,42,4,,1,67,,75141,42,4,,1,322,,75145,42,4,,1,100,,75146,42,4,,1
300,'20261001',1026,,75187,40,4,,1,100,,75182,42,4,,1,300,,75183,42,4,,1,300,,75184,42,4,,1,79,,75179,42,4,,1,32,,75189,42,,,1,69,,75180,42,4,,1,31,,75188,42,4,,1,67,,75181,42,4,,1,322,,75185,42,4,,1,100,,75186,42,4,,1
300,'20261002',1026,,75227,40,4,,1,100,,75222,42,4,,1,300,,75223,42,4,,1,300,,75224,42,4,,1,79,,75219,42,4,,1,32,,75229,42,,,1,69,,75220,42,4,,1,31,,75228,42,4,,1,67,,75221,42,4,,1,322,,75225,42,4,,1,100,,75226,42,4,,1
300,'20261003',1025,,75255,40,,,1,813,,75253,42,4,,1,600,,75254,42,4,,1
300,'20261004',1025,,75281,40,,,1,813,,75279,42,4,,1,600,,75280,42,4,,1
300,'20261005',1026,,75319,40,4,,1,100,,75314,42,4,,1,300,,75315,42,4,,1,300,,75316,42,4,,1,79,,75311,42,4,,1,32,,75321,42,,,1,69,,75312,42,4,,1,31,,75320,42,4,,1,67,,75313,42,4,,1,322,,75317,42,4,,1,100,,75318,42,4,,1
300,'20261006',1026,,75359,40,4,,1,100,,75354,42,4,,1,300,,75355,42,4,,1,300,,75356,42,4,,1,79,,75351,42,4,,1,32,,75361,42,,,1,69,,75352,42,4,,1,31,,75360,42,4,,1,67,,75353,42,4,,1,322,,75357,42,4,,1,100,,75358,42,4,,1
300,'20261007',1026,,75399,40,4,,1,100,,75394,42,4,,1,300,,75395,42,4,,1,300,,75396,42,4,,1,79,,75391,42,4,,1,32,,75401,42,,,1,69,,75392,42,4,,1,31,,75400,42,4,,1,67,,75393,42,4,,1,322,,75397,42,4,,1,100,,75398,42,4,,1
300,'20261008',1026,,75439,40,4,,1,100,,75434,42,4,,1,300,,75435,42,4,,1,300,,75436,42,4,,1,79,,75431,42,4,,1,32,,75441,42,,,1,69,,75432,42,4,,1,31,,75440,42,4,,1,67,,75433,42,4,,1,322,,75437,42,4,,1,100,,75438,42,4,,1
300,'20261009',1026,,75479,40,4,,1,100,,75474,42,4,,1,300,,75475,42,4,,1,300,,75476,42,4,,1,79,,75471,42,4,,1,32,,75481,42,,,1,69,,75472,42,4,,1,31,,75480,42,4,,1,67,,75473,42,4,,1,322,,75477,42,4,,1,100,,75478,42,4,,1
300,'20261010',1025,,75507,40,,,1,813,,75505,42,4,,1,600,,75506,42,4,,1
300,'20261011',1025,,75533,40,,,1,813,,75531,42,4,,1,600,,75532,42,4,,1
300,'20261012',1026,,75571,40,4,,1,100,,75566,42,4,,1,300,,75567,42,4,,1,300,,75568,42,4,,1,79,,75563,42,4,,1,32,,75573,42,,,1,69,,75564,42,4,,1,31,,75572,42,4,,1,67,,75565,42,4,,1,322,,75569,42,4,,1,100,,75570,42,4,,1
300,'20261013',1026,,75611,40,4,,1,100,,75606,42,4,,1,300,,75607,42,4,,1,300,,75608,42,4,,1,79,,75603,42,4,,1,32,,75613,42,,,1,69,,75604,42,4,,1,31,,75612,42,4,,1,67,,75605,42,4,,1,322,,75609,42,4,,1,100,,75610,42,4,,1
300,'20261014',1026,,75651,40,4,,1,100,,75646,42,4,,1,300,,75647,42,4,,1,300,,75648,42,4,,1,79,,75643,42,4,,1,32,,75653,42,,,1,69,,75644,42,4,,1,31,,75652,42,4,,1,67,,75645,42,4,,1,322,,75649,42,4,,1,100,,75650,42,4,,1
300,'20261015',1026,,75691,40,4,,1,100,,75686,42,4,,1,300,,75687,42,4,,1,300,,75688,42,4,,1,79,,75683,42,4,,1,32,,75693,42,,,1,69,,75684,42,4,,1,31,,75692,42,4,,1,67,,75685,42,4,,1,322,,75689,42,4,,1,100,,75690,42,4,,1
300,'20261016',1026,,75731,40,4,,1,100,,75726,42,4,,1,300,,75727,42,4,,1,300,,75728,42,4,,1,79,,75723,42,4,,1,32,,75733,42,,,1,69,,75724,42,4,,1,31,,75732,42,4,,1,67,,75725,42,4,,1,322,,75729,42,4,,1,100,,75730,42,4,,1
300,'20261017',1025,,75759,40,,,1,813,,75757,42,4,,1,600,,75758,42,4,,1
300,'20261018',1025,,75785,40,,,1,813,,75783,42,4,,1,600,,75784,42,4,,1
300,'20261019',1026,,75823,40,4,,1,100,,75818,42,4,,1,300,,75819,42,4,,1,300,,75820,42,4,,1,79,,75815,42,4,,1,32,,75825,42,,,1,69,,75816,42,4,,1,31,,75824,42,4,,1,67,,75817,42,4,,1,322,,75821,42,4,,1,100,,75822,42,4,,1
300,'20261020',1026,,75863,40,4,,1,100,,75858,42,4,,1,300,,75859,42,4,,1,300,,75860,42,4,,1,79,,75855,42,4,,1,32,,75865,42,,,1,69,,75856,42,4,,1,31,,75864,42,4,,1,67,,75857,42,4,,1,322,,75861,42,4,,1,100,,75862,42,4,,1
300,'20261021',1026,,75903,40,4,,1,100,,75898,42,4,,1,300,,75899,42,4,,1,300,,75900,42,4,,1,79,,75895,42,4,,1,32,,75905,42,,,1,69,,75896,42,4,,1,31,,75904,42,4,,1,67,,75897,42,4,,1,322,,75901,42,4,,1,100,,75902,42,4,,1
300,'20261022',1026,,75943,40,4,,1,100,,75938,42,4,,1,300,,75939,42,4,,1,300,,75940,42,4,,1,79,,75935,42,4,,1,32,,75945,42,,,1,69,,75936,42,4,,1,31,,75944,42,4,,1,67,,75937,42,4,,1,322,,75941,42,4,,1,100,,75942,42,4,,1
300,'20261023',1026,,75983,40,4,,1,100,,75978,42,4,,1,300,,75979,42,4,,1,300,,75980,42,4,,1,79,,75975,42,4,,1,32,,75985,42,,,1,69,,75976,42,4,,1,31,,75984,42,4,,1,67,,75977,42,4,,1,322,,75981,42,4,,1,100,,75982,42,4,,1
300,'20261024',1025,,76011,40,,,1,813,,76009,42,4,,1,600,,76010,42,4,,1
300,'20261025',1025,,76037,40,,,1,813,,76035,42,4,,1,600,,76036,42,4,,1
300,'20261026',1026,,76075,40,4,,1,100,,76070,42,4,,1,300,,76071,42,4,,1,300,,76072,42,4,,1,79,,76067,42,4,,1,32,,76077,42,,,1,69,,76068,42,4,,1,31,,76076,42,4,,1,67,,76069,42,4,,1,322,,76073,42,4,,1,100,,76074,42,4,,1
300,'20261027',1026,,76115,40,4,,1,100,,76110,42,4,,1,300,,76111,42,4,,1,300,,76112,42,4,,1,79,,76107,42,4,,1,32,,76117,42,,,1,69,,76108,42,4,,1,31,,76116,42,4,,1,67,,76109,42,4,,1,322,,76113,42,4,,1,100,,76114,42,4,,1
300,'20261028',1026,,76155,40,4,,1,100,,76150,42,4,,1,300,,76151,42,4,,1,300,,76152,42,4,,1,79,,76147,42,4,,1,32,,76157,42,,,1,69,,76148,42,4,,1,31,,76156,42,4,,1,67,,76149,42,4,,1,322,,76153,42,4,,1,100,,76154,42,4,,1
300,'20261029',1026,,76195,40,4,,1,100,,76190,42,4,,1,300,,76191,42,4,,1,300,,76192,42,4,,1,79,,76187,42,4,,1,32,,76197,42,,,1,69,,76188,42,4,,1,31,,76196,42,4,,1,67,,76189,42,4,,1,322,,76193,42,4,,1,100,,76194,42,4,,1
300,'20261030',1026,,76235,40,4,,1,100,,76230,42,4,,1,300,,76231,42,4,,1,300,,76232,42,4,,1,79,,76227,42,4,,1,32,,76237,42,,,1,69,,76228,42,4,,1,31,,76236,42,4,,1,67,,76229,42,4,,1,322,,76233,42,4,,1,100,,76234,42,4,,1
300,'20261031',1025,,76263,40,,,1,813,,76261,42,4,,1,600,,76262,42,4,,1
300,'20261101',1025,,76289,40,,,1,813,,76287,42,4,,1,600,,76288,42,4,,1
300,'20261102',1026,,76327,40,4,,1,100,,76322,42,4,,1,300,,76323,42,4,,1,300,,76324,42,4,,1,79,,76319,42,4,,1,32,,76329,42,,,1,69,,76320,42,4,,1,31,,76328,42,4,,1,67,,76321,42,4,,1,322,,76325,42,4,,1,100,,76326,42,4,,1
300,'20261103',1026,,76367,40,4,,1,100,,76362,42,4,,1,300,,76363,42,4,,1,300,,76364,42,4,,1,79,,76359,42,4,,1,32,,76369,42,,,1,69,,76360,42,4,,1,31,,76368,42,4,,1,67,,76361,42,4,,1,322,,76365,42,4,,1,100,,76366,42,4,,1
300,'20261104',1026,,76407,40,4,,1,100,,76402,42,4,,1,300,,76403,42,4,,1,300,,76404,42,4,,1,79,,76399,42,4,,1,32,,76409,42,,,1,69,,76400,42,4,,1,31,,76408,42,4,,1,67,,76401,42,4,,1,322,,76405,42,4,,1,100,,76406,42,4,,1
300,'20261105',1026,,76447,40,4,,1,100,,76442,42,4,,1,300,,76443,42,4,,1,300,,76444,42,4,,1,79,,76439,42,4,,1,32,,76449,42,,,1,69,,76440,42,4,,1,31,,76448,42,4,,1,67,,76441,42,4,,1,322,,76445,42,4,,1,100,,76446,42,4,,1
300,'20261106',1026,,76487,40,4,,1,100,,76482,42,4,,1,300,,76483,42,4,,1,300,,76484,42,4,,1,79,,76479,42,4,,1,32,,76489,42,,,1,69,,76480,42,4,,1,31,,76488,42,4,,1,67,,76481,42,4,,1,322,,76485,42,4,,1,100,,76486,42,4,,1
300,'20261107',1025,,76515,40,,,1,813,,76513,42,4,,1,600,,76514,42,4,,1
300,'20261108',1025,,76541,40,,,1,813,,76539,42,4,,1,600,,76540,42,4,,1
300,'20261109',1026,,76579,40,4,,1,100,,76574,42,4,,1,300,,76575,42,4,,1,300,,76576,42,4,,1,79,,76571,42,4,,1,32,,76581,42,,,1,69,,76572,42,4,,1,31,,76580,42,4,,1,67,,76573,42,4,,1,322,,76577,42,4,,1,100,,76578,42,4,,1
300,'20261110',1026,,76619,40,4,,1,100,,76614,42,4,,1,300,,76615,42,4,,1,300,,76616,42,4,,1,79,,76611,42,4,,1,32,,76621,42,,,1,69,,76612,42,4,,1,31,,76620,42,4,,1,67,,76613,42,4,,1,322,,76617,42,4,,1,100,,76618,42,4,,1
300,'20261111',1026,,76659,40,4,,1,100,,76654,42,4,,1,300,,76655,42,4,,1,300,,76656,42,4,,1,79,,76651,42,4,,1,32,,76661,42,,,1,69,,76652,42,4,,1,31,,76660,42,4,,1,67,,76653,42,4,,1,322,,76657,42,4,,1,100,,76658,42,4,,1
300,'20261112',1026,,76699,40,4,,1,100,,76694,42,4,,1,300,,76695,42,4,,1,300,,76696,42,4,,1,79,,76691,42,4,,1,32,,76701,42,,,1,69,,76692,42,4,,1,31,,76700,42,4,,1,67,,76693,42,4,,1,322,,76697,42,4,,1,100,,76698,42,4,,1
300,'20261113',1026,,76739,40,4,,1,100,,76734,42,4,,1,300,,76735,42,4,,1,300,,76736,42,4,,1,79,,76731,42,4,,1,32,,76741,42,,,1,69,,76732,42,4,,1,31,,76740,42,4,,1,67,,76733,42,4,,1,322,,76737,42,4,,1,100,,76738,42,4,,1
300,'20261114',1025,,76767,40,,,1,813,,76765,42,4,,1,600,,76766,42,4,,1
300,'20261115',1025,,76793,40,,,1,813,,76791,42,4,,1,600,,76792,42,4,,1
300,'20261116',1026,,76831,40,4,,1,100,,76826,42,4,,1,300,,76827,42,4,,1,300,,76828,42,4,,1,79,,76823,42,4,,1,32,,76833,42,,,1,69,,76824,42,4,,1,31,,76832,42,4,,1,67,,76825,42,4,,1,322,,76829,42,4,,1,100,,76830,42,4,,1
300,'20261117',1026,,76871,40,4,,1,100,,76866,42,4,,1,300,,76867,42,4,,1,300,,76868,42,4,,1,79,,76863,42,4,,1,32,,76873,42,,,1,69,,76864,42,4,,1,31,,76872,42,4,,1,67,,76865,42,4,,1,322,,76869,42,4,,1,100,,76870,42,4,,1
300,'20261118',1026,,76911,40,4,,1,100,,76906,42,4,,1,300,,76907,42,4,,1,300,,76908,42,4,,1,79,,76903,42,4,,1,32,,76913,42,,,1,69,,76904,42,4,,1,31,,76912,42,4,,1,67,,76905,42,4,,1,322,,76909,42,4,,1,100,,76910,42,4,,1
300,'20261119',1026,,76951,40,4,,1,100,,76946,42,4,,1,300,,76947,42,4,,1,300,,76948,42,4,,1,79,,76943,42,4,,1,32,,76953,42,,,1,69,,76944,42,4,,1,31,,76952,42,4,,1,67,,76945,42,4,,1,322,,76949,42,4,,1,100,,76950,42,4,,1
300,'20261120',1026,,76991,40,4,,1,100,,76986,42,4,,1,300,,76987,42,4,,1,300,,76988,42,4,,1,79,,76983,42,4,,1,32,,76993,42,,,1,69,,76984,42,4,,1,31,,76992,42,4,,1,67,,76985,42,4,,1,322,,76989,42,4,,1,100,,76990,42,4,,1
300,'20261121',1025,,77019,40,,,1,813,,77017,42,4,,1,600,,77018,42,4,,1
300,'20261122',1025,,77045,40,,,1,813,,77043,42,4,,1,600,,77044,42,4,,1
300,'20261123',1026,,77083,40,4,,1,100,,77078,42,4,,1,300,,77079,42,4,,1,300,,77080,42,4,,1,79,,77075,42,4,,1,32,,77085,42,,,1,69,,77076,42,4,,1,31,,77084,42,4,,1,67,,77077,42,4,,1,322,,77081,42,4,,1,100,,77082,42,4,,1
300,'20261124',1026,,77123,40,4,,1,100,,77118,42,4,,1,300,,77119,42,4,,1,300,,77120,42,4,,1,79,,77115,42,4,,1,32,,77125,42,,,1,69,,77116,42,4,,1,31,,77124,42,4,,1,67,,77117,42,4,,1,322,,77121,42,4,,1,100,,77122,42,4,,1
300,'20261125',1026,,77163,40,4,,1,100,,77158,42,4,,1,300,,77159,42,4,,1,300,,77160,42,4,,1,79,,77155,42,4,,1,32,,77165,42,,,1,69,,77156,42,4,,1,31,,77164,42,4,,1,67,,77157,42,4,,1,322,,77161,42,4,,1,100,,77162,42,4,,1
300,'20261126',1026,,77203,40,4,,1,100,,77198,42,4,,1,300,,77199,42,4,,1,300,,77200,42,4,,1,79,,77195,42,4,,1,32,,77205,42,,,1,69,,77196,42,4,,1,31,,77204,42,4,,1,67,,77197,42,4,,1,322,,77201,42,4,,1,100,,77202,42,4,,1
300,'20261127',1026,,77243,40,4,,1,100,,77238,42,4,,1,300,,77239,42,4,,1,300,,77240,42,4,,1,79,,77235,42,4,,1,32,,77245,42,,,1,69,,77236,42,4,,1,31,,77244,42,4,,1,67,,77237,42,4,,1,322,,77241,42,4,,1,100,,77242,42,4,,1
301,'20260910',515,,77433,1,,,1,92,,77440,1,,,1,31,,77434,1,,,1,71,,77443,10,,,1,29,,77435,1,,,1,70,,77441,1,,,1,28,,77442,1,,,1,312,,77437,1,,,1,300,,77438,1,,,1,95,,77436,1,,,1,505,,77439,1,,,1
301,'20260911',515,,77473,1,,,1,92,,77480,1,,,1,31,,77474,1,,,1,71,,77483,10,,,1,29,,77475,1,,,1,70,,77481,1,,,1,28,,77482,1,,,1,312,,77477,1,,,1,300,,77478,1,,,1,95,,77476,1,,,1,505,,77479,1,,,1
301,'20260914',508,,77545,1,,,1,92,,77552,1,,,1,31,,77546,1,,,1,71,,77555,10,,,1,29,,77547,1,,,1,70,,77553,1,,,1,28,,77554,1,,,1,322,,77549,1,,,1,290,,77550,1,,,1,97,,77548,1,,,1,503,,77551,1,,,1
301,'20260915',508,,77585,1,,,1,92,,77592,1,,,1,31,,77586,1,,,1,71,,77595,10,,,1,29,,77587,1,,,1,70,,77593,1,,,1,28,,77594,1,,,1,322,,77589,1,,,1,290,,77590,1,,,1,97,,77588,1,,,1,503,,77591,1,,,1
301,'20260916',511,,77625,1,,,1,92,,77632,1,,,1,31,,77626,1,,,1,71,,77635,10,,,1,29,,77627,1,,,1,70,,77633,1,,,1,28,,77634,1,,,1,312,,77629,1,,,1,300,,77630,1,,,1,97,,77628,1,,,1,503,,77631,1,,,1
301,'20260917',511,,77665,1,,,1,92,,77672,1,,,1,31,,77666,1,,,1,71,,77675,10,,,1,29,,77667,1,,,1,70,,77673,1,,,1,28,,77674,1,,,1,312,,77669,1,,,1,300,,77670,1,,,1,97,,77668,1,,,1,503,,77671,1,,,1
301,'20260918',511,,77705,1,,,1,92,,77712,1,,,1,31,,77706,1,,,1,71,,77715,10,,,1,29,,77707,1,,,1,70,,77713,1,,,1,28,,77714,1,,,1,312,,77709,1,,,1,300,,77710,1,,,1,97,,77708,1,,,1,503,,77711,1,,,1
301,'20260921',508,,77797,1,,,1,92,,77804,1,,,1,31,,77798,1,,,1,71,,77807,10,,,1,29,,77799,1,,,1,70,,77805,1,,,1,28,,77806,1,,,1,313,,77801,1,,,1,301,,77802,1,,,1,93,,77800,1,,,1,505,,77803,1,,,1
301,'20260922',509,,77837,1,,,1,92,,77844,1,,,1,31,,77838,1,,,1,71,,77847,10,,,1,29,,77839,1,,,1,70,,77845,1,,,1,28,,77846,1,,,1,312,,77841,1,,,1,300,,77842,1,,,1,95,,77840,1,,,1,505,,77843,1,,,1
301,'20260923',515,,77877,1,,,1,92,,77884,1,,,1,31,,77878,1,,,1,71,,77887,10,,,1,29,,77879,1,,,1,70,,77885,1,,,1,28,,77886,1,,,1,312,,77881,1,,,1,300,,77882,1,,,1,95,,77880,1,,,1,505,,77883,1,,,1
301,'20260924',515,,77917,1,,,1,92,,77924,1,,,1,31,,77918,1,,,1,71,,77927,10,,,1,29,,77919,1,,,1,70,,77925,1,,,1,28,,77926,1,,,1,312,,77921,1,,,1,300,,77922,1,,,1,95,,77920,1,,,1,505,,77923,1,,,1
301,'20260925',515,,77957,1,,,1,92,,77964,1,,,1,31,,77958,1,,,1,71,,77967,10,,,1,29,,77959,1,,,1,70,,77965,1,,,1,28,,77966,1,,,1,312,,77961,1,,,1,300,,77962,1,,,1,95,,77960,1,,,1,505,,77963,1,,,1
301,'20260926',750,,77991,1,,,1,800,,77992,1,,,1,354,,77993,10,,,1
301,'20260927',750,,78017,1,,,1,800,,78018,1,,,1,354,,78019,10,,,1
301,'20260928',515,,78049,1,,,1,92,,78056,1,,,1,31,,78050,1,,,1,71,,78059,10,,,1,29,,78051,1,,,1,70,,78057,1,,,1,28,,78058,1,,,1,312,,78053,1,,,1,300,,78054,1,,,1,95,,78052,1,,,1,505,,78055,1,,,1
301,'20260929',515,,78089,1,,,1,92,,78096,1,,,1,31,,78090,1,,,1,71,,78099,10,,,1,29,,78091,1,,,1,70,,78097,1,,,1,28,,78098,1,,,1,312,,78093,1,,,1,300,,78094,1,,,1,95,,78092,1,,,1,505,,78095,1,,,1
301,'20260930',515,,78129,1,,,1,92,,78136,1,,,1,31,,78130,1,,,1,71,,78139,10,,,1,29,,78131,1,,,1,70,,78137,1,,,1,28,,78138,1,,,1,312,,78133,1,,,1,300,,78134,1,,,1,95,,78132,1,,,1,505,,78135,1,,,1
301,'20261001',515,,78169,1,,,1,92,,78176,1,,,1,31,,78170,1,,,1,71,,78179,10,,,1,29,,78171,1,,,1,70,,78177,1,,,1,28,,78178,1,,,1,312,,78173,1,,,1,300,,78174,1,,,1,95,,78172,1,,,1,505,,78175,1,,,1
301,'20261002',515,,78209,1,,,1,92,,78216,1,,,1,31,,78210,1,,,1,71,,78219,10,,,1,29,,78211,1,,,1,70,,78217,1,,,1,28,,78218,1,,,1,312,,78213,1,,,1,300,,78214,1,,,1,95,,78212,1,,,1,505,,78215,1,,,1
301,'20261003',750,,78243,1,,,1,800,,78244,1,,,1,354,,78245,10,,,1
301,'20261004',750,,78269,1,,,1,800,,78270,1,,,1,354,,78271,10,,,1
301,'20261005',515,,78301,1,,,1,92,,78308,1,,,1,31,,78302,1,,,1,71,,78311,10,,,1,29,,78303,1,,,1,70,,78309,1,,,1,28,,78310,1,,,1,312,,78305,1,,,1,300,,78306,1,,,1,95,,78304,1,,,1,505,,78307,1,,,1
301,'20261006',515,,78341,1,,,1,92,,78348,1,,,1,31,,78342,1,,,1,71,,78351,10,,,1,29,,78343,1,,,1,70,,78349,1,,,1,28,,78350,1,,,1,312,,78345,1,,,1,300,,78346,1,,,1,95,,78344,1,,,1,505,,78347,1,,,1
301,'20261007',515,,78381,1,,,1,92,,78388,1,,,1,31,,78382,1,,,1,71,,78391,10,,,1,29,,78383,1,,,1,70,,78389,1,,,1,28,,78390,1,,,1,312,,78385,1,,,1,300,,78386,1,,,1,95,,78384,1,,,1,505,,78387,1,,,1
301,'20261008',515,,78421,1,,,1,92,,78428,1,,,1,31,,78422,1,,,1,71,,78431,10,,,1,29,,78423,1,,,1,70,,78429,1,,,1,28,,78430,1,,,1,312,,78425,1,,,1,300,,78426,1,,,1,95,,78424,1,,,1,505,,78427,1,,,1
301,'20261009',515,,78461,1,,,1,92,,78468,1,,,1,31,,78462,1,,,1,71,,78471,10,,,1,29,,78463,1,,,1,70,,78469,1,,,1,28,,78470,1,,,1,312,,78465,1,,,1,300,,78466,1,,,1,95,,78464,1,,,1,505,,78467,1,,,1
301,'20261010',750,,78495,1,,,1,800,,78496,1,,,1,354,,78497,10,,,1
301,'20261011',750,,78521,1,,,1,800,,78522,1,,,1,354,,78523,10,,,1
301,'20261012',515,,78553,1,,,1,92,,78560,1,,,1,31,,78554,1,,,1,71,,78563,10,,,1,29,,78555,1,,,1,70,,78561,1,,,1,28,,78562,1,,,1,312,,78557,1,,,1,300,,78558,1,,,1,95,,78556,1,,,1,505,,78559,1,,,1
301,'20261013',515,,78593,1,,,1,92,,78600,1,,,1,31,,78594,1,,,1,71,,78603,10,,,1,29,,78595,1,,,1,70,,78601,1,,,1,28,,78602,1,,,1,312,,78597,1,,,1,300,,78598,1,,,1,95,,78596,1,,,1,505,,78599,1,,,1
301,'20261014',515,,78633,1,,,1,92,,78640,1,,,1,31,,78634,1,,,1,71,,78643,10,,,1,29,,78635,1,,,1,70,,78641,1,,,1,28,,78642,1,,,1,312,,78637,1,,,1,300,,78638,1,,,1,95,,78636,1,,,1,505,,78639,1,,,1
301,'20261015',515,,78673,1,,,1,92,,78680,1,,,1,31,,78674,1,,,1,71,,78683,10,,,1,29,,78675,1,,,1,70,,78681,1,,,1,28,,78682,1,,,1,312,,78677,1,,,1,300,,78678,1,,,1,95,,78676,1,,,1,505,,78679,1,,,1
301,'20261016',515,,78713,1,,,1,92,,78720,1,,,1,31,,78714,1,,,1,71,,78723,10,,,1,29,,78715,1,,,1,70,,78721,1,,,1,28,,78722,1,,,1,312,,78717,1,,,1,300,,78718,1,,,1,95,,78716,1,,,1,505,,78719,1,,,1
301,'20261017',750,,78747,1,,,1,800,,78748,1,,,1,354,,78749,10,,,1
301,'20261018',750,,78773,1,,,1,800,,78774,1,,,1,354,,78775,10,,,1
301,'20261019',515,,78805,1,,,1,92,,78812,1,,,1,31,,78806,1,,,1,71,,78815,10,,,1,29,,78807,1,,,1,70,,78813,1,,,1,28,,78814,1,,,1,312,,78809,1,,,1,300,,78810,1,,,1,95,,78808,1,,,1,505,,78811,1,,,1
301,'20261020',515,,78845,1,,,1,92,,78852,1,,,1,31,,78846,1,,,1,71,,78855,10,,,1,29,,78847,1,,,1,70,,78853,1,,,1,28,,78854,1,,,1,312,,78849,1,,,1,300,,78850,1,,,1,95,,78848,1,,,1,505,,78851,1,,,1
301,'20261021',515,,78885,1,,,1,92,,78892,1,,,1,31,,78886,1,,,1,71,,78895,10,,,1,29,,78887,1,,,1,70,,78893,1,,,1,28,,78894,1,,,1,312,,78889,1,,,1,300,,78890,1,,,1,95,,78888,1,,,1,505,,78891,1,,,1
301,'20261022',515,,78925,1,,,1,92,,78932,1,,,1,31,,78926,1,,,1,71,,78935,10,,,1,29,,78927,1,,,1,70,,78933,1,,,1,28,,78934,1,,,1,312,,78929,1,,,1,300,,78930,1,,,1,95,,78928,1,,,1,505,,78931,1,,,1
301,'20261023',515,,78965,1,,,1,92,,78972,1,,,1,31,,78966,1,,,1,71,,78975,10,,,1,29,,78967,1,,,1,70,,78973,1,,,1,28,,78974,1,,,1,312,,78969,1,,,1,300,,78970,1,,,1,95,,78968,1,,,1,505,,78971,1,,,1
301,'20261024',750,,78999,1,,,1,800,,79000,1,,,1,354,,79001,10,,,1
301,'20261025',750,,79025,1,,,1,800,,79026,1,,,1,354,,79027,10,,,1
301,'20261026',515,,79057,1,,,1,92,,79064,1,,,1,31,,79058,1,,,1,71,,79067,10,,,1,29,,79059,1,,,1,70,,79065,1,,,1,28,,79066,1,,,1,312,,79061,1,,,1,300,,79062,1,,,1,95,,79060,1,,,1,505,,79063,1,,,1
301,'20261027',515,,79097,1,,,1,92,,79104,1,,,1,31,,79098,1,,,1,71,,79107,10,,,1,29,,79099,1,,,1,70,,79105,1,,,1,28,,79106,1,,,1,312,,79101,1,,,1,300,,79102,1,,,1,95,,79100,1,,,1,505,,79103,1,,,1
301,'20261028',515,,79137,1,,,1,92,,79144,1,,,1,31,,79138,1,,,1,71,,79147,10,,,1,29,,79139,1,,,1,70,,79145,1,,,1,28,,79146,1,,,1,312,,79141,1,,,1,300,,79142,1,,,1,95,,79140,1,,,1,505,,79143,1,,,1
301,'20261029',515,,79177,1,,,1,92,,79184,1,,,1,31,,79178,1,,,1,71,,79187,10,,,1,29,,79179,1,,,1,70,,79185,1,,,1,28,,79186,1,,,1,312,,79181,1,,,1,300,,79182,1,,,1,95,,79180,1,,,1,505,,79183,1,,,1
301,'20261030',515,,79217,1,,,1,92,,79224,1,,,1,31,,79218,1,,,1,71,,79227,10,,,1,29,,79219,1,,,1,70,,79225,1,,,1,28,,79226,1,,,1,312,,79221,1,,,1,300,,79222,1,,,1,95,,79220,1,,,1,505,,79223,1,,,1
301,'20261031',750,,79251,1,,,1,800,,79252,1,,,1,354,,79253,10,,,1
301,'20261101',750,,79277,1,,,1,800,,79278,1,,,1,354,,79279,10,,,1
301,'20261102',515,,79309,1,,,1,92,,79316,1,,,1,31,,79310,1,,,1,71,,79319,10,,,1,29,,79311,1,,,1,70,,79317,1,,,1,28,,79318,1,,,1,312,,79313,1,,,1,300,,79314,1,,,1,95,,79312,1,,,1,505,,79315,1,,,1
301,'20261103',515,,79349,1,,,1,92,,79356,1,,,1,31,,79350,1,,,1,71,,79359,10,,,1,29,,79351,1,,,1,70,,79357,1,,,1,28,,79358,1,,,1,312,,79353,1,,,1,300,,79354,1,,,1,95,,79352,1,,,1,505,,79355,1,,,1
301,'20261104',515,,79389,1,,,1,92,,79396,1,,,1,31,,79390,1,,,1,71,,79399,10,,,1,29,,79391,1,,,1,70,,79397,1,,,1,28,,79398,1,,,1,312,,79393,1,,,1,300,,79394,1,,,1,95,,79392,1,,,1,505,,79395,1,,,1
301,'20261105',515,,79429,1,,,1,92,,79436,1,,,1,31,,79430,1,,,1,71,,79439,10,,,1,29,,79431,1,,,1,70,,79437,1,,,1,28,,79438,1,,,1,312,,79433,1,,,1,300,,79434,1,,,1,95,,79432,1,,,1,505,,79435,1,,,1
301,'20261106',515,,79469,1,,,1,92,,79476,1,,,1,31,,79470,1,,,1,71,,79479,10,,,1,29,,79471,1,,,1,70,,79477,1,,,1,28,,79478,1,,,1,312,,79473,1,,,1,300,,79474,1,,,1,95,,79472,1,,,1,505,,79475,1,,,1
301,'20261107',750,,79503,1,,,1,800,,79504,1,,,1,354,,79505,10,,,1
301,'20261108',750,,79529,1,,,1,800,,79530,1,,,1,354,,79531,10,,,1
301,'20261109',515,,79561,1,,,1,92,,79568,1,,,1,31,,79562,1,,,1,71,,79571,10,,,1,29,,79563,1,,,1,70,,79569,1,,,1,28,,79570,1,,,1,312,,79565,1,,,1,300,,79566,1,,,1,95,,79564,1,,,1,505,,79567,1,,,1
301,'20261110',515,,79601,1,,,1,92,,79608,1,,,1,31,,79602,1,,,1,71,,79611,10,,,1,29,,79603,1,,,1,70,,79609,1,,,1,28,,79610,1,,,1,312,,79605,1,,,1,300,,79606,1,,,1,95,,79604,1,,,1,505,,79607,1,,,1
301,'20261111',515,,79641,1,,,1,92,,79648,1,,,1,31,,79642,1,,,1,71,,79651,10,,,1,29,,79643,1,,,1,70,,79649,1,,,1,28,,79650,1,,,1,312,,79645,1,,,1,300,,79646,1,,,1,95,,79644,1,,,1,505,,79647,1,,,1
301,'20261112',515,,79681,1,,,1,92,,79688,1,,,1,31,,79682,1,,,1,71,,79691,10,,,1,29,,79683,1,,,1,70,,79689,1,,,1,28,,79690,1,,,1,312,,79685,1,,,1,300,,79686,1,,,1,95,,79684,1,,,1,505,,79687,1,,,1
301,'20261113',515,,79721,1,,,1,92,,79728,1,,,1,31,,79722,1,,,1,71,,79731,10,,,1,29,,79723,1,,,1,70,,79729,1,,,1,28,,79730,1,,,1,312,,79725,1,,,1,300,,79726,1,,,1,95,,79724,1,,,1,505,,79727,1,,,1
301,'20261114',750,,79755,1,,,1,800,,79756,1,,,1,354,,79757,10,,,1
301,'20261115',750,,79781,1,,,1,800,,79782,1,,,1,354,,79783,10,,,1
301,'20261116',515,,79813,1,,,1,92,,79820,1,,,1,31,,79814,1,,,1,71,,79823,10,,,1,29,,79815,1,,,1,70,,79821,1,,,1,28,,79822,1,,,1,312,,79817,1,,,1,300,,79818,1,,,1,95,,79816,1,,,1,505,,79819,1,,,1
301,'20261117',515,,79853,1,,,1,92,,79860,1,,,1,31,,79854,1,,,1,71,,79863,10,,,1,29,,79855,1,,,1,70,,79861,1,,,1,28,,79862,1,,,1,312,,79857,1,,,1,300,,79858,1,,,1,95,,79856,1,,,1,505,,79859,1,,,1
301,'20261118',515,,79893,1,,,1,92,,79900,1,,,1,31,,79894,1,,,1,71,,79903,10,,,1,29,,79895,1,,,1,70,,79901,1,,,1,28,,79902,1,,,1,312,,79897,1,,,1,300,,79898,1,,,1,95,,79896,1,,,1,505,,79899,1,,,1
301,'20261119',515,,79933,1,,,1,92,,79940,1,,,1,31,,79934,1,,,1,71,,79943,10,,,1,29,,79935,1,,,1,70,,79941,1,,,1,28,,79942,1,,,1,312,,79937,1,,,1,300,,79938,1,,,1,95,,79936,1,,,1,505,,79939,1,,,1
301,'20261120',515,,79973,1,,,1,92,,79980,1,,,1,31,,79974,1,,,1,71,,79983,10,,,1,29,,79975,1,,,1,70,,79981,1,,,1,28,,79982,1,,,1,312,,79977,1,,,1,300,,79978,1,,,1,95,,79976,1,,,1,505,,79979,1,,,1
301,'20261121',750,,80007,1,,,1,800,,80008,1,,,1,354,,80009,10,,,1
301,'20261122',750,,80033,1,,,1,800,,80034,1,,,1,354,,80035,10,,,1
301,'20261123',515,,80065,1,,,1,92,,80072,1,,,1,31,,80066,1,,,1,71,,80075,10,,,1,29,,80067,1,,,1,70,,80073,1,,,1,28,,80074,1,,,1,312,,80069,1,,,1,300,,80070,1,,,1,95,,80068,1,,,1,505,,80071,1,,,1
301,'20261124',515,,80105,1,,,1,92,,80112,1,,,1,31,,80106,1,,,1,71,,80115,10,,,1,29,,80107,1,,,1,70,,80113,1,,,1,28,,80114,1,,,1,312,,80109,1,,,1,300,,80110,1,,,1,95,,80108,1,,,1,505,,80111,1,,,1
301,'20261125',515,,80145,1,,,1,92,,80152,1,,,1,31,,80146,1,,,1,71,,80155,10,,,1,29,,80147,1,,,1,70,,80153,1,,,1,28,,80154,1,,,1,312,,80149,1,,,1,300,,80150,1,,,1,95,,80148,1,,,1,505,,80151,1,,,1
301,'20261126',515,,80185,1,,,1,92,,80192,1,,,1,31,,80186,1,,,1,71,,80195,10,,,1,29,,80187,1,,,1,70,,80193,1,,,1,28,,80194,1,,,1,312,,80189,1,,,1,300,,80190,1,,,1,95,,80188,1,,,1,505,,80191,1,,,1
301,'20261127',515,,80225,1,,,1,92,,80232,1,,,1,31,,80226,1,,,1,71,,80235,10,,,1,29,,80227,1,,,1,70,,80233,1,,,1,28,,80234,1,,,1,312,,80229,1,,,1,300,,80230,1,,,1,95,,80228,1,,,1,505,,80231,1,,,1
