200,'20260819',1640,,42140,35,4,,1,70,,42141,35,4,,1,15,,42142,35,4,,1,15,,42143,35,4,,1,15,,42144,35,4,,1,55,,42145,35,4,,1,15,,42146,35,4,,1,30,,42147,35,4,,1,70,,42148,35,4,,1,85,,42149,35,4,,1
200,'20260820',1640,,42150,35,4,,1,70,,42151,35,4,,1,15,,42152,35,4,,1,15,,42153,35,4,,1,15,,42154,35,4,,1,55,,42155,35,4,,1,15,,42156,35,4,,1,30,,42157,35,4,,1,70,,42158,35,4,,1,85,,42159,35,4,,1
200,'20260821',1640,,42160,35,4,,1,70,,42161,35,4,,1,15,,42162,35,4,,1,15,,42163,35,4,,1,15,,42164,35,4,,1,55,,42165,35,4,,1,15,,42166,35,4,,1,30,,42167,35,4,,1,70,,42168,35,4,,1,85,,42169,35,4,,1
200,'20260824',1640,,64815,35,4,,1,70,,64816,35,4,,1,15,,64817,35,4,,1,15,,64818,35,4,,1,15,,64819,35,4,,1,55,,64820,35,4,,1,15,,64821,35,4,,1,30,,64822,35,4,,1,70,,64823,35,4,,1,85,,64824,35,4,,1
200,'20260825',1640,,42180,35,4,,1,70,,42181,35,4,,1,15,,42182,35,4,,1,15,,42183,35,4,,1,15,,42184,35,4,,1,55,,42185,35,4,,1,15,,42186,35,4,,1,30,,42187,35,4,,1,70,,42188,35,4,,1,85,,42189,35,4,,1
200,'20260826',1640,,42190,35,4,,1,70,,42191,35,4,,1,15,,42192,35,4,,1,15,,42193,35,4,,1,15,,42194,35,4,,1,55,,42195,35,4,,1,15,,42196,35,4,,1,30,,42197,35,4,,1,70,,42198,35,4,,1,85,,42199,35,4,,1
200,'20260827',1640,,42200,35,4,,1,70,,42201,35,4,,1,15,,42202,35,4,,1,15,,42203,35,4,,1,15,,42204,35,4,,1,55,,42205,35,4,,1,15,,42206,35,4,,1,30,,42207,35,4,,1,70,,42208,35,4,,1,85,,42209,35,4,,1
200,'20260828',1640,,42210,35,4,,1,70,,42211,35,4,,1,15,,42212,35,4,,1,15,,42213,35,4,,1,15,,42214,35,4,,1,55,,42215,35,4,,1,15,,42216,35,4,,1,30,,42217,35,4,,1,70,,42218,35,4,,1,85,,42219,35,4,,1
200,'20260831',1640,,64825,35,4,,1,70,,64826,35,4,,1,15,,64827,35,4,,1,15,,64828,35,4,,1,15,,64829,35,4,,1,55,,64830,35,4,,1,15,,64831,35,4,,1,30,,64832,35,4,,1,70,,64833,35,4,,1,85,,64834,35,4,,1
200,'20260901',1640,,42230,35,4,,1,70,,42231,35,4,,1,15,,42232,35,4,,1,15,,42233,35,4,,1,15,,42234,35,4,,1,55,,42235,35,4,,1,15,,42236,35,4,,1,30,,42237,35,4,,1,70,,42238,35,4,,1,85,,42239,35,4,,1
200,'20260902',1640,,42240,35,4,,1,70,,42241,35,4,,1,15,,42242,35,4,,1,15,,42243,35,4,,1,15,,42244,35,4,,1,55,,42245,35,4,,1,15,,42246,35,4,,1,30,,42247,35,4,,1,70,,42248,35,4,,1,85,,42249,35,4,,1
200,'20260903',1640,,42250,35,4,,1,70,,42251,35,4,,1,15,,42252,35,4,,1,15,,42253,35,4,,1,15,,42254,35,4,,1,55,,42255,35,4,,1,15,,42256,35,4,,1,30,,42257,35,4,,1,70,,42258,35,4,,1,85,,42259,35,4,,1
200,'20260904',1640,,42260,35,4,,1,70,,42261,35,4,,1,15,,42262,35,4,,1,15,,42263,35,4,,1,15,,42264,35,4,,1,55,,42265,35,4,,1,15,,42266,35,4,,1,30,,42267,35,4,,1,70,,42268,35,4,,1,85,,42269,35,4,,1
201,'20260819',600,,42730,1,,,1,30,,42731,1,,,1,15,,42732,1,,,1,55,,42733,1,,,1,15,,42734,1,,,1,15,,42735,1,,,1,15,,42736,1,,,1,55,,42737,1,,,1,15,,42738,1,,,1,15,,42739,1,,,1
201,'20260820',600,,42740,1,,,1,30,,42741,1,,,1,15,,42742,1,,,1,55,,42743,1,,,1,15,,42744,1,,,1,15,,42745,1,,,1,15,,42746,1,,,1,55,,42747,1,,,1,15,,42748,1,,,1,15,,42749,1,,,1
201,'20260821',600,,42750,1,,,1,30,,42751,1,,,1,15,,42752,1,,,1,55,,42753,1,,,1,15,,42754,1,,,1,15,,42755,1,,,1,15,,42756,1,,,1,55,,42757,1,,,1,15,,42758,1,,,1,15,,42759,1,,,1
201,'20260824',600,,64855,1,,,1,30,,64856,1,,,1,15,,64857,1,,,1,55,,64858,1,,,1,15,,64859,1,,,1,15,,64860,1,,,1,15,,64861,1,,,1,55,,64862,1,,,1,15,,64863,1,,,1,15,,64864,1,,,1
201,'20260825',600,,42770,1,,,1,30,,42771,1,,,1,15,,42772,1,,,1,55,,42773,1,,,1,15,,42774,1,,,1,15,,42775,1,,,1,15,,42776,1,,,1,55,,42777,1,,,1,15,,42778,1,,,1,15,,42779,1,,,1
201,'20260826',600,,42780,1,,,1,30,,42781,1,,,1,15,,42782,1,,,1,55,,42783,1,,,1,15,,42784,1,,,1,15,,42785,1,,,1,15,,42786,1,,,1,55,,42787,1,,,1,15,,42788,1,,,1,15,,42789,1,,,1
201,'20260827',600,,42790,1,,,1,30,,42791,1,,,1,15,,42792,1,,,1,55,,42793,1,,,1,15,,42794,1,,,1,15,,42795,1,,,1,15,,42796,1,,,1,55,,42797,1,,,1,15,,42798,1,,,1,15,,42799,1,,,1
201,'20260828',600,,42800,1,,,1,30,,42801,1,,,1,15,,42802,1,,,1,55,,42803,1,,,1,15,,42804,1,,,1,15,,42805,1,,,1,15,,42806,1,,,1,55,,42807,1,,,1,15,,42808,1,,,1,15,,42809,1,,,1
201,'20260831',600,,64865,1,,,1,30,,64866,1,,,1,15,,64867,1,,,1,55,,64868,1,,,1,15,,64869,1,,,1,15,,64870,1,,,1,15,,64871,1,,,1,55,,64872,1,,,1,15,,64873,1,,,1,15,,64874,1,,,1
201,'20260901',600,,42820,1,,,1,30,,42821,1,,,1,15,,42822,1,,,1,55,,42823,1,,,1,15,,42824,1,,,1,15,,42825,1,,,1,15,,42826,1,,,1,55,,42827,1,,,1,15,,42828,1,,,1,15,,42829,1,,,1
201,'20260902',600,,42830,1,,,1,30,,42831,1,,,1,15,,42832,1,,,1,55,,42833,1,,,1,15,,42834,1,,,1,15,,42835,1,,,1,15,,42836,1,,,1,55,,42837,1,,,1,15,,42838,1,,,1,15,,42839,1,,,1
201,'20260903',600,,42840,1,,,1,30,,42841,1,,,1,15,,42842,1,,,1,55,,42843,1,,,1,15,,42844,1,,,1,15,,42845,1,,,1,15,,42846,1,,,1,55,,42847,1,,,1,15,,42848,1,,,1,15,,42849,1,,,1
201,'20260904',600,,42850,1,,,1,30,,42851,1,,,1,15,,42852,1,,,1,55,,42853,1,,,1,15,,42854,1,,,1,15,,42855,1,,,1,15,,42856,1,,,1,55,,42857,1,,,1,15,,42858,1,,,1,15,,42859,1,,,1
