300,'20260819',653,,45241,11,0,7,1,70,,45226,11,0,7,1,30,,45242,11,0,7,1,70,,45227,11,0,7,1,30,,45243,11,0,7,1,70,,45228,11,0,7,1,30,,45258,11,0,35,1,70,,45229,11,0,7,1,30,,45245,11,0,23 26,1,70,,45230,11,0,7,1,30,,45246,11,0,23 26,1,70,,45231,11,0,7,1,30,,45259,11,0,35,1,70,,45232,11,0,7,1,30,,45247,11,0,23 26,1,70,,45233,11,0,7,1,30,,45248,11,0,23 26,1,70,,45234,11,0,7,1,30,,45260,11,0,35,1,70,,45235,11,0,7,1,30,,45253,11,0,27,1,70,,45254,11,0,27,1,30,,45244,11,0,7,1,70,,45236,11,0,7,1,30,,45249,11,0,23 26,1,70,,45237,11,0,7,1,30,,45250,11,0,23 26,1,70,,45238,11,0,7,1,30,,45251,11,0,23 26,1,70,,45239,11,0,7,1,30,,45261,11,0,35,1,70,,45240,11,0,7,1,30,,45262,11,0,35,1,100,,45252,11,0,23 26,1
300,'20260820',653,,45281,11,0,7,1,70,,45266,11,0,7,1,30,,45282,11,0,7,1,70,,45267,11,0,7,1,30,,45283,11,0,7,1,70,,45268,11,0,7,1,30,,45298,11,0,35,1,70,,45269,11,0,7,1,30,,45285,11,0,23 26,1,70,,45270,11,0,7,1,30,,45286,11,0,23 26,1,70,,45271,11,0,7,1,30,,45299,11,0,35,1,70,,45272,11,0,7,1,30,,45287,11,0,23 26,1,70,,45273,11,0,7,1,30,,45288,11,0,23 26,1,70,,45274,11,0,7,1,30,,45300,11,0,35,1,70,,45275,11,0,7,1,30,,45293,11,0,27,1,70,,45294,11,0,27,1,30,,45284,11,0,7,1,70,,45276,11,0,7,1,30,,45289,11,0,23 26,1,70,,45277,11,0,7,1,30,,45290,11,0,23 26,1,70,,45278,11,0,7,1,30,,45291,11,0,23 26,1,70,,45279,11,0,7,1,30,,45301,11,0,35,1,70,,45280,11,0,7,1,30,,45302,11,0,35,1,100,,45292,11,0,23 26,1
300,'20260821',653,,45321,11,0,7,1,70,,45306,11,0,7,1,30,,45322,11,0,7,1,70,,45307,11,0,7,1,30,,45323,11,0,7,1,70,,45308,11,0,7,1,30,,45338,11,0,35,1,70,,45309,11,0,7,1,30,,45325,11,0,23 26,1,70,,45310,11,0,7,1,30,,45326,11,0,23 26,1,70,,45311,11,0,7,1,30,,45339,11,0,35,1,70,,45312,11,0,7,1,30,,45327,11,0,23 26,1,70,,45313,11,0,7,1,30,,45328,11,0,23 26,1,70,,45314,11,0,7,1,30,,45340,11,0,35,1,70,,45315,11,0,7,1,30,,45333,11,0,27,1,70,,45334,11,0,27,1,30,,45324,11,0,7,1,70,,45316,11,0,7,1,30,,45329,11,0,23 26,1,70,,45317,11,0,7,1,30,,45330,11,0,23 26,1,70,,45318,11,0,7,1,30,,45331,11,0,23 26,1,70,,45319,11,0,7,1,30,,45341,11,0,35,1,70,,45320,11,0,7,1,30,,45342,11,0,35,1,100,,45332,11,0,23 26,1
300,'20260822',853,,45355,11,0,23 26,1,154,,45356,11,0,23 26,1,100,,45357,11,0,23 26,1,100,,45358,11,0,23 26,1,100,,45359,11,0,23 26,1,100,,45360,11,0,23 26,1,100,,45361,11,0,23 26,1,30,,45346,11,0,7,1,70,,45362,11,0,23 26,1,30,,45347,11,0,7,1,70,,45369,11,0,35,1,30,,45348,11,0,7,1,70,,45363,11,0,23 26,1,30,,45349,11,0,7,1,70,,45364,11,0,23 26,1,30,,45350,11,0,7,1,70,,45365,11,0,23 26,1,30,,45351,11,0,7,1,70,,45366,11,0,23 26,1,30,,45352,11,0,7,1,70,,45367,11,0,23 26,1,30,,45353,11,0,7,1,70,,45370,11,0,35,1,30,,45354,11,0,7,1,70,,45368,11,0,23 26,1
300,'20260823',853,,45380,11,0,23 26,1,154,,45381,11,0,23 26,1,100,,45382,11,0,23 26,1,100,,45383,11,0,23 26,1,100,,45384,11,0,23 26,1,100,,45385,11,0,23 26,1,100,,45386,11,0,23 26,1,30,,45371,11,0,7,1,70,,45387,11,0,23 26,1,30,,45372,11,0,7,1,70,,45394,11,0,35,1,30,,45373,11,0,7,1,70,,45388,11,0,23 26,1,30,,45374,11,0,7,1,70,,45389,11,0,23 26,1,30,,45375,11,0,7,1,70,,45390,11,0,23 26,1,30,,45376,11,0,7,1,70,,45391,11,0,23 26,1,30,,45377,11,0,7,1,70,,45392,11,0,23 26,1,30,,45378,11,0,7,1,70,,45395,11,0,35,1,30,,45379,11,0,7,1,70,,45393,11,0,23 26,1
300,'20260824',653,,64952,11,0,7,1,70,,64937,11,0,7,1,30,,64953,11,0,7,1,70,,64938,11,0,7,1,30,,64954,11,0,7,1,70,,64939,11,0,7,1,30,,64961,11,0,35,1,70,,64940,11,0,7,1,30,,45415,11,0,23 26,1,70,,64941,11,0,7,1,30,,45416,11,0,23 26,1,70,,64942,11,0,7,1,30,,64962,11,0,35,1,70,,64943,11,0,7,1,30,,45417,11,0,23 26,1,70,,64944,11,0,7,1,30,,45418,11,0,23 26,1,70,,64945,11,0,7,1,30,,64963,11,0,35,1,70,,64946,11,0,7,1,30,,64956,11,0,27,1,70,,64957,11,0,27,1,30,,64955,11,0,7,1,70,,64947,11,0,7,1,30,,45419,11,0,23 26,1,70,,64948,11,0,7,1,30,,45420,11,0,23 26,1,70,,64949,11,0,7,1,30,,45421,11,0,23 26,1,70,,64950,11,0,7,1,30,,64964,11,0,35,1,70,,64951,11,0,7,1,30,,45432,11,0,35,1,100,,45422,11,0,23 26,1
300,'20260825',653,,45451,11,0,7,1,70,,45436,11,0,7,1,30,,45452,11,0,7,1,70,,45437,11,0,7,1,30,,45453,11,0,7,1,70,,45438,11,0,7,1,30,,45468,11,0,35,1,70,,45439,11,0,7,1,30,,45455,11,0,23 26,1,70,,45440,11,0,7,1,30,,45456,11,0,23 26,1,70,,45441,11,0,7,1,30,,45469,11,0,35,1,70,,45442,11,0,7,1,30,,45457,11,0,23 26,1,70,,45443,11,0,7,1,30,,45458,11,0,23 26,1,70,,45444,11,0,7,1,30,,45470,11,0,35,1,70,,45445,11,0,7,1,30,,45463,11,0,27,1,70,,45464,11,0,27,1,30,,45454,11,0,7,1,70,,45446,11,0,7,1,30,,45459,11,0,23 26,1,70,,45447,11,0,7,1,30,,45460,11,0,23 26,1,70,,45448,11,0,7,1,30,,45461,11,0,23 26,1,70,,45449,11,0,7,1,30,,45471,11,0,35,1,70,,45450,11,0,7,1,30,,45472,11,0,35,1,100,,45462,11,0,23 26,1
300,'20260826',653,,45491,11,0,7,1,70,,45476,11,0,7,1,30,,45492,11,0,7,1,70,,45477,11,0,7,1,30,,45493,11,0,7,1,70,,45478,11,0,7,1,30,,45508,11,0,35,1,70,,45479,11,0,7,1,30,,45495,11,0,23 26,1,70,,45480,11,0,7,1,30,,45496,11,0,23 26,1,70,,45481,11,0,7,1,30,,45509,11,0,35,1,70,,45482,11,0,7,1,30,,45497,11,0,23 26,1,70,,45483,11,0,7,1,30,,45498,11,0,23 26,1,70,,45484,11,0,7,1,30,,45510,11,0,35,1,70,,45485,11,0,7,1,30,,45503,11,0,27,1,70,,45504,11,0,27,1,30,,45494,11,0,7,1,70,,45486,11,0,7,1,30,,45499,11,0,23 26,1,70,,45487,11,0,7,1,30,,45500,11,0,23 26,1,70,,45488,11,0,7,1,30,,45501,11,0,23 26,1,70,,45489,11,0,7,1,30,,45511,11,0,35,1,70,,45490,11,0,7,1,30,,45512,11,0,35,1,100,,45502,11,0,23 26,1
300,'20260827',653,,45531,11,0,7,1,70,,45516,11,0,7,1,30,,45532,11,0,7,1,70,,45517,11,0,7,1,30,,45533,11,0,7,1,70,,45518,11,0,7,1,30,,45548,11,0,35,1,70,,45519,11,0,7,1,30,,45535,11,0,23 26,1,70,,45520,11,0,7,1,30,,45536,11,0,23 26,1,70,,45521,11,0,7,1,30,,45549,11,0,35,1,70,,45522,11,0,7,1,30,,45537,11,0,23 26,1,70,,45523,11,0,7,1,30,,45538,11,0,23 26,1,70,,45524,11,0,7,1,30,,45550,11,0,35,1,70,,45525,11,0,7,1,30,,45543,11,0,27,1,70,,45544,11,0,27,1,30,,45534,11,0,7,1,70,,45526,11,0,7,1,30,,45539,11,0,23 26,1,70,,45527,11,0,7,1,30,,45540,11,0,23 26,1,70,,45528,11,0,7,1,30,,45541,11,0,23 26,1,70,,45529,11,0,7,1,30,,45551,11,0,35,1,70,,45530,11,0,7,1,30,,45552,11,0,35,1,100,,45542,11,0,23 26,1
300,'20260828',653,,45571,11,0,7,1,70,,45556,11,0,7,1,30,,45572,11,0,7,1,70,,45557,11,0,7,1,30,,45573,11,0,7,1,70,,45558,11,0,7,1,30,,45588,11,0,35,1,70,,45559,11,0,7,1,30,,45575,11,0,23 26,1,70,,45560,11,0,7,1,30,,45576,11,0,23 26,1,70,,45561,11,0,7,1,30,,45589,11,0,35,1,70,,45562,11,0,7,1,30,,45577,11,0,23 26,1,70,,45563,11,0,7,1,30,,45578,11,0,23 26,1,70,,45564,11,0,7,1,30,,45590,11,0,35,1,70,,45565,11,0,7,1,30,,45583,11,0,27,1,70,,45584,11,0,27,1,30,,45574,11,0,7,1,70,,45566,11,0,7,1,30,,45579,11,0,23 26,1,70,,45567,11,0,7,1,30,,45580,11,0,23 26,1,70,,45568,11,0,7,1,30,,45581,11,0,23 26,1,70,,45569,11,0,7,1,30,,45591,11,0,35,1,70,,45570,11,0,7,1,30,,45592,11,0,35,1,100,,45582,11,0,23 26,1
300,'20260829',853,,45605,11,0,23 26,1,154,,45606,11,0,23 26,1,100,,45607,11,0,23 26,1,100,,45608,11,0,23 26,1,100,,45609,11,0,23 26,1,100,,45610,11,0,23 26,1,100,,45611,11,0,23 26,1,30,,45596,11,0,7,1,70,,45612,11,0,23 26,1,30,,45597,11,0,7,1,70,,45619,11,0,35,1,30,,45598,11,0,7,1,70,,45613,11,0,23 26,1,30,,45599,11,0,7,1,70,,45614,11,0,23 26,1,30,,45600,11,0,7,1,70,,45615,11,0,23 26,1,30,,45601,11,0,7,1,70,,45616,11,0,23 26,1,30,,45602,11,0,7,1,70,,45617,11,0,23 26,1,30,,45603,11,0,7,1,70,,45620,11,0,35,1,30,,45604,11,0,7,1,70,,45618,11,0,23 26,1
300,'20260830',853,,45630,11,0,23 26,1,154,,45631,11,0,23 26,1,100,,45632,11,0,23 26,1,100,,45633,11,0,23 26,1,100,,45634,11,0,23 26,1,100,,45635,11,0,23 26,1,100,,45636,11,0,23 26,1,30,,45621,11,0,7,1,70,,45637,11,0,23 26,1,30,,45622,11,0,7,1,70,,45644,11,0,35,1,30,,45623,11,0,7,1,70,,45638,11,0,23 26,1,30,,45624,11,0,7,1,70,,45639,11,0,23 26,1,30,,45625,11,0,7,1,70,,45640,11,0,23 26,1,30,,45626,11,0,7,1,70,,45641,11,0,23 26,1,30,,45627,11,0,7,1,70,,45642,11,0,23 26,1,30,,45628,11,0,7,1,70,,45645,11,0,35,1,30,,45629,11,0,7,1,70,,45643,11,0,23 26,1
300,'20260831',653,,64983,11,0,7,1,70,,64968,11,0,7,1,30,,64984,11,0,7,1,70,,64969,11,0,7,1,30,,64985,11,0,7,1,70,,64970,11,0,7,1,30,,64992,11,0,35,1,70,,64971,11,0,7,1,30,,45665,11,0,23 26,1,70,,64972,11,0,7,1,30,,45666,11,0,23 26,1,70,,64973,11,0,7,1,30,,64993,11,0,35,1,70,,64974,11,0,7,1,30,,45667,11,0,23 26,1,70,,64975,11,0,7,1,30,,45668,11,0,23 26,1,70,,64976,11,0,7,1,30,,64994,11,0,35,1,70,,64977,11,0,7,1,30,,64987,11,0,27,1,70,,64988,11,0,27,1,30,,64986,11,0,7,1,70,,64978,11,0,7,1,30,,45669,11,0,23 26,1,70,,64979,11,0,7,1,30,,45670,11,0,23 26,1,70,,64980,11,0,7,1,30,,45671,11,0,23 26,1,70,,64981,11,0,7,1,30,,64995,11,0,35,1,70,,64982,11,0,7,1,30,,45682,11,0,35,1,100,,45672,11,0,23 26,1
300,'20260901',653,,45701,11,0,7,1,70,,45686,11,0,7,1,30,,45702,11,0,7,1,70,,45687,11,0,7,1,30,,45703,11,0,7,1,70,,45688,11,0,7,1,30,,45718,11,0,35,1,70,,45689,11,0,7,1,30,,45705,11,0,23 26,1,70,,45690,11,0,7,1,30,,45706,11,0,23 26,1,70,,45691,11,0,7,1,30,,45719,11,0,35,1,70,,45692,11,0,7,1,30,,45707,11,0,23 26,1,70,,45693,11,0,7,1,30,,45708,11,0,23 26,1,70,,45694,11,0,7,1,30,,45720,11,0,35,1,70,,45695,11,0,7,1,30,,45713,11,0,27,1,70,,45714,11,0,27,1,30,,45704,11,0,7,1,70,,45696,11,0,7,1,30,,45709,11,0,23 26,1,70,,45697,11,0,7,1,30,,45710,11,0,23 26,1,70,,45698,11,0,7,1,30,,45711,11,0,23 26,1,70,,45699,11,0,7,1,30,,45721,11,0,35,1,70,,45700,11,0,7,1,30,,45722,11,0,35,1,100,,45712,11,0,23 26,1
300,'20260902',653,,45741,11,0,7,1,70,,45726,11,0,7,1,30,,45742,11,0,7,1,70,,45727,11,0,7,1,30,,45743,11,0,7,1,70,,45728,11,0,7,1,30,,45758,11,0,35,1,70,,45729,11,0,7,1,30,,45745,11,0,23 26,1,70,,45730,11,0,7,1,30,,45746,11,0,23 26,1,70,,45731,11,0,7,1,30,,45759,11,0,35,1,70,,45732,11,0,7,1,30,,45747,11,0,23 26,1,70,,45733,11,0,7,1,30,,45748,11,0,23 26,1,70,,45734,11,0,7,1,30,,45760,11,0,35,1,70,,45735,11,0,7,1,30,,45753,11,0,27,1,70,,45754,11,0,27,1,30,,45744,11,0,7,1,70,,45736,11,0,7,1,30,,45749,11,0,23 26,1,70,,45737,11,0,7,1,30,,45750,11,0,23 26,1,70,,45738,11,0,7,1,30,,45751,11,0,23 26,1,70,,45739,11,0,7,1,30,,45761,11,0,35,1,70,,45740,11,0,7,1,30,,45762,11,0,35,1,100,,45752,11,0,23 26,1
300,'20260903',653,,45781,11,0,7,1,70,,45766,11,0,7,1,30,,45782,11,0,7,1,70,,45767,11,0,7,1,30,,45783,11,0,7,1,70,,45768,11,0,7,1,30,,45798,11,0,35,1,70,,45769,11,0,7,1,30,,45785,11,0,23 26,1,70,,45770,11,0,7,1,30,,45786,11,0,23 26,1,70,,45771,11,0,7,1,30,,45799,11,0,35,1,70,,45772,11,0,7,1,30,,45787,11,0,23 26,1,70,,45773,11,0,7,1,30,,45788,11,0,23 26,1,70,,45774,11,0,7,1,30,,45800,11,0,35,1,70,,45775,11,0,7,1,30,,45793,11,0,27,1,70,,45794,11,0,27,1,30,,45784,11,0,7,1,70,,45776,11,0,7,1,30,,45789,11,0,23 26,1,70,,45777,11,0,7,1,30,,45790,11,0,23 26,1,70,,45778,11,0,7,1,30,,45791,11,0,23 26,1,70,,45779,11,0,7,1,30,,45801,11,0,35,1,70,,45780,11,0,7,1,30,,45802,11,0,35,1,100,,45792,11,0,23 26,1
300,'20260904',653,,45821,11,0,7,1,70,,45806,11,0,7,1,30,,45822,11,0,7,1,70,,45807,11,0,7,1,30,,45823,11,0,7,1,70,,45808,11,0,7,1,30,,45838,11,0,35,1,70,,45809,11,0,7,1,30,,45825,11,0,23 26,1,70,,45810,11,0,7,1,30,,45826,11,0,23 26,1,70,,45811,11,0,7,1,30,,45839,11,0,35,1,70,,45812,11,0,7,1,30,,45827,11,0,23 26,1,70,,45813,11,0,7,1,30,,45828,11,0,23 26,1,70,,45814,11,0,7,1,30,,45840,11,0,35,1,70,,45815,11,0,7,1,30,,45833,11,0,27,1,70,,45834,11,0,27,1,30,,45824,11,0,7,1,70,,45816,11,0,7,1,30,,45829,11,0,23 26,1,70,,45817,11,0,7,1,30,,45830,11,0,23 26,1,70,,45818,11,0,7,1,30,,45831,11,0,23 26,1,70,,45819,11,0,7,1,30,,45841,11,0,35,1,70,,45820,11,0,7,1,30,,45842,11,0,35,1,100,,45832,11,0,23 26,1
301,'20260819',615,,48238,19,,,1,30,,48240,32,,,1,70,,48227,8,,,1,30,,48211,8,,,1,70,,48228,8,,,1,30,,48212,8,,,1,70,,48229,8,,,1,30,,48213,8,,,1,70,,48230,8,,,1,30,,48214,8,,,1,70,,48232,14,,,1,30,,48215,8,,,1,70,,48233,14,,,1,30,,48216,8,,,1,70,,48244,32,,,1,30,,48217,8,,,1,70,,48234,14,,,1,30,,48218,8,,,1,70,,48235,14,,,1,30,,48219,8,,,1,70,,48245,32,,,1,30,,48220,8,,,1,100,,48221,8,,,1,100,,48222,8,,,1,70,,48231,8,,,1,100,,48236,14,,,1,30,,48223,8,,,1,70,,48237,14,,,1,30,,48224,8,,,1,70,,48246,32,,,1,30,,48225,8,,,1,100,,48226,8,,,1
301,'20260820',615,,48278,19,,,1,30,,48280,32,,,1,70,,48267,8,,,1,30,,48251,8,,,1,70,,48268,8,,,1,30,,48252,8,,,1,70,,48269,8,,,1,30,,48253,8,,,1,70,,48270,8,,,1,30,,48254,8,,,1,70,,48272,14,,,1,30,,48255,8,,,1,70,,48273,14,,,1,30,,48256,8,,,1,70,,48284,32,,,1,30,,48257,8,,,1,70,,48274,14,,,1,30,,48258,8,,,1,70,,48275,14,,,1,30,,48259,8,,,1,70,,48285,32,,,1,30,,48260,8,,,1,100,,48261,8,,,1,100,,48262,8,,,1,70,,48271,8,,,1,100,,48276,14,,,1,30,,48263,8,,,1,70,,48277,14,,,1,30,,48264,8,,,1,70,,48286,32,,,1,30,,48265,8,,,1,100,,48266,8,,,1
301,'20260821',615,,48318,19,,,1,30,,48320,32,,,1,70,,48307,8,,,1,30,,48291,8,,,1,70,,48308,8,,,1,30,,48292,8,,,1,70,,48309,8,,,1,30,,48293,8,,,1,70,,48310,8,,,1,30,,48294,8,,,1,70,,48312,14,,,1,30,,48295,8,,,1,70,,48313,14,,,1,30,,48296,8,,,1,70,,48324,32,,,1,30,,48297,8,,,1,70,,48314,14,,,1,30,,48298,8,,,1,70,,48315,14,,,1,30,,48299,8,,,1,70,,48325,32,,,1,30,,48300,8,,,1,100,,48301,8,,,1,100,,48302,8,,,1,70,,48311,8,,,1,100,,48316,14,,,1,30,,48303,8,,,1,70,,48317,14,,,1,30,,48304,8,,,1,70,,48326,32,,,1,30,,48305,8,,,1,100,,48306,8,,,1
301,'20260822',815,,48340,14,,,1,100,,48354,32,,,1,100,,48341,14,,,1,100,,48342,14,,,1,100,,48343,14,,,1,100,,48344,14,,,1,100,,48345,14,,,1,30,,48331,8,,,1,70,,48346,14,,,1,30,,48332,8,,,1,70,,48347,14,,,1,30,,48333,8,,,1,70,,48355,32,,,1,30,,48334,8,,,1,70,,48348,14,,,1,30,,48335,8,,,1,70,,48349,14,,,1,30,,48336,8,,,1,70,,48350,14,,,1,30,,48337,8,,,1,70,,48351,14,,,1,30,,48338,8,,,1,70,,48352,14,,,1,30,,48339,8,,,1,70,,48353,14,,,1
301,'20260823',815,,48365,14,,,1,100,,48379,32,,,1,100,,48366,14,,,1,100,,48367,14,,,1,100,,48368,14,,,1,100,,48369,14,,,1,100,,48370,14,,,1,30,,48356,8,,,1,70,,48371,14,,,1,30,,48357,8,,,1,70,,48372,14,,,1,30,,48358,8,,,1,70,,48380,32,,,1,30,,48359,8,,,1,70,,48373,14,,,1,30,,48360,8,,,1,70,,48374,14,,,1,30,,48361,8,,,1,70,,48375,14,,,1,30,,48362,8,,,1,70,,48376,14,,,1,30,,48363,8,,,1,70,,48377,14,,,1,30,,48364,8,,,1,70,,48378,14,,,1
301,'20260824',615,,65082,19,,,1,30,,65084,32,,,1,70,,65071,8,,,1,30,,65063,8,,,1,70,,65072,8,,,1,30,,65064,8,,,1,70,,65073,8,,,1,30,,65065,8,,,1,70,,65074,8,,,1,30,,65066,8,,,1,70,,65076,14,,,1,30,,65067,8,,,1,70,,65077,14,,,1,30,,65068,8,,,1,70,,65088,32,,,1,30,,65069,8,,,1,70,,65078,14,,,1,30,,48388,8,,,1,70,,65079,14,,,1,30,,48389,8,,,1,70,,65089,32,,,1,30,,48390,8,,,1,100,,48391,8,,,1,100,,48392,8,,,1,70,,65075,8,,,1,100,,65080,14,,,1,30,,48393,8,,,1,70,,65081,14,,,1,30,,48394,8,,,1,70,,65090,32,,,1,30,,48395,8,,,1,100,,65070,8,,,1
301,'20260825',615,,48448,19,,,1,30,,48450,32,,,1,70,,48437,8,,,1,30,,48421,8,,,1,70,,48438,8,,,1,30,,48422,8,,,1,70,,48439,8,,,1,30,,48423,8,,,1,70,,48440,8,,,1,30,,48424,8,,,1,70,,48442,14,,,1,30,,48425,8,,,1,70,,48443,14,,,1,30,,48426,8,,,1,70,,48454,32,,,1,30,,48427,8,,,1,70,,48444,14,,,1,30,,48428,8,,,1,70,,48445,14,,,1,30,,48429,8,,,1,70,,48455,32,,,1,30,,48430,8,,,1,100,,48431,8,,,1,100,,48432,8,,,1,70,,48441,8,,,1,100,,48446,14,,,1,30,,48433,8,,,1,70,,48447,14,,,1,30,,48434,8,,,1,70,,48456,32,,,1,30,,48435,8,,,1,100,,48436,8,,,1
301,'20260826',615,,48488,19,,,1,30,,48490,32,,,1,70,,48477,8,,,1,30,,48461,8,,,1,70,,48478,8,,,1,30,,48462,8,,,1,70,,48479,8,,,1,30,,48463,8,,,1,70,,48480,8,,,1,30,,48464,8,,,1,70,,48482,14,,,1,30,,48465,8,,,1,70,,48483,14,,,1,30,,48466,8,,,1,70,,48494,32,,,1,30,,48467,8,,,1,70,,48484,14,,,1,30,,48468,8,,,1,70,,48485,14,,,1,30,,48469,8,,,1,70,,48495,32,,,1,30,,48470,8,,,1,100,,48471,8,,,1,100,,48472,8,,,1,70,,48481,8,,,1,100,,48486,14,,,1,30,,48473,8,,,1,70,,48487,14,,,1,30,,48474,8,,,1,70,,48496,32,,,1,30,,48475,8,,,1,100,,48476,8,,,1
301,'20260827',615,,48528,19,,,1,30,,48530,32,,,1,70,,48517,8,,,1,30,,48501,8,,,1,70,,48518,8,,,1,30,,48502,8,,,1,70,,48519,8,,,1,30,,48503,8,,,1,70,,48520,8,,,1,30,,48504,8,,,1,70,,48522,14,,,1,30,,48505,8,,,1,70,,48523,14,,,1,30,,48506,8,,,1,70,,48534,32,,,1,30,,48507,8,,,1,70,,48524,14,,,1,30,,48508,8,,,1,70,,48525,14,,,1,30,,48509,8,,,1,70,,48535,32,,,1,30,,48510,8,,,1,100,,48511,8,,,1,100,,48512,8,,,1,70,,48521,8,,,1,100,,48526,14,,,1,30,,48513,8,,,1,70,,48527,14,,,1,30,,48514,8,,,1,70,,48536,32,,,1,30,,48515,8,,,1,100,,48516,8,,,1
301,'20260828',615,,48568,19,,,1,30,,48570,32,,,1,70,,48557,8,,,1,30,,48541,8,,,1,70,,48558,8,,,1,30,,48542,8,,,1,70,,48559,8,,,1,30,,48543,8,,,1,70,,48560,8,,,1,30,,48544,8,,,1,70,,48562,14,,,1,30,,48545,8,,,1,70,,48563,14,,,1,30,,48546,8,,,1,70,,48574,32,,,1,30,,48547,8,,,1,70,,48564,14,,,1,30,,48548,8,,,1,70,,48565,14,,,1,30,,48549,8,,,1,70,,48575,32,,,1,30,,48550,8,,,1,100,,48551,8,,,1,100,,48552,8,,,1,70,,48561,8,,,1,100,,48566,14,,,1,30,,48553,8,,,1,70,,48567,14,,,1,30,,48554,8,,,1,70,,48576,32,,,1,30,,48555,8,,,1,100,,48556,8,,,1
301,'20260829',815,,48590,14,,,1,100,,48604,32,,,1,100,,48591,14,,,1,100,,48592,14,,,1,100,,48593,14,,,1,100,,48594,14,,,1,100,,48595,14,,,1,30,,48581,8,,,1,70,,48596,14,,,1,30,,48582,8,,,1,70,,48597,14,,,1,30,,48583,8,,,1,70,,48605,32,,,1,30,,48584,8,,,1,70,,48598,14,,,1,30,,48585,8,,,1,70,,48599,14,,,1,30,,48586,8,,,1,70,,48600,14,,,1,30,,48587,8,,,1,70,,48601,14,,,1,30,,48588,8,,,1,70,,48602,14,,,1,30,,48589,8,,,1,70,,48603,14,,,1
301,'20260830',815,,48615,14,,,1,100,,48629,32,,,1,100,,48616,14,,,1,100,,48617,14,,,1,100,,48618,14,,,1,100,,48619,14,,,1,100,,48620,14,,,1,30,,48606,8,,,1,70,,48621,14,,,1,30,,48607,8,,,1,70,,48622,14,,,1,30,,48608,8,,,1,70,,48630,32,,,1,30,,48609,8,,,1,70,,48623,14,,,1,30,,48610,8,,,1,70,,48624,14,,,1,30,,48611,8,,,1,70,,48625,14,,,1,30,,48612,8,,,1,70,,48626,14,,,1,30,,48613,8,,,1,70,,48627,14,,,1,30,,48614,8,,,1,70,,48628,14,,,1
301,'20260831',615,,65114,19,,,1,30,,65116,32,,,1,70,,65103,8,,,1,30,,65095,8,,,1,70,,65104,8,,,1,30,,65096,8,,,1,70,,65105,8,,,1,30,,65097,8,,,1,70,,65106,8,,,1,30,,65098,8,,,1,70,,65108,14,,,1,30,,65099,8,,,1,70,,65109,14,,,1,30,,65100,8,,,1,70,,65120,32,,,1,30,,65101,8,,,1,70,,65110,14,,,1,30,,48638,8,,,1,70,,65111,14,,,1,30,,48639,8,,,1,70,,65121,32,,,1,30,,48640,8,,,1,100,,48641,8,,,1,100,,48642,8,,,1,70,,65107,8,,,1,100,,65112,14,,,1,30,,48643,8,,,1,70,,65113,14,,,1,30,,48644,8,,,1,70,,65122,32,,,1,30,,48645,8,,,1,100,,65102,8,,,1
301,'20260901',615,,48698,19,,,1,30,,48700,32,,,1,70,,48687,8,,,1,30,,48671,8,,,1,70,,48688,8,,,1,30,,48672,8,,,1,70,,48689,8,,,1,30,,48673,8,,,1,70,,48690,8,,,1,30,,48674,8,,,1,70,,48692,14,,,1,30,,48675,8,,,1,70,,48693,14,,,1,30,,48676,8,,,1,70,,48704,32,,,1,30,,48677,8,,,1,70,,48694,14,,,1,30,,48678,8,,,1,70,,48695,14,,,1,30,,48679,8,,,1,70,,48705,32,,,1,30,,48680,8,,,1,100,,48681,8,,,1,100,,48682,8,,,1,70,,48691,8,,,1,100,,48696,14,,,1,30,,48683,8,,,1,70,,48697,14,,,1,30,,48684,8,,,1,70,,48706,32,,,1,30,,48685,8,,,1,100,,48686,8,,,1
301,'20260902',615,,48738,19,,,1,30,,48740,32,,,1,70,,48727,8,,,1,30,,48711,8,,,1,70,,48728,8,,,1,30,,48712,8,,,1,70,,48729,8,,,1,30,,48713,8,,,1,70,,48730,8,,,1,30,,48714,8,,,1,70,,48732,14,,,1,30,,48715,8,,,1,70,,48733,14,,,1,30,,48716,8,,,1,70,,48744,32,,,1,30,,48717,8,,,1,70,,48734,14,,,1,30,,48718,8,,,1,70,,48735,14,,,1,30,,48719,8,,,1,70,,48745,32,,,1,30,,48720,8,,,1,100,,48721,8,,,1,100,,48722,8,,,1,70,,48731,8,,,1,100,,48736,14,,,1,30,,48723,8,,,1,70,,48737,14,,,1,30,,48724,8,,,1,70,,48746,32,,,1,30,,48725,8,,,1,100,,48726,8,,,1
301,'20260903',615,,48778,19,,,1,30,,48780,32,,,1,70,,48767,8,,,1,30,,48751,8,,,1,70,,48768,8,,,1,30,,48752,8,,,1,70,,48769,8,,,1,30,,48753,8,,,1,70,,48770,8,,,1,30,,48754,8,,,1,70,,48772,14,,,1,30,,48755,8,,,1,70,,48773,14,,,1,30,,48756,8,,,1,70,,48784,32,,,1,30,,48757,8,,,1,70,,48774,14,,,1,30,,48758,8,,,1,70,,48775,14,,,1,30,,48759,8,,,1,70,,48785,32,,,1,30,,48760,8,,,1,100,,48761,8,,,1,100,,48762,8,,,1,70,,48771,8,,,1,100,,48776,14,,,1,30,,48763,8,,,1,70,,48777,14,,,1,30,,48764,8,,,1,70,,48786,32,,,1,30,,48765,8,,,1,100,,48766,8,,,1
301,'20260904',615,,48818,19,,,1,30,,48820,32,,,1,70,,48807,8,,,1,30,,48791,8,,,1,70,,48808,8,,,1,30,,48792,8,,,1,70,,48809,8,,,1,30,,48793,8,,,1,70,,48810,8,,,1,30,,48794,8,,,1,70,,48812,14,,,1,30,,48795,8,,,1,70,,48813,14,,,1,30,,48796,8,,,1,70,,48824,32,,,1,30,,48797,8,,,1,70,,48814,14,,,1,30,,48798,8,,,1,70,,48815,14,,,1,30,,48799,8,,,1,70,,48825,32,,,1,30,,48800,8,,,1,100,,48801,8,,,1,100,,48802,8,,,1,70,,48811,8,,,1,100,,48816,14,,,1,30,,48803,8,,,1,70,,48817,14,,,1,30,,48804,8,,,1,70,,48826,32,,,1,30,,48805,8,,,1,100,,48806,8,,,1
