200,'20260821',1626,,42160,28,,,1,30,,42161,28,,,1,55,,42162,28,,,1,15,,42163,28,,,1,15,,42164,28,,,1,15,,42165,28,,,1,55,,42166,28,,,1,30,,42167,28,,,1,70,,42168,28,,,1,45,,42169,28,,,1
200,'20260824',1626,,64815,28,,,1,30,,64816,28,,,1,55,,64817,28,,,1,15,,64818,28,,,1,15,,64819,28,,,1,15,,64820,28,,,1,55,,64821,28,,,1,30,,64822,28,,,1,70,,64823,28,,,1,45,,64824,28,,,1
200,'20260825',1626,,42180,28,,,1,30,,42181,28,,,1,55,,42182,28,,,1,15,,42183,28,,,1,15,,42184,28,,,1,15,,42185,28,,,1,55,,42186,28,,,1,30,,42187,28,,,1,70,,42188,28,,,1,45,,42189,28,,,1
200,'20260826',1626,,42190,28,,,1,30,,42191,28,,,1,55,,42192,28,,,1,15,,42193,28,,,1,15,,42194,28,,,1,15,,42195,28,,,1,55,,42196,28,,,1,30,,42197,28,,,1,70,,42198,28,,,1,45,,42199,28,,,1
200,'20260827',1626,,42200,28,,,1,30,,42201,28,,,1,55,,42202,28,,,1,15,,42203,28,,,1,15,,42204,28,,,1,15,,42205,28,,,1,55,,42206,28,,,1,30,,42207,28,,,1,70,,42208,28,,,1,45,,42209,28,,,1
200,'20260828',1626,,42210,28,,,1,30,,42211,28,,,1,55,,42212,28,,,1,15,,42213,28,,,1,15,,42214,28,,,1,15,,42215,28,,,1,55,,42216,28,,,1,30,,42217,28,,,1,70,,42218,28,,,1,45,,42219,28,,,1
200,'20260831',1626,,64825,28,,,1,30,,64826,28,,,1,55,,64827,28,,,1,15,,64828,28,,,1,15,,64829,28,,,1,15,,64830,28,,,1,55,,64831,28,,,1,30,,64832,28,,,1,70,,64833,28,,,1,45,,64834,28,,,1
200,'20260901',1626,,42230,28,,,1,30,,42231,28,,,1,55,,42232,28,,,1,15,,42233,28,,,1,15,,42234,28,,,1,15,,42235,28,,,1,55,,42236,28,,,1,30,,42237,28,,,1,70,,42238,28,,,1,45,,42239,28,,,1
200,'20260902',1626,,42240,28,,,1,30,,42241,28,,,1,55,,42242,28,,,1,15,,42243,28,,,1,15,,42244,28,,,1,15,,42245,28,,,1,55,,42246,28,,,1,30,,42247,28,,,1,70,,42248,28,,,1,45,,42249,28,,,1
200,'20260903',1626,,42250,28,,,1,30,,42251,28,,,1,55,,42252,28,,,1,15,,42253,28,,,1,15,,42254,28,,,1,15,,42255,28,,,1,55,,42256,28,,,1,30,,42257,28,,,1,70,,42258,28,,,1,45,,42259,28,,,1
200,'20260904',1626,,42260,28,,,1,30,,42261,28,,,1,55,,42262,28,,,1,15,,42263,28,,,1,15,,42264,28,,,1,15,,42265,28,,,1,55,,42266,28,,,1,30,,42267,28,,,1,70,,42268,28,,,1,45,,42269,28,,,1
201,'20260821',613,,42750,8,,,1,30,,42751,8,,,1,15,,42752,8,,,1,55,,42753,8,,,1,15,,42754,8,,,1,15,,42755,8,,,1,15,,42756,8,,,1,55,,42757,8,,,1,15,,42758,8,,,1,15,,42759,8,,,1
201,'20260824',613,,64855,8,,,1,30,,64856,8,,,1,15,,64857,8,,,1,55,,64858,8,,,1,15,,64859,8,,,1,15,,64860,8,,,1,15,,64861,8,,,1,55,,64862,8,,,1,15,,64863,8,,,1,15,,64864,8,,,1
201,'20260825',613,,42770,8,,,1,30,,42771,8,,,1,15,,42772,8,,,1,55,,42773,8,,,1,15,,42774,8,,,1,15,,42775,8,,,1,15,,42776,8,,,1,55,,42777,8,,,1,15,,42778,8,,,1,15,,42779,8,,,1
201,'20260826',613,,42780,8,,,1,30,,42781,8,,,1,15,,42782,8,,,1,55,,42783,8,,,1,15,,42784,8,,,1,15,,42785,8,,,1,15,,42786,8,,,1,55,,42787,8,,,1,15,,42788,8,,,1,15,,42789,8,,,1
201,'20260827',613,,42790,8,,,1,30,,42791,8,,,1,15,,42792,8,,,1,55,,42793,8,,,1,15,,42794,8,,,1,15,,42795,8,,,1,15,,42796,8,,,1,55,,42797,8,,,1,15,,42798,8,,,1,15,,42799,8,,,1
201,'20260828',613,,42800,8,,,1,30,,42801,8,,,1,15,,42802,8,,,1,55,,42803,8,,,1,15,,42804,8,,,1,15,,42805,8,,,1,15,,42806,8,,,1,55,,42807,8,,,1,15,,42808,8,,,1,15,,42809,8,,,1
201,'20260831',613,,64865,8,,,1,30,,64866,8,,,1,15,,64867,8,,,1,55,,64868,8,,,1,15,,64869,8,,,1,15,,64870,8,,,1,15,,64871,8,,,1,55,,64872,8,,,1,15,,64873,8,,,1,15,,64874,8,,,1
201,'20260901',613,,42820,8,,,1,30,,42821,8,,,1,15,,42822,8,,,1,55,,42823,8,,,1,15,,42824,8,,,1,15,,42825,8,,,1,15,,42826,8,,,1,55,,42827,8,,,1,15,,42828,8,,,1,15,,42829,8,,,1
201,'20260902',613,,42830,8,,,1,30,,42831,8,,,1,15,,42832,8,,,1,55,,42833,8,,,1,15,,42834,8,,,1,15,,42835,8,,,1,15,,42836,8,,,1,55,,42837,8,,,1,15,,42838,8,,,1,15,,42839,8,,,1
201,'20260903',613,,42840,8,,,1,30,,42841,8,,,1,15,,42842,8,,,1,55,,42843,8,,,1,15,,42844,8,,,1,15,,42845,8,,,1,15,,42846,8,,,1,55,,42847,8,,,1,15,,42848,8,,,1,15,,42849,8,,,1
201,'20260904',613,,42850,8,,,1,30,,42851,8,,,1,15,,42852,8,,,1,55,,42853,8,,,1,15,,42854,8,,,1,15,,42855,8,,,1,15,,42856,8,,,1,55,,42857,8,,,1,15,,42858,8,,,1,15,,42859,8,,,1
