1,100,'20260821',36105,36106,36107,36108,36109,36110,36111,36112,36113,36114,36115,36116,36117,36118,36119,36120,36121,36122,36123,36124,36125,36126,36127,36128,36129,36130,36131,36132,36133,36134,36135,36136,36137,36138,36139,36140,36141,36142,36143,36144,36145,36146,36147,36148,36149,36150,36151,36152,36153,65430,65431
1,100,'20260822',36155,36156,36157,36158,36159,36160,36161,36162,36163,36164,36165,36166,36167,36168,36169,36170,36171,36172,36173,36174,36175,36176,36177,36178,36179,36180,36181,36182,36183,36184,36185,36186,36187,36188,36189,36190,36191,36192,36193,36194,36195,36196,36197,36198,36199,36200,36201,36202,36203,36204,36205,36206,36207,65432,65433,65434
1,100,'20260823',36208,36209,36210,36211,36212,36213,36214,36215,36216,36217,36218,36219,36220,36221,36222,36223,36224,36225,36226,36227,36228,36229,36230,36231,36232,36233,36234,36235,36236,36237,36238,36239,36240,36241,36242,36243,36244,36245,36246,36247,36248,36249,36250,36251,36252,36253,36255,36256,36257,36258,36259,36260,65435,65436,65437
1,100,'20260824',64673,64674,64675,36264,36265,36266,36267,36268,36269,36270,36271,36272,36273,36274,36275,64676,64677,36278,36279,64678,36281,36282,36283,64679,64680,36286,36287,36288,36289,36290,64681,36292,36293,64682,36295,36296,36297,64683,64684,64685,64686,64687,64688,64689,64690,36306,36307,65438,65439,65440
1,100,'20260825',36309,36310,36311,36312,36313,36314,36315,36316,36317,36318,36319,36320,36321,36322,36323,36324,36325,36326,36327,36328,36329,36330,36331,36332,36333,36334,36335,36336,36337,36338,36339,36340,36341,36342,36343,36344,36345,36346,36347,36348,36349,36350,36351,36352,36353,36354,36355,65441,65442,65443
1,100,'20260826',36357,36358,36359,36360,36361,36362,36363,36364,36365,36366,36367,36368,36369,36370,36371,36372,36373,36374,36375,36376,36377,36378,36379,36380,36381,36382,36383,36384,36385,36386,36387,36388,36389,36390,36391,36392,36393,36394,36395,36396,36397,36398,36399,36400,36401,36402,36403,65444,65445,65446
1,100,'20260827',36405,36406,36407,36408,36409,36410,36411,36412,36413,36414,36415,36416,36417,36418,36419,36420,36421,36422,36423,36424,36425,36426,36427,36428,36429,36430,36431,36432,36433,36434,36435,36436,36437,36438,36439,36440,36441,36442,36443,36444,36445,36446,36447,36448,36449,36450,36451,65447,65448,65449
1,100,'20260828',36453,36454,36455,36456,36457,36458,36459,36460,36461,36462,36463,36464,36465,36466,36467,36468,36469,36470,36471,36472,36473,36474,36475,36476,36477,36478,36479,36480,36481,36482,36483,36484,36485,36486,36487,36488,36489,36490,36491,36492,36493,36494,36495,36496,36497,36498,36499,36500,36501,65450,65451
1,100,'20260829',36503,36504,36505,36506,36507,36508,36509,36510,36511,36512,36513,36514,36515,36516,36517,36518,36519,36520,36521,36522,36523,36524,36525,36526,36527,36528,36529,36530,36531,36532,36533,36534,36535,36536,36537,36538,36539,36540,36541,36542,36543,36544,36545,36546,36547,36548,36549,36550,36551,36552,36553,36554,36555,65452,65453,65454
1,100,'20260830',36556,36557,36558,36559,36560,36561,36562,36563,36564,36565,36566,36567,36568,36569,36570,36571,36572,36573,36574,36575,36576,36577,36578,36579,36580,36581,36582,36583,36584,36585,36586,36587,36588,36589,36590,36591,36592,36593,36594,36595,36596,36597,36598,36599,36600,36601,36603,36604,36605,36606,36607,36608,65455,65456,65457
1,100,'20260831',64692,64693,64694,36612,36613,36614,36615,36616,36617,36618,36619,36620,36621,36622,36623,64695,64696,36626,36627,64697,36629,36630,36631,64698,64699,36634,36635,36636,36637,36638,64700,36640,36641,64701,36643,36644,36645,64702,64703,64704,64705,64706,64707,64708,64709,36654,36655,65458,65459,65460
1,100,'20260901',36657,36658,36659,36660,36661,36662,36663,36664,36665,36666,36667,36668,36669,36670,36671,36672,36673,36674,36675,36676,36677,36678,36679,36680,36681,36682,36683,36684,36685,36686,36687,36688,36689,36690,36691,36692,36693,36694,36695,36696,36697,36698,36699,36700,36701,36702,36703,65461,65462,65463
1,100,'20260902',36705,36706,36707,36708,36709,36710,36711,36712,36713,36714,36715,36716,36717,36718,36719,36720,36721,36722,36723,36724,36725,36726,36727,36728,36729,36730,36731,36732,36733,36734,36735,36736,36737,36738,36739,36740,36741,36742,36743,36744,36745,36746,36747,36748,36749,36750,36751,65464,65465,65466
1,100,'20260903',36753,36754,36755,36756,36757,36758,36759,36760,36761,36762,36763,36764,36765,36766,36767,36768,36769,36770,36771,36772,36773,36774,36775,36776,36777,36778,36779,36780,36781,36782,36783,36784,36785,36786,36787,36788,36789,36790,36791,36792,36793,36794,36795,36796,36797,36798,36799,65467,65468,65469
1,100,'20260904',36801,36802,36803,36804,36805,36806,36807,36808,36809,36810,36811,36812,36813,36814,36815,36816,36817,36818,36819,36820,36821,36822,36823,36824,36825,36826,36827,36828,36829,36830,36831,36832,36833,36834,36835,36836,36837,36838,36839,36840,36841,36842,36843,36844,36845,36846,36847,36848,36849,65470,65471
1,101,'20260821',40930,40931,40932,40933,40934,40935,40936,40937,40938,40939,40940,40941,40942,40943,40944,40945,40946,40947,40948,40949,40950,40951,40952,40953,40954,40955,40956,40957,40958,40959,40960,40961,40962,40963,40964,40965,40966,40967,40968,40969,40970,40971,40972,40973,40974,40975,40976,40977,40978,40979,65492,65493,65494,65495,65496,65497,65498
1,101,'20260822',40980,40981,40982,40983,40984,40985,40986,40987,40988,40989,40990,40991,40992,40993,40994,40995,40996,40997,40998,40999,41000,41001,41002,41003,41004,41005,41006,41007,41008,41009,41010,41011,41012,41013,41014,41015,41016,41017,41018,41019,41020,41021,41022,41023,41024,41025,41026,41027,41028,41029,41030,41031,41032,41033,65499
1,101,'20260823',41034,41035,41036,41037,41038,41039,41040,41041,41042,41043,41044,41045,41046,41047,41048,41049,41050,41051,41052,41053,41054,41055,41056,41057,41058,41059,41060,41061,41062,41063,41064,41065,41066,41067,41068,41069,41070,41071,41072,41073,41074,41075,41076,41077,41079,41080,41081,41082,41083,41084,41085,41086,41087,65500
1,101,'20260824',64753,64754,41090,41091,41092,41093,41094,41095,41096,41097,41098,41099,41100,41101,41102,41103,41104,64755,64756,64757,64758,64759,64760,64761,64762,64763,64764,41115,41116,41117,41118,41119,41120,41121,41122,41123,41124,65501,41125,41126,64765,64766,64767,64768,64769,64770,64771,64772,64773,65502,65503,65504,65505,65506,65507,65508
1,101,'20260825',41136,41137,41138,41139,41140,41141,41142,41143,41144,41145,41146,41147,41148,41149,41150,41151,41152,41153,41154,41155,41156,41157,41158,41159,41160,41161,41162,41163,41164,41165,41166,41167,41168,41169,41170,41171,41172,65509,41173,41174,41175,41176,41177,41178,41179,41180,41181,41182,41183,65510,65511,65512,65513,65514,65515,65516
1,101,'20260826',41184,41185,41186,41187,41188,41189,41190,41191,41192,41193,41194,41195,41196,41197,41198,41199,41200,41201,41202,41203,41204,41205,41206,41207,41208,41209,41210,41211,41212,41213,41214,41215,41216,41217,41218,41219,41220,65517,41221,41222,41223,41224,41225,41226,41227,41228,41229,41230,41231,65518,65519,65520,65521,65522,65523,65524
1,101,'20260827',41232,41233,41234,41235,41236,41237,41238,41239,41240,41241,41242,41243,41244,41245,41246,41247,41248,41249,41250,41251,41252,41253,41254,41255,41256,41257,41258,41259,41260,41261,41262,41263,41264,41265,41266,41267,41268,65525,41269,41270,41271,41272,41273,41274,41275,41276,41277,41278,41279,65526,65527,65528,65529,65530,65531,65532
1,101,'20260828',41280,41281,41282,41283,41284,41285,41286,41287,41288,41289,41290,41291,41292,41293,41294,41295,41296,41297,41298,41299,41300,41301,41302,41303,41304,41305,41306,41307,41308,41309,41310,41311,41312,41313,41314,41315,41316,41317,41318,41319,41320,41321,41322,41323,41324,41325,41326,41327,41328,41329,65533,65534,65535,65536,65537,65538,65539
1,101,'20260829',41330,41331,41332,41333,41334,41335,41336,41337,41338,41339,41340,41341,41342,41343,41344,41345,41346,41347,41348,41349,41350,41351,41352,41353,41354,41355,41356,41357,41358,41359,41360,41361,41362,41363,41364,41365,41366,41367,41368,41369,41370,41371,41372,41373,41374,41375,41376,41377,41378,41379,41380,41381,41382,41383,65540
1,101,'20260830',41384,41385,41386,41387,41388,41389,41390,41391,41392,41393,41394,41395,41396,41397,41398,41399,41400,41401,41402,41403,41404,41405,41406,41407,41408,41409,41410,41411,41412,41413,41414,41415,41416,41417,41418,41419,41420,41421,41422,41423,41424,41425,41426,41427,41429,41430,41431,41432,41433,41434,41435,41436,41437,65541
1,101,'20260831',64774,64775,41440,41441,41442,41443,41444,41445,41446,41447,41448,41449,41450,41451,41452,41453,41454,64776,64777,64778,64779,64780,64781,64782,64783,64784,64785,41465,41466,41467,41468,41469,41470,41471,41472,41473,41474,65542,41475,41476,64786,64787,64788,64789,64790,64791,64792,64793,64794,65543,65544,65545,65546,65547,65548,65549
1,101,'20260901',41486,41487,41488,41489,41490,41491,41492,41493,41494,41495,41496,41497,41498,41499,41500,41501,41502,41503,41504,41505,41506,41507,41508,41509,41510,41511,41512,41513,41514,41515,41516,41517,41518,41519,41520,41521,41522,65550,41523,41524,41525,41526,41527,41528,41529,41530,41531,41532,41533,65551,65552,65553,65554,65555,65556,65557
1,101,'20260902',41534,41535,41536,41537,41538,41539,41540,41541,41542,41543,41544,41545,41546,41547,41548,41549,41550,41551,41552,41553,41554,41555,41556,41557,41558,41559,41560,41561,41562,41563,41564,41565,41566,41567,41568,41569,41570,65558,41571,41572,41573,41574,41575,41576,41577,41578,41579,41580,41581,65559,65560,65561,65562,65563,65564,65565
1,101,'20260903',41582,41583,41584,41585,41586,41587,41588,41589,41590,41591,41592,41593,41594,41595,41596,41597,41598,41599,41600,41601,41602,41603,41604,41605,41606,41607,41608,41609,41610,41611,41612,41613,41614,41615,41616,41617,41618,65566,41619,41620,41621,41622,41623,41624,41625,41626,41627,41628,41629,65567,65568,65569,65570,65571,65572,65573
1,101,'20260904',41630,41631,41632,41633,41634,41635,41636,41637,41638,41639,41640,41641,41642,41643,41644,41645,41646,41647,41648,41649,41650,41651,41652,41653,41654,41655,41656,41657,41658,41659,41660,41661,41662,41663,41664,41665,41666,41667,41668,41669,41670,41671,41672,41673,41674,41675,41676,41677,41678,41679,65574,65575,65576,65577,65578,65579,65580
2,200,'20260821',42160,42161,42162,42163,42164,42165,42166,42167,42168,42169
2,200,'20260824',64815,64816,64817,64818,64819,64820,64821,64822,64823,64824
2,200,'20260825',42180,42181,42182,42183,42184,42185,42186,42187,42188,42189
2,200,'20260826',42190,42191,42192,42193,42194,42195,42196,42197,42198,42199
2,200,'20260827',42200,42201,42202,42203,42204,42205,42206,42207,42208,42209
2,200,'20260828',42210,42211,42212,42213,42214,42215,42216,42217,42218,42219
2,200,'20260831',64825,64826,64827,64828,64829,64830,64831,64832,64833,64834
2,200,'20260901',42230,42231,42232,42233,42234,42235,42236,42237,42238,42239
2,200,'20260902',42240,42241,42242,42243,42244,42245,42246,42247,42248,42249
2,200,'20260903',42250,42251,42252,42253,42254,42255,42256,42257,42258,42259
2,200,'20260904',42260,42261,42262,42263,42264,42265,42266,42267,42268,42269
2,201,'20260821',42750,42751,42752,42753,42754,42755,42756,42757,42758,42759
2,201,'20260824',64855,64856,64857,64858,64859,64860,64861,64862,64863,64864
2,201,'20260825',42770,42771,42772,42773,42774,42775,42776,42777,42778,42779
2,201,'20260826',42780,42781,42782,42783,42784,42785,42786,42787,42788,42789
2,201,'20260827',42790,42791,42792,42793,42794,42795,42796,42797,42798,42799
2,201,'20260828',42800,42801,42802,42803,42804,42805,42806,42807,42808,42809
2,201,'20260831',64865,64866,64867,64868,64869,64870,64871,64872,64873,64874
2,201,'20260901',42820,42821,42822,42823,42824,42825,42826,42827,42828,42829
2,201,'20260902',42830,42831,42832,42833,42834,42835,42836,42837,42838,42839
2,201,'20260903',42840,42841,42842,42843,42844,42845,42846,42847,42848,42849
2,201,'20260904',42850,42851,42852,42853,42854,42855,42856,42857,42858,42859
3,300,'20260821',45306,45307,45308,45309,45310,45311,45312,45313,45314,45315,45316,45317,45318,45319,45320,45321,45322,45323,45324,45325,45326,45327,45328,45329,45330,45331,45332,45333,45334,45335,45336,45337,45338,45339,45340,45341,45342,45343,45345,63814
3,300,'20260822',45346,45347,45348,45349,45350,45351,45352,45353,45354,45355,45356,45357,45358,45359,45360,45361,45362,45363,45364,45365,45366,45367,45368,45369,45370,63815
3,300,'20260823',45371,45372,45373,45374,45375,45376,45377,45378,45379,45380,45381,45382,45383,45384,45385,45386,45387,45388,45389,45390,45391,45392,45393,45394,45395,63816
3,300,'20260824',64937,64938,64939,64940,64941,64942,64943,64944,64945,64946,64947,64948,64949,64950,64951,64952,64953,64954,64955,45415,45416,45417,45418,45419,45420,45421,45422,64956,64957,64958,64959,64960,64961,64962,64963,64964,45432,64965,64966,64967
3,300,'20260825',45436,45437,45438,45439,45440,45441,45442,45443,45444,45445,45446,45447,45448,45449,45450,45451,45452,45453,45454,45455,45456,45457,45458,45459,45460,45461,45462,45463,45464,45465,45466,45467,45468,45469,45470,45471,45472,45473,45475,63818
3,300,'20260826',45476,45477,45478,45479,45480,45481,45482,45483,45484,45485,45486,45487,45488,45489,45490,45491,45492,45493,45494,45495,45496,45497,45498,45499,45500,45501,45502,45503,45504,45505,45506,45507,45508,45509,45510,45511,45512,45513,45515,63819
3,300,'20260827',45516,45517,45518,45519,45520,45521,45522,45523,45524,45525,45526,45527,45528,45529,45530,45531,45532,45533,45534,45535,45536,45537,45538,45539,45540,45541,45542,45543,45544,45545,45546,45547,45548,45549,45550,45551,45552,45553,45555,63820
3,300,'20260828',45556,45557,45558,45559,45560,45561,45562,45563,45564,45565,45566,45567,45568,45569,45570,45571,45572,45573,45574,45575,45576,45577,45578,45579,45580,45581,45582,45583,45584,45585,45586,45587,45588,45589,45590,45591,45592,45593,45595,63821
3,300,'20260829',45596,45597,45598,45599,45600,45601,45602,45603,45604,45605,45606,45607,45608,45609,45610,45611,45612,45613,45614,45615,45616,45617,45618,45619,45620,63822
3,300,'20260830',45621,45622,45623,45624,45625,45626,45627,45628,45629,45630,45631,45632,45633,45634,45635,45636,45637,45638,45639,45640,45641,45642,45643,45644,45645,63823
3,300,'20260831',64968,64969,64970,64971,64972,64973,64974,64975,64976,64977,64978,64979,64980,64981,64982,64983,64984,64985,64986,45665,45666,45667,45668,45669,45670,45671,45672,64987,64988,64989,64990,64991,64992,64993,64994,64995,45682,64996,64997,64998
3,300,'20260901',45686,45687,45688,45689,45690,45691,45692,45693,45694,45695,45696,45697,45698,45699,45700,45701,45702,45703,45704,45705,45706,45707,45708,45709,45710,45711,45712,45713,45714,45715,45716,45717,45718,45719,45720,45721,45722,45723,45725,63825
3,300,'20260902',45726,45727,45728,45729,45730,45731,45732,45733,45734,45735,45736,45737,45738,45739,45740,45741,45742,45743,45744,45745,45746,45747,45748,45749,45750,45751,45752,45753,45754,45755,45756,45757,45758,45759,45760,45761,45762,45763,45765,63826
3,300,'20260903',45766,45767,45768,45769,45770,45771,45772,45773,45774,45775,45776,45777,45778,45779,45780,45781,45782,45783,45784,45785,45786,45787,45788,45789,45790,45791,45792,45793,45794,45795,45796,45797,45798,45799,45800,45801,45802,45803,45805,63827
3,300,'20260904',45806,45807,45808,45809,45810,45811,45812,45813,45814,45815,45816,45817,45818,45819,45820,45821,45822,45823,45824,45825,45826,45827,45828,45829,45830,45831,45832,45833,45834,45835,45836,45837,45838,45839,45840,45841,45842,45843,45845,63828
3,301,'20260821',48291,48292,48293,48294,48295,48296,48297,48298,48299,48300,48301,48302,48303,48304,48305,48306,48307,48308,48309,48310,48311,48312,48313,48314,48315,48316,48317,48318,48319,48320,48321,48322,48323,48324,48325,48326,48327,48329,48330,63875
3,301,'20260822',48331,48332,48333,48334,48335,48336,48337,48338,48339,48340,48341,48342,48343,48344,48345,48346,48347,48348,48349,48350,48351,48352,48353,48354,48355,63876
3,301,'20260823',48356,48357,48358,48359,48360,48361,48362,48363,48364,48365,48366,48367,48368,48369,48370,48371,48372,48373,48374,48375,48376,48377,48378,48379,48380,63877
3,301,'20260824',65063,65064,65065,65066,65067,65068,65069,48388,48389,48390,48391,48392,48393,48394,48395,65070,65071,65072,65073,65074,65075,65076,65077,65078,65079,65080,65081,65082,65083,65084,65085,65086,65087,65088,65089,65090,65091,65092,65093,65094
3,301,'20260825',48421,48422,48423,48424,48425,48426,48427,48428,48429,48430,48431,48432,48433,48434,48435,48436,48437,48438,48439,48440,48441,48442,48443,48444,48445,48446,48447,48448,48449,48450,48451,48452,48453,48454,48455,48456,48457,48459,48460,63879
3,301,'20260826',48461,48462,48463,48464,48465,48466,48467,48468,48469,48470,48471,48472,48473,48474,48475,48476,48477,48478,48479,48480,48481,48482,48483,48484,48485,48486,48487,48488,48489,48490,48491,48492,48493,48494,48495,48496,48497,48499,48500,63880
3,301,'20260827',48501,48502,48503,48504,48505,48506,48507,48508,48509,48510,48511,48512,48513,48514,48515,48516,48517,48518,48519,48520,48521,48522,48523,48524,48525,48526,48527,48528,48529,48530,48531,48532,48533,48534,48535,48536,48537,48539,48540,63881
3,301,'20260828',48541,48542,48543,48544,48545,48546,48547,48548,48549,48550,48551,48552,48553,48554,48555,48556,48557,48558,48559,48560,48561,48562,48563,48564,48565,48566,48567,48568,48569,48570,48571,48572,48573,48574,48575,48576,48577,48579,48580,63882
3,301,'20260829',48581,48582,48583,48584,48585,48586,48587,48588,48589,48590,48591,48592,48593,48594,48595,48596,48597,48598,48599,48600,48601,48602,48603,48604,48605,63883
3,301,'20260830',48606,48607,48608,48609,48610,48611,48612,48613,48614,48615,48616,48617,48618,48619,48620,48621,48622,48623,48624,48625,48626,48627,48628,48629,48630,63884
3,301,'20260831',65095,65096,65097,65098,65099,65100,65101,48638,48639,48640,48641,48642,48643,48644,48645,65102,65103,65104,65105,65106,65107,65108,65109,65110,65111,65112,65113,65114,65115,65116,65117,65118,65119,65120,65121,65122,65123,65124,65125,65126
3,301,'20260901',48671,48672,48673,48674,48675,48676,48677,48678,48679,48680,48681,48682,48683,48684,48685,48686,48687,48688,48689,48690,48691,48692,48693,48694,48695,48696,48697,48698,48699,48700,48701,48702,48703,48704,48705,48706,48707,48709,48710,63886
3,301,'20260902',48711,48712,48713,48714,48715,48716,48717,48718,48719,48720,48721,48722,48723,48724,48725,48726,48727,48728,48729,48730,48731,48732,48733,48734,48735,48736,48737,48738,48739,48740,48741,48742,48743,48744,48745,48746,48747,48749,48750,63887
3,301,'20260903',48751,48752,48753,48754,48755,48756,48757,48758,48759,48760,48761,48762,48763,48764,48765,48766,48767,48768,48769,48770,48771,48772,48773,48774,48775,48776,48777,48778,48779,48780,48781,48782,48783,48784,48785,48786,48787,48789,48790,63888
3,301,'20260904',48791,48792,48793,48794,48795,48796,48797,48798,48799,48800,48801,48802,48803,48804,48805,48806,48807,48808,48809,48810,48811,48812,48813,48814,48815,48816,48817,48818,48819,48820,48821,48822,48823,48824,48825,48826,48827,48829,48830,63889
5,500,'20260821',49997,49998,49999,50000,50001,50002,50003,50004,50005,50006,50007,50008,50009,50010,50011,50012,50013
5,500,'20260822',50014,50015,50016,50017,50018,50019,50020,50021,50022,50023,50024,50025,50026,50027,50028
5,500,'20260823',50029,50030,50031,50032,50033,50034,50035,50036,50037,50038,50039,50040,50041,50042,50043
5,500,'20260824',50044,65147,50046,50047,50048,50049,65148,65149,65150,65151,65152,65153,65154,65155,50058,65156,50060
5,500,'20260825',50061,50062,50063,50064,50065,50066,50067,50068,50069,50070,50071,50072,50073,50074,50075,50076,50077
5,500,'20260826',50078,50079,50080,50081,50082,50083,50084,50085,50086,50087,50088,50089,50090,50091,50092,50093,50094
5,500,'20260827',50095,50096,50097,50098,50099,50100,50101,50102,50103,50104,50105,50106,50107,50108,50109,50110,50111
5,500,'20260828',50112,50113,50114,50115,50116,50117,50118,50119,50120,50121,50122,50123,50124,50125,50126,50127,50128
5,500,'20260829',50129,50130,50131,50132,50133,50134,50135,50136,50137,50138,50139,50140,50141,50142,50143
5,500,'20260830',50144,50145,50146,50147,50148,50149,50150,50151,50152,50153,50154,50155,50156,50157,50158
5,500,'20260831',50159,65157,50161,50162,50163,50164,65158,65159,65160,65161,65162,65163,65164,65165,50173,65166,50175
5,500,'20260901',50176,50177,50178,50179,50180,50181,50182,50183,50184,50185,50186,50187,50188,50189,50190,50191,50192
5,500,'20260902',50193,50194,50195,50196,50197,50198,50199,50200,50201,50202,50203,50204,50205,50206,50207,50208,50209
5,500,'20260903',50210,50211,50212,50213,50214,50215,50216,50217,50218,50219,50220,50221,50222,50223,50224,50225,50226
5,500,'20260904',50227,50228,50229,50230,50231,50232,50233,50234,50235,50236,50237,50238,50239,50240,50241,50242,50243
5,501,'20260821',51409,51410,51411,51412,51413,51414,51415,51416,51417,51418,51419,51420,51421,51422,51423,51424,51425
5,501,'20260822',51426,51427,51428,51429,51430,51431,51432,51433,51434,51435,51436,51437,51438,51439,51440
5,501,'20260823',51441,51442,51443,51444,51445,51446,51447,51448,51449,51450,51451,51452,51453,51454,51455
5,501,'20260824',65191,51457,65192,51459,65193,51461,65194,65195,65196,65197,65198,51467,65199,51469,65200,65201,65202
5,501,'20260825',51473,51474,51475,51476,51477,51478,51479,51480,51481,51482,51483,51484,51485,51486,51487,51488,51489
5,501,'20260826',51490,51491,51492,51493,51494,51495,51496,51497,51498,51499,51500,51501,51502,51503,51504,51505,51506
5,501,'20260827',51507,51508,51509,51510,51511,51512,51513,51514,51515,51516,51517,51518,51519,51520,51521,51522,51523
5,501,'20260828',51524,51525,51526,51527,51528,51529,51530,51531,51532,51533,51534,51535,51536,51537,51538,51539,51540
5,501,'20260829',51541,51542,51543,51544,51545,51546,51547,51548,51549,51550,51551,51552,51553,51554,51555
5,501,'20260830',51556,51557,51558,51559,51560,51561,51562,51563,51564,51565,51566,51567,51568,51569,51570
5,501,'20260831',65203,51572,65204,51574,65205,51576,65206,65207,65208,65209,65210,51582,65211,51584,65212,65213,65214
5,501,'20260901',51588,51589,51590,51591,51592,51593,51594,51595,51596,51597,51598,51599,51600,51601,51602,51603,51604
5,501,'20260902',51605,51606,51607,51608,51609,51610,51611,51612,51613,51614,51615,51616,51617,51618,51619,51620,51621
5,501,'20260903',51622,51623,51624,51625,51626,51627,51628,51629,51630,51631,51632,51633,51634,51635,51636,51637,51638
5,501,'20260904',51639,51640,51641,51642,51643,51644,51645,51646,51647,51648,51649,51650,51651,51652,51653,51654,51655
6,600,'20260821',51896,51897,51898,51899,51900
6,600,'20260824',65225,65226,65227,65228,65229
6,600,'20260825',51906,51907,51908,51909,51910
6,600,'20260826',51911,51912,51913,51914,51915
6,600,'20260827',51916,51917,51918,51919,51920
6,600,'20260828',51921,51922,51923,51924,51925
6,600,'20260831',65230,65231,65232,65233,65234
6,600,'20260901',51931,51932,51933,51934,51935
6,600,'20260902',51936,51937,51938,51939,51940
6,600,'20260903',51941,51942,51943,51944,51945
6,600,'20260904',51946,51947,51948,51949,51950
6,601,'20260821',52143,52144,52145,52146
6,601,'20260824',65243,65244,65245,65246
6,601,'20260825',52151,52152,52153,52154
6,601,'20260826',52155,52156,52157,52158
6,601,'20260827',52159,52160,52161,52162
6,601,'20260828',52163,52164,52165,52166
6,601,'20260831',65247,65248,65249,65250
6,601,'20260901',52171,52172,52173,52174
6,601,'20260902',52175,52176,52177,52178
6,601,'20260903',52179,52180,52181,52182
6,601,'20260904',52183,52184,52185,52186
7,700,'20260821',53463,53464,53465,53466,53467,53468,53469,53470,53471,53472,53473,53474,53475,53476,53477,53478,53479,53480,53481,53482
7,700,'20260822',53483,53484,53485,53486,53487,53488,53489,53490,53491,53492,53493,53494,53495,53496,53497
7,700,'20260823',53498,53499,53500,53501,53502,53503,53504,53505,53506,53507,53508,53509,53510,53511,53512
7,700,'20260824',65271,65272,53515,53516,53517,53518,53519,53520,53521,53522,53523,65273,65274,65275,65276,65277,53529,65278,65279,65280
7,700,'20260825',53533,53534,53535,53536,53537,53538,53539,53540,53541,53542,53543,53544,53545,53546,53547,53548,53549,53550,53551,53552
7,700,'20260826',53553,53554,53555,53556,53557,53558,53559,53560,53561,53562,53563,53564,53565,53566,53567,53568,53569,53570,53571,53572
7,700,'20260827',53573,53574,53575,53576,53577,53578,53579,53580,53581,53582,53583,53584,53585,53586,53587,53588,53589,53590,53591,53592
7,700,'20260828',53593,53594,53595,53596,53597,53598,53599,53600,53601,53602,53603,53604,53605,53606,53607,53608,53609,53610,53611,53612
7,700,'20260829',53613,53614,53615,53616,53617,53618,53619,53620,53621,53622,53623,53624,53625,53626,53627
7,700,'20260830',53628,53629,53630,53631,53632,53633,53634,53635,53636,53637,53638,53639,53640,53641,53642
7,700,'20260831',65281,65282,53645,53646,53647,53648,53649,53650,53651,53652,53653,65283,65284,65285,65286,65287,53659,65288,65289,65290
7,700,'20260901',53663,53664,53665,53666,53667,53668,53669,53670,53671,53672,53673,53674,53675,53676,53677,53678,53679,53680,53681,53682
7,700,'20260902',53683,53684,53685,53686,53687,53688,53689,53690,53691,53692,53693,53694,53695,53696,53697,53698,53699,53700,53701,53702
7,700,'20260903',53703,53704,53705,53706,53707,53708,53709,53710,53711,53712,53713,53714,53715,53716,53717,53718,53719,53720,53721,53722
7,700,'20260904',53723,53724,53725,53726,53727,53728,53729,53730,53731,53732,53733,53734,53735,53736,53737,53738,53739,53740,53741,53742
7,701,'20260821',65602,54987,54988,54989,54990,54991,54992,54993,54994,54995,54996,54997,54998,54999,55000,55001,55002,55003,55004,55005
7,701,'20260822',55006,55007,55008,55009,55010,55011,55012,55013,55014,55015,55016,55017,55018,55019,55020
7,701,'20260823',55021,55022,55023,55024,55025,55026,55027,55028,55029,55030,55031,55032,55033,55034,55035
7,701,'20260824',65603,65305,65306,55038,55039,55040,55041,55042,55043,55044,55045,55046,65307,65308,65309,55050,55051,55052,65310,65311
7,701,'20260825',65604,55055,55056,55057,55058,55059,55060,55061,55062,55063,55064,55065,55066,55067,55068,55069,55070,55071,55072,55073
7,701,'20260826',65605,55074,55075,55076,55077,55078,55079,55080,55081,55082,55083,55084,55085,55086,55087,55088,55089,55090,55091,55092
7,701,'20260827',65606,55093,55094,55095,55096,55097,55098,55099,55100,55101,55102,55103,55104,55105,55106,55107,55108,55109,55110,55111
7,701,'20260828',65607,55112,55113,55114,55115,55116,55117,55118,55119,55120,55121,55122,55123,55124,55125,55126,55127,55128,55129,55130
7,701,'20260829',55131,55132,55133,55134,55135,55136,55137,55138,55139,55140,55141,55142,55143,55144,55145
7,701,'20260830',55146,55147,55148,55149,55150,55151,55152,55153,55154,55155,55156,55157,55158,55159,55160
7,701,'20260831',65608,65312,65313,55163,55164,55165,55166,55167,55168,55169,55170,55171,65314,65315,65316,55175,55176,55177,65317,65318
7,701,'20260901',65609,55180,55181,55182,55183,55184,55185,55186,55187,55188,55189,55190,55191,55192,55193,55194,55195,55196,55197,55198
7,701,'20260902',65610,55199,55200,55201,55202,55203,55204,55205,55206,55207,55208,55209,55210,55211,55212,55213,55214,55215,55216,55217
7,701,'20260903',65611,55218,55219,55220,55221,55222,55223,55224,55225,55226,55227,55228,55229,55230,55231,55232,55233,55234,55235,55236
7,701,'20260904',65612,55237,55238,55239,55240,55241,55242,55243,55244,55245,55246,55247,55248,55249,55250,55251,55252,55253,55254,55255
9,900,'20260821',58831,58832,58833,58834,58835,58836,58837,58838,58839,58840,58841,58842,58843,58844,58845,58846,58847,58848,58849,58850,58851,58852,58853,58854,58855,58856,58857,58858,58859,58860,58861,58862,58863,58864,58865,58866,58867,58868,58869,58870,58871,58872,58873,58874,58875,65614
9,900,'20260822',58876,58877,58878,58879,58880,58881,58882,58883,58884,58885,58886,58887,58888,58889,58890,58891,58892,58893,58894,58895,58896,58897,58898,58899,58900,58901,58902,58903,58904,58905,58906,58907,58908,58909,58910,58911,58912,58913,58914,58915,58916,58917,58918,58919,58920,58921,58922,58923,58924,65615
9,900,'20260823',58925,58926,58927,58928,58929,58930,58931,58932,58933,58934,58935,58936,58937,58938,58939,58940,58941,58942,58943,58944,58945,58946,58947,58948,58949,58950,58951,58952,58953,58954,58955,58956,58957,58958,58959,58960,58961,58962,58963,58964,58965,58966,58967,58968,58969,58970,58971,58972,65616
9,900,'20260824',65339,65340,65341,65342,58978,58979,58980,58981,58982,58983,58984,58985,58986,58987,58988,58989,58990,58991,58992,58993,58994,65343,65344,65345,58998,58999,59000,59001,59002,59003,59004,59005,59006,59007,59008,59009,59010,59011,59012,59013,59014,65346,65347,65348,65617
9,900,'20260825',59018,59019,59020,59021,59022,59023,59024,59025,59026,59027,59028,59029,59030,59031,59032,59033,59034,59035,59036,59037,59038,59039,59040,59041,59042,59043,59044,59045,59046,59047,59048,59049,59050,59051,59052,59053,59054,59055,59056,59057,59058,59059,59060,59061,65618
9,900,'20260826',59062,59063,59064,59065,59066,59067,59068,59069,59070,59071,59072,59073,59074,59075,59076,59077,59078,59079,59080,59081,59082,59083,59084,59085,59086,59087,59088,59089,59090,59091,59092,59093,59094,59095,59096,59097,59098,59099,59100,59101,59102,59103,59104,59105,65619
9,900,'20260827',59106,59107,59108,59109,59110,59111,59112,59113,59114,59115,59116,59117,59118,59119,59120,59121,59122,59123,59124,59125,59126,59127,59128,59129,59130,59131,59132,59133,59134,59135,59136,59137,59138,59139,59140,59141,59142,59143,59144,59145,59146,59147,59148,59149,65620
9,900,'20260828',59150,59151,59152,59153,59154,59155,59156,59157,59158,59159,59160,59161,59162,59163,59164,59165,59166,59167,59168,59169,59170,59171,59172,59173,59174,59175,59176,59177,59178,59179,59180,59181,59182,59183,59184,59185,59186,59187,59188,59189,59190,59191,59192,59193,59194,65621
9,900,'20260829',59195,59196,59197,59198,59199,59200,59201,59202,59203,59204,59205,59206,59207,59208,59209,59210,59211,59212,59213,59214,59215,59216,59217,59218,59219,59220,59221,59222,59223,59224,59225,59226,59227,59228,59229,59230,59231,59232,59233,59234,59235,59236,59237,59238,59239,59240,59241,59242,59243,65622
9,900,'20260830',59244,59245,59246,59247,59248,59249,59250,59251,59252,59253,59254,59255,59256,59257,59258,59259,59260,59261,59262,59263,59264,59265,59266,59267,59268,59269,59270,59271,59272,59273,59274,59275,59276,59277,59278,59279,59280,59281,59282,59283,59284,59285,59286,59287,59288,59289,59290,59291,65623
9,900,'20260831',65349,65350,65351,65352,59297,59298,59299,59300,59301,59302,59303,59304,59305,59306,59307,59308,59309,59310,59311,59312,59313,65353,65354,65355,59317,59318,59319,59320,59321,59322,59323,59324,59325,59326,59327,59328,59329,59330,59331,59332,59333,65356,65357,65358,65624
9,900,'20260901',59337,59338,59339,59340,59341,59342,59343,59344,59345,59346,59347,59348,59349,59350,59351,59352,59353,59354,59355,59356,59357,59358,59359,59360,59361,59362,59363,59364,59365,59366,59367,59368,59369,59370,59371,59372,59373,59374,59375,59376,59377,59378,59379,59380,65625
9,900,'20260902',59381,59382,59383,59384,59385,59386,59387,59388,59389,59390,59391,59392,59393,59394,59395,59396,59397,59398,59399,59400,59401,59402,59403,59404,59405,59406,59407,59408,59409,59410,59411,59412,59413,59414,59415,59416,59417,59418,59419,59420,59421,59422,59423,59424,65626
9,900,'20260903',59425,59426,59427,59428,59429,59430,59431,59432,59433,59434,59435,59436,59437,59438,59439,59440,59441,59442,59443,59444,59445,59446,59447,59448,59449,59450,59451,59452,59453,59454,59455,59456,59457,59458,59459,59460,59461,59462,59463,59464,59465,59466,59467,59468,65627
9,900,'20260904',59469,59470,59471,59472,59473,59474,59475,59476,59477,59478,59479,59480,59481,59482,59483,59484,59485,59486,59487,59488,59489,59490,59491,59492,59493,59494,59495,59496,59497,59498,59499,59500,59501,59502,59503,59504,59505,59506,59507,59508,59509,59510,59511,59512,59513,65628
9,901,'20260821',63038,63039,63040,63041,63042,63043,63044,63045,63046,63047,63048,63049,63050,63051,63052,63053,63054,63055,63056,63057,63058,63059,63060,63061,63062,63063,63064,63065,63066,63067,63068,63069,63070,63071,63072,63073,63074,63075,63076,63077,63078,63079,63080,63081,63082,65629,65630,65631
9,901,'20260822',63083,63084,63085,63086,63087,63088,63089,63090,63091,63092,63093,63094,63095,63096,63097,63098,63099,63100,63101,63102,63103,63104,63105,63106,63107,63108,63109,63110,63111,63112,63113,63114,63115,63116,63117,63118,63119,63120,63121,63122,63123,63124,63125,63126,63127,63128,63129,63130,63131,63132
9,901,'20260823',63133,63134,63135,63136,63137,63138,63139,63140,63141,63142,63143,63144,63145,63146,63147,63148,63149,63150,63151,63152,63153,63154,63155,63156,63157,63158,63159,63160,63161,63162,63163,63164,63165,63166,63167,63168,63169,63170,63171,63172,63173,63175,63176,63177,63178,63179,63180,63181,63182
9,901,'20260824',65383,65384,65385,63186,63187,63188,63189,63190,63191,63192,63193,63194,63195,63196,63197,63198,63199,63200,63201,65386,65387,65388,65389,63206,63207,63208,63209,63210,63211,63212,63213,63214,63215,63216,63217,63218,63219,63220,63221,65390,65391,65392,65393,65394,65632,65633,65634
9,901,'20260825',63227,63228,63229,63230,63231,63232,63233,63234,63235,63236,63237,63238,63239,63240,63241,63242,63243,63244,63245,63246,63247,63248,63249,63250,63251,63252,63253,63254,63255,63256,63257,63258,63259,63260,63261,63262,63263,63264,63265,63266,63267,63268,63269,63270,65635,65636,65637
9,901,'20260826',63271,63272,63273,63274,63275,63276,63277,63278,63279,63280,63281,63282,63283,63284,63285,63286,63287,63288,63289,63290,63291,63292,63293,63294,63295,63296,63297,63298,63299,63300,63301,63302,63303,63304,63305,63306,63307,63308,63309,63310,63311,63312,63313,63314,65638,65639,65640
9,901,'20260827',63315,63316,63317,63318,63319,63320,63321,63322,63323,63324,63325,63326,63327,63328,63329,63330,63331,63332,63333,63334,63335,63336,63337,63338,63339,63340,63341,63342,63343,63344,63345,63346,63347,63348,63349,63350,63351,63352,63353,63354,63355,63356,63357,63358,65641,65642,65643
9,901,'20260828',63359,63360,63361,63362,63363,63364,63365,63366,63367,63368,63369,63370,63371,63372,63373,63374,63375,63376,63377,63378,63379,63380,63381,63382,63383,63384,63385,63386,63387,63388,63389,63390,63391,63392,63393,63394,63395,63396,63397,63398,63399,63400,63401,63402,63403,65644,65645,65646
9,901,'20260829',63404,63405,63406,63407,63408,63409,63410,63411,63412,63413,63414,63415,63416,63417,63418,63419,63420,63421,63422,63423,63424,63425,63426,63427,63428,63429,63430,63431,63432,63433,63434,63435,63436,63437,63438,63439,63440,63441,63442,63443,63444,63445,63446,63447,63448,63449,63450,63451,63452,63453
9,901,'20260830',63454,63455,63456,63457,63458,63459,63460,63461,63462,63463,63464,63465,63466,63467,63468,63469,63470,63471,63472,63473,63474,63475,63476,63477,63478,63479,63480,63481,63482,63483,63484,63485,63486,63487,63488,63489,63490,63491,63492,63493,63494,63496,63497,63498,63499,63500,63501,63502,63503
9,901,'20260831',65395,65396,65397,63507,63508,63509,63510,63511,63512,63513,63514,63515,63516,63517,63518,63519,63520,63521,63522,65398,65399,65400,65401,63527,63528,63529,63530,63531,63532,63533,63534,63535,63536,63537,63538,63539,63540,63541,63542,65402,65403,65404,65405,65406,65647,65648,65649
9,901,'20260901',63548,63549,63550,63551,63552,63553,63554,63555,63556,63557,63558,63559,63560,63561,63562,63563,63564,63565,63566,63567,63568,63569,63570,63571,63572,63573,63574,63575,63576,63577,63578,63579,63580,63581,63582,63583,63584,63585,63586,63587,63588,63589,63590,63591,65650,65651,65652
9,901,'20260902',63592,63593,63594,63595,63596,63597,63598,63599,63600,63601,63602,63603,63604,63605,63606,63607,63608,63609,63610,63611,63612,63613,63614,63615,63616,63617,63618,63619,63620,63621,63622,63623,63624,63625,63626,63627,63628,63629,63630,63631,63632,63633,63634,63635,65653,65654,65655
9,901,'20260903',63636,63637,63638,63639,63640,63641,63642,63643,63644,63645,63646,63647,63648,63649,63650,63651,63652,63653,63654,63655,63656,63657,63658,63659,63660,63661,63662,63663,63664,63665,63666,63667,63668,63669,63670,63671,63672,63673,63674,63675,63676,63677,63678,63679,65656,65657,65658
9,901,'20260904',63680,63681,63682,63683,63684,63685,63686,63687,63688,63689,63690,63691,63692,63693,63694,63695,63696,63697,63698,63699,63700,63701,63702,63703,63704,63705,63706,63707,63708,63709,63710,63711,63712,63713,63714,63715,63716,63717,63718,63719,63720,63721,63722,63723,63724,65659,65660,65661
