500,'20261005',1019,,80608,15,,,1,105,,80598,15,0,8,1,101,,80599,15,0,8,1,102,,80600,15,0,41,1,99,,80609,15,,,1,109,,80604,15,0,9,1,88,,80610,15,,,1,85,,80607,15,,,1,15,,80601,15,0,8,1,15,,80605,15,,,1,15,,80606,15,,,1,70,,80611,15,,,1,101,,80602,15,0,8,1,102,,80603,15,0,8,1,228,,80612,15,,,1
500,'20261006',1019,,80623,15,,,1,105,,80613,15,0,8,1,101,,80614,15,0,8,1,102,,80615,15,0,41,1,99,,80624,15,,,1,109,,80619,15,0,9,1,88,,80625,15,,,1,85,,80622,15,,,1,15,,80616,15,0,8,1,15,,80620,15,,,1,15,,80621,15,,,1,70,,80626,15,,,1,101,,80617,15,0,8,1,102,,80618,15,0,8,1,228,,80627,15,,,1
500,'20261007',1019,,80638,15,,,1,105,,80628,15,0,8,1,101,,80629,15,0,8,1,102,,80630,15,0,41,1,99,,80639,15,,,1,109,,80634,15,0,9,1,88,,80640,15,,,1,85,,80637,15,,,1,15,,80631,15,0,8,1,15,,80635,15,,,1,15,,80636,15,,,1,70,,80641,15,,,1,101,,80632,15,0,8,1,102,,80633,15,0,8,1,228,,80642,15,,,1
500,'20261008',1019,,80653,15,,,1,105,,80643,15,0,8,1,101,,80644,15,0,8,1,102,,80645,15,0,41,1,99,,80654,15,,,1,109,,80649,15,0,9,1,88,,80655,15,,,1,85,,80652,15,,,1,15,,80646,15,0,8,1,15,,80650,15,,,1,15,,80651,15,,,1,70,,80656,15,,,1,101,,80647,15,0,8,1,102,,80648,15,0,8,1,228,,80657,15,,,1
500,'20261009',1019,,80668,15,,,1,105,,80658,15,0,8,1,101,,80659,15,0,8,1,102,,80660,15,0,41,1,99,,80669,15,,,1,109,,80664,15,0,9,1,88,,80670,15,,,1,85,,80667,15,,,1,15,,80661,15,0,8,1,15,,80665,15,,,1,15,,80666,15,,,1,70,,80671,15,,,1,101,,80662,15,0,8,1,102,,80663,15,0,8,1,228,,80672,15,,,1
500,'20261010',1726,,80673,15,0,8,1,200,,80674,15,0,8,1,206,,80675,15,,,1,192,,80676,15,,,1
500,'20261011',1726,,80677,15,0,8,1,200,,80678,15,0,8,1,206,,80679,15,,,1,192,,80680,15,,,1
500,'20261012',1726,,80684,15,0,8,1,200,,80685,15,0,8,1,206,,92464,15,,,1,192,,92465,15,,,1
500,'20261013',1019,,80706,15,,,1,105,,80696,15,0,8,1,101,,80697,15,0,8,1,102,,80698,15,0,41,1,99,,80707,15,,,1,109,,80702,15,0,9,1,88,,80708,15,,,1,85,,80705,15,,,1,15,,80699,15,0,8,1,15,,80703,15,,,1,15,,80704,15,,,1,70,,80709,15,,,1,101,,80700,15,0,8,1,102,,80701,15,0,8,1,228,,80710,15,,,1
500,'20261014',1023,,80721,15,,,1,101,,80711,15,0,8,1,99,,80712,15,0,8,1,100,,80713,15,0,8,1,107,,80722,15,,,1,102,,80717,15,0,9,1,90,,80723,15,,,1,85,,80720,15,,,1,15,,80714,15,0,8,1,15,,80718,15,,,1,15,,80719,15,,,1,70,,80724,15,,,1,101,,80715,15,0,8,1,100,,80716,15,0,8,1,230,,80725,15,,,1
500,'20261015',1023,,80736,15,,,1,101,,80726,15,0,8,1,99,,80727,15,0,8,1,100,,80728,15,0,8,1,107,,80737,15,,,1,102,,80732,15,0,9,1,90,,80738,15,,,1,85,,80735,15,,,1,15,,80729,15,0,8,1,15,,80733,15,,,1,15,,80734,15,,,1,70,,80739,15,,,1,101,,80730,15,0,8,1,100,,80731,15,0,8,1,230,,80740,15,,,1
500,'20261016',1023,,80751,15,,,1,101,,80741,15,0,8,1,99,,80742,15,0,8,1,100,,80743,15,0,8,1,107,,80752,15,,,1,102,,80747,15,0,9,1,90,,80753,15,,,1,85,,80750,15,,,1,15,,80744,15,0,8,1,15,,80748,15,,,1,15,,80749,15,,,1,70,,80754,15,,,1,101,,80745,15,0,8,1,100,,80746,15,0,8,1,230,,80755,15,,,1
500,'20261017',1723,,80756,15,0,8,1,200,,80757,15,0,8,1,204,,80758,15,,,1,196,,80759,15,,,1
500,'20261018',1723,,80760,15,0,8,1,200,,80761,15,0,8,1,204,,80762,15,,,1,196,,80763,15,,,1
500,'20261019',1023,,80774,15,,,1,101,,80764,15,0,8,1,99,,80765,15,0,8,1,100,,80766,15,0,8,1,107,,80775,15,,,1,102,,80770,15,0,9,1,90,,80776,15,,,1,85,,80773,15,,,1,15,,80767,15,0,8,1,15,,80771,15,,,1,15,,80772,15,,,1,70,,80777,15,,,1,101,,80768,15,0,8,1,100,,80769,15,0,8,1,230,,80778,15,,,1
500,'20261020',1023,,80789,15,,,1,101,,80779,15,0,8,1,99,,80780,15,0,8,1,100,,80781,15,0,8,1,107,,80790,15,,,1,102,,80785,15,0,9,1,90,,80791,15,,,1,85,,80788,15,,,1,15,,80782,15,0,8,1,15,,80786,15,,,1,15,,80787,15,,,1,70,,80792,15,,,1,101,,80783,15,0,8,1,100,,80784,15,0,8,1,230,,80793,15,,,1
500,'20261021',1023,,80804,15,,,1,101,,80794,15,0,8,1,99,,80795,15,0,8,1,100,,80796,15,0,8,1,107,,80805,15,,,1,102,,80800,15,0,9,1,90,,80806,15,,,1,85,,80803,15,,,1,15,,80797,15,0,8,1,15,,80801,15,,,1,15,,80802,15,,,1,70,,80807,15,,,1,101,,80798,15,0,8,1,100,,80799,15,0,8,1,230,,80808,15,,,1
500,'20261022',1023,,80819,15,,,1,101,,80809,15,0,8,1,99,,80810,15,0,8,1,100,,80811,15,0,8,1,107,,80820,15,,,1,102,,80815,15,0,9,1,90,,80821,15,,,1,85,,80818,15,,,1,15,,80812,15,0,8,1,15,,80816,15,,,1,15,,80817,15,,,1,70,,80822,15,,,1,101,,80813,15,0,8,1,100,,80814,15,0,8,1,230,,80823,15,,,1
500,'20261023',1023,,80834,15,,,1,101,,80824,15,0,8,1,99,,80825,15,0,8,1,100,,80826,15,0,8,1,107,,80835,15,,,1,102,,80830,15,0,9,1,90,,80836,15,,,1,85,,80833,15,,,1,15,,80827,15,0,8,1,15,,80831,15,,,1,15,,80832,15,,,1,70,,80837,15,,,1,101,,80828,15,0,8,1,100,,80829,15,0,8,1,230,,80838,15,,,1
500,'20261024',1723,,80839,15,0,8,1,200,,80840,15,0,8,1,204,,80841,15,,,1,196,,80842,15,,,1
500,'20261025',1723,,80843,15,0,8,1,200,,80844,15,0,8,1,204,,80845,15,,,1,196,,80846,15,,,1
500,'20261026',1023,,80857,15,,,1,101,,80847,15,0,8,1,99,,80848,15,0,8,1,100,,80849,15,0,8,1,107,,80858,15,,,1,102,,80853,15,0,9,1,90,,80859,15,,,1,85,,80856,15,,,1,15,,80850,15,0,8,1,15,,80854,15,,,1,15,,80855,15,,,1,70,,80860,15,,,1,101,,80851,15,0,8,1,100,,80852,15,0,8,1,230,,80861,15,,,1
500,'20261027',1023,,80872,15,,,1,101,,80862,15,0,8,1,99,,80863,15,0,8,1,100,,80864,15,0,8,1,107,,80873,15,,,1,102,,80868,15,0,9,1,90,,80874,15,,,1,85,,80871,15,,,1,15,,80865,15,0,8,1,15,,80869,15,,,1,15,,80870,15,,,1,70,,80875,15,,,1,101,,80866,15,0,8,1,100,,80867,15,0,8,1,230,,80876,15,,,1
500,'20261028',1023,,80887,15,,,1,101,,80877,15,0,8,1,99,,80878,15,0,8,1,100,,80879,15,0,8,1,107,,80888,15,,,1,102,,80883,15,0,9,1,90,,80889,15,,,1,85,,80886,15,,,1,15,,80880,15,0,8,1,15,,80884,15,,,1,15,,80885,15,,,1,70,,80890,15,,,1,101,,80881,15,0,8,1,100,,80882,15,0,8,1,230,,80891,15,,,1
500,'20261029',1023,,80902,15,,,1,101,,80892,15,0,8,1,99,,80893,15,0,8,1,100,,80894,15,0,8,1,107,,80903,15,,,1,102,,80898,15,0,9,1,90,,80904,15,,,1,85,,80901,15,,,1,15,,80895,15,0,8,1,15,,80899,15,,,1,15,,80900,15,,,1,70,,80905,15,,,1,101,,80896,15,0,8,1,100,,80897,15,0,8,1,230,,80906,15,,,1
500,'20261030',1023,,80917,15,,,1,101,,80907,15,0,8,1,99,,80908,15,0,8,1,100,,80909,15,0,8,1,107,,80918,15,,,1,102,,80913,15,0,9,1,90,,80919,15,,,1,85,,80916,15,,,1,15,,80910,15,0,8,1,15,,80914,15,,,1,15,,80915,15,,,1,70,,80920,15,,,1,101,,80911,15,0,8,1,100,,80912,15,0,8,1,230,,80921,15,,,1
500,'20261031',1723,,80922,15,0,8,1,200,,80923,15,0,8,1,204,,80924,15,,,1,196,,80925,15,,,1
500,'20261101',1723,,80926,15,0,8,1,200,,80927,15,0,8,1,204,,80928,15,,,1,196,,80929,15,,,1
500,'20261102',1023,,80940,15,,,1,101,,80930,15,0,8,1,99,,80931,15,0,8,1,100,,80932,15,0,8,1,107,,80941,15,,,1,102,,80936,15,0,9,1,90,,80942,15,,,1,85,,80939,15,,,1,15,,80933,15,0,8,1,15,,80937,15,,,1,15,,80938,15,,,1,70,,80943,15,,,1,101,,80934,15,0,8,1,100,,80935,15,0,8,1,230,,80944,15,,,1
500,'20261103',1023,,80955,15,,,1,101,,80945,15,0,8,1,99,,80946,15,0,8,1,100,,80947,15,0,8,1,107,,80956,15,,,1,102,,80951,15,0,9,1,90,,80957,15,,,1,85,,80954,15,,,1,15,,80948,15,0,8,1,15,,80952,15,,,1,15,,80953,15,,,1,70,,80958,15,,,1,101,,80949,15,0,8,1,100,,80950,15,0,8,1,230,,80959,15,,,1
500,'20261104',1023,,80970,15,,,1,101,,80960,15,0,8,1,99,,80961,15,0,8,1,100,,80962,15,0,8,1,107,,80971,15,,,1,102,,80966,15,0,9,1,90,,80972,15,,,1,85,,80969,15,,,1,15,,80963,15,0,8,1,15,,80967,15,,,1,15,,80968,15,,,1,70,,80973,15,,,1,101,,80964,15,0,8,1,100,,80965,15,0,8,1,230,,80974,15,,,1
500,'20261105',1023,,80985,15,,,1,101,,80975,15,0,8,1,99,,80976,15,0,8,1,100,,80977,15,0,8,1,107,,80986,15,,,1,102,,80981,15,0,9,1,90,,80987,15,,,1,85,,80984,15,,,1,15,,80978,15,0,8,1,15,,80982,15,,,1,15,,80983,15,,,1,70,,80988,15,,,1,101,,80979,15,0,8,1,100,,80980,15,0,8,1,230,,80989,15,,,1
500,'20261106',1023,,81000,15,,,1,101,,80990,15,0,8,1,99,,80991,15,0,8,1,100,,80992,15,0,8,1,107,,81001,15,,,1,102,,80996,15,0,9,1,90,,81002,15,,,1,85,,80999,15,,,1,15,,80993,15,0,8,1,15,,80997,15,,,1,15,,80998,15,,,1,70,,81003,15,,,1,101,,80994,15,0,8,1,100,,80995,15,0,8,1,230,,81004,15,,,1
500,'20261107',1723,,81005,15,0,8,1,200,,81006,15,0,8,1,204,,81007,15,,,1,196,,81008,15,,,1
500,'20261108',1723,,81009,15,0,8,1,200,,81010,15,0,8,1,204,,81011,15,,,1,196,,81012,15,,,1
500,'20261109',1023,,81023,15,,,1,101,,81013,15,0,8,1,99,,81014,15,0,8,1,100,,81015,15,0,8,1,107,,81024,15,,,1,102,,81019,15,0,9,1,90,,81025,15,,,1,85,,81022,15,,,1,15,,81016,15,0,8,1,15,,81020,15,,,1,15,,81021,15,,,1,70,,81026,15,,,1,101,,81017,15,0,8,1,100,,81018,15,0,8,1,230,,81027,15,,,1
500,'20261110',1023,,81038,15,,,1,101,,81028,15,0,8,1,99,,81029,15,0,8,1,100,,81030,15,0,8,1,107,,81039,15,,,1,102,,81034,15,0,9,1,90,,81040,15,,,1,85,,81037,15,,,1,15,,81031,15,0,8,1,15,,81035,15,,,1,15,,81036,15,,,1,70,,81041,15,,,1,101,,81032,15,0,8,1,100,,81033,15,0,8,1,230,,81042,15,,,1
500,'20261111',1023,,81053,15,,,1,101,,81043,15,0,8,1,99,,81044,15,0,8,1,100,,81045,15,0,8,1,107,,81054,15,,,1,102,,81049,15,0,9,1,90,,81055,15,,,1,85,,81052,15,,,1,15,,81046,15,0,8,1,15,,81050,15,,,1,15,,81051,15,,,1,70,,81056,15,,,1,101,,81047,15,0,8,1,100,,81048,15,0,8,1,230,,81057,15,,,1
500,'20261112',1023,,81068,15,,,1,101,,81058,15,0,8,1,99,,81059,15,0,8,1,100,,81060,15,0,8,1,107,,81069,15,,,1,102,,81064,15,0,9,1,90,,81070,15,,,1,85,,81067,15,,,1,15,,81061,15,0,8,1,15,,81065,15,,,1,15,,81066,15,,,1,70,,81071,15,,,1,101,,81062,15,0,8,1,100,,81063,15,0,8,1,230,,81072,15,,,1
500,'20261113',1023,,81083,15,,,1,101,,81073,15,0,8,1,99,,81074,15,0,8,1,100,,81075,15,0,8,1,107,,81084,15,,,1,102,,81079,15,0,9,1,90,,81085,15,,,1,85,,81082,15,,,1,15,,81076,15,0,8,1,15,,81080,15,,,1,15,,81081,15,,,1,70,,81086,15,,,1,101,,81077,15,0,8,1,100,,81078,15,0,8,1,230,,81087,15,,,1
500,'20261114',1723,,81088,15,0,8,1,200,,81089,15,0,8,1,204,,81090,15,,,1,196,,81091,15,,,1
500,'20261115',1723,,81092,15,0,8,1,200,,81093,15,0,8,1,204,,81094,15,,,1,196,,81095,15,,,1
500,'20261116',1023,,81106,15,,,1,101,,81096,15,0,8,1,99,,81097,15,0,8,1,100,,81098,15,0,8,1,107,,81107,15,,,1,102,,81102,15,0,9,1,90,,81108,15,,,1,85,,81105,15,,,1,15,,81099,15,0,8,1,15,,81103,15,,,1,15,,81104,15,,,1,70,,81109,15,,,1,101,,81100,15,0,8,1,100,,81101,15,0,8,1,230,,81110,15,,,1
500,'20261117',1023,,81121,15,,,1,101,,81111,15,0,8,1,99,,81112,15,0,8,1,100,,81113,15,0,8,1,107,,81122,15,,,1,102,,81117,15,0,9,1,90,,81123,15,,,1,85,,81120,15,,,1,15,,81114,15,0,8,1,15,,81118,15,,,1,15,,81119,15,,,1,70,,81124,15,,,1,101,,81115,15,0,8,1,100,,81116,15,0,8,1,230,,81125,15,,,1
500,'20261118',1023,,81136,15,,,1,101,,81126,15,0,8,1,99,,81127,15,0,8,1,100,,81128,15,0,8,1,107,,81137,15,,,1,102,,81132,15,0,9,1,90,,81138,15,,,1,85,,81135,15,,,1,15,,81129,15,0,8,1,15,,81133,15,,,1,15,,81134,15,,,1,70,,81139,15,,,1,101,,81130,15,0,8,1,100,,81131,15,0,8,1,230,,81140,15,,,1
500,'20261119',1023,,81151,15,,,1,101,,81141,15,0,8,1,99,,81142,15,0,8,1,100,,81143,15,0,8,1,107,,81152,15,,,1,102,,81147,15,0,9,1,90,,81153,15,,,1,85,,81150,15,,,1,15,,81144,15,0,8,1,15,,81148,15,,,1,15,,81149,15,,,1,70,,81154,15,,,1,101,,81145,15,0,8,1,100,,81146,15,0,8,1,230,,81155,15,,,1
500,'20261120',1023,,81166,15,,,1,101,,81156,15,0,8,1,99,,81157,15,0,8,1,100,,81158,15,0,8,1,107,,81167,15,,,1,102,,81162,15,0,9,1,90,,81168,15,,,1,85,,81165,15,,,1,15,,81159,15,0,8,1,15,,81163,15,,,1,15,,81164,15,,,1,70,,81169,15,,,1,101,,81160,15,0,8,1,100,,81161,15,0,8,1,230,,81170,15,,,1
500,'20261121',1723,,81171,15,0,8,1,200,,81172,15,0,8,1,204,,81173,15,,,1,196,,81174,15,,,1
500,'20261122',1723,,81175,15,0,8,1,200,,81176,15,0,8,1,204,,81177,15,,,1,196,,81178,15,,,1
500,'20261123',1023,,81189,15,,,1,101,,81179,15,0,8,1,99,,81180,15,0,8,1,100,,81181,15,0,8,1,107,,81190,15,,,1,102,,81185,15,0,9,1,90,,81191,15,,,1,85,,81188,15,,,1,15,,81182,15,0,8,1,15,,81186,15,,,1,15,,81187,15,,,1,70,,81192,15,,,1,101,,81183,15,0,8,1,100,,81184,15,0,8,1,230,,81193,15,,,1
500,'20261124',1023,,81204,15,,,1,101,,81194,15,0,8,1,99,,81195,15,0,8,1,100,,81196,15,0,8,1,107,,81205,15,,,1,102,,81200,15,0,9,1,90,,81206,15,,,1,85,,81203,15,,,1,15,,81197,15,0,8,1,15,,81201,15,,,1,15,,81202,15,,,1,70,,81207,15,,,1,101,,81198,15,0,8,1,100,,81199,15,0,8,1,230,,81208,15,,,1
500,'20261125',1023,,81219,15,,,1,101,,81209,15,0,8,1,99,,81210,15,0,8,1,100,,81211,15,0,8,1,107,,81220,15,,,1,102,,81215,15,0,9,1,90,,81221,15,,,1,85,,81218,15,,,1,15,,81212,15,0,8,1,15,,81216,15,,,1,15,,81217,15,,,1,70,,81222,15,,,1,101,,81213,15,0,8,1,100,,81214,15,0,8,1,230,,81223,15,,,1
500,'20261126',1023,,81234,15,,,1,101,,81224,15,0,8,1,99,,81225,15,0,8,1,100,,81226,15,0,8,1,107,,81235,15,,,1,102,,81230,15,0,9,1,90,,81236,15,,,1,85,,81233,15,,,1,15,,81227,15,0,8,1,15,,81231,15,,,1,15,,81232,15,,,1,70,,81237,15,,,1,101,,81228,15,0,8,1,100,,81229,15,0,8,1,230,,81238,15,,,1
500,'20261127',1023,,81249,15,,,1,101,,81239,15,0,8,1,99,,81240,15,0,8,1,100,,81241,15,0,8,1,107,,81250,15,,,1,102,,81245,15,0,9,1,90,,81251,15,,,1,85,,81248,15,,,1,15,,81242,15,0,8,1,15,,81246,15,,,1,15,,81247,15,,,1,70,,81252,15,,,1,101,,81243,15,0,8,1,100,,81244,15,0,8,1,230,,81253,15,,,1
501,'20261005',602,,81642,14,,,1,30,,81643,21,,,1,70,,81645,21,,,1,30,,81644,21,,,1,20,,81635,8,,,1,60,,81646,21,,,1,15,,81647,21,,,1,89,,81648,21,,,1,96,,81649,21,,,1,105,,81636,8,,,1,101,,81637,8,,,1,101,,81638,8,,,1,100,,81650,21,,,1,104,,81639,8,,,1,495,,81640,8,,,1,102,,81641,8,,,1
501,'20261006',602,,81658,14,,,1,30,,81659,21,,,1,70,,81661,21,,,1,30,,81660,21,,,1,20,,81651,8,,,1,60,,81662,21,,,1,15,,81663,21,,,1,89,,81664,21,,,1,96,,81665,21,,,1,105,,81652,8,,,1,101,,81653,8,,,1,101,,81654,8,,,1,100,,81666,21,,,1,104,,81655,8,,,1,495,,81656,8,,,1,102,,81657,8,,,1
501,'20261007',602,,81674,14,,,1,30,,81675,21,,,1,70,,81677,21,,,1,30,,81676,21,,,1,20,,81667,8,,,1,60,,81678,21,,,1,15,,81679,21,,,1,89,,81680,21,,,1,96,,81681,21,,,1,105,,81668,8,,,1,101,,81669,8,,,1,101,,81670,8,,,1,100,,81682,21,,,1,104,,81671,8,,,1,495,,81672,8,,,1,102,,81673,8,,,1
501,'20261008',602,,81690,14,,,1,30,,81691,21,,,1,70,,81693,21,,,1,30,,81692,21,,,1,20,,81683,8,,,1,60,,81694,21,,,1,15,,81695,21,,,1,89,,81696,21,,,1,96,,81697,21,,,1,105,,81684,8,,,1,101,,81685,8,,,1,101,,81686,8,,,1,100,,81698,21,,,1,104,,81687,8,,,1,495,,81688,8,,,1,102,,81689,8,,,1
501,'20261009',602,,81706,14,,,1,30,,81707,21,,,1,70,,81709,21,,,1,30,,81708,21,,,1,20,,81699,8,,,1,60,,81710,21,,,1,15,,81711,21,,,1,89,,81712,21,,,1,96,,81713,21,,,1,105,,81700,8,,,1,101,,81701,8,,,1,101,,81702,8,,,1,100,,81714,21,,,1,104,,81703,8,,,1,495,,81704,8,,,1,102,,81705,8,,,1
501,'20261010',1519,,81717,21,,,1,200,,81718,21,,,1,199,,81715,8,,,1,203,,81716,8,,,1
501,'20261011',1519,,81721,21,,,1,200,,81722,21,,,1,199,,81719,8,,,1,203,,81720,8,,,1
501,'20261012',1519,,92467,21,,,1,200,,92468,21,,,1,199,,92466,8,,,1,203,,81729,8,,,1
501,'20261013',602,,81746,14,,,1,30,,81747,21,,,1,70,,81749,21,,,1,30,,81748,21,,,1,20,,81739,8,,,1,60,,81750,21,,,1,15,,81751,21,,,1,89,,81752,21,,,1,96,,81753,21,,,1,105,,81740,8,,,1,101,,81741,8,,,1,101,,81742,8,,,1,100,,81754,21,,,1,104,,81743,8,,,1,495,,81744,8,,,1,102,,81745,8,,,1
501,'20261014',600,,81762,14,,,1,30,,81763,21,,,1,70,,81765,21,,,1,30,,81764,21,,,1,20,,81755,8,,,1,60,,81766,21,,,1,15,,81767,21,,,1,94,,81768,21,,,1,98,,81769,21,,,1,101,,81756,8,,,1,98,,81757,8,,,1,100,,81758,8,,,1,106,,81770,21,,,1,103,,81759,8,,,1,491,,81760,8,,,1,100,,81761,8,,,1
501,'20261015',600,,81778,14,,,1,30,,81779,21,,,1,70,,81781,21,,,1,30,,81780,21,,,1,20,,81771,8,,,1,60,,81782,21,,,1,15,,81783,21,,,1,94,,81784,21,,,1,98,,81785,21,,,1,101,,81772,8,,,1,98,,81773,8,,,1,100,,81774,8,,,1,106,,81786,21,,,1,103,,81775,8,,,1,491,,81776,8,,,1,100,,81777,8,,,1
501,'20261016',600,,81794,14,,,1,30,,81795,21,,,1,70,,81797,21,,,1,30,,81796,21,,,1,20,,81787,8,,,1,60,,81798,21,,,1,15,,81799,21,,,1,94,,81800,21,,,1,98,,81801,21,,,1,101,,81788,8,,,1,98,,81789,8,,,1,100,,81790,8,,,1,106,,81802,21,,,1,103,,81791,8,,,1,491,,81792,8,,,1,100,,81793,8,,,1
501,'20261017',1517,,81805,21,,,1,200,,81806,21,,,1,199,,81803,8,,,1,204,,81804,8,,,1
501,'20261018',1517,,81809,21,,,1,200,,81810,21,,,1,199,,81807,8,,,1,204,,81808,8,,,1
501,'20261019',600,,81818,14,,,1,30,,81819,21,,,1,70,,81821,21,,,1,30,,81820,21,,,1,20,,81811,8,,,1,60,,81822,21,,,1,15,,81823,21,,,1,94,,81824,21,,,1,98,,81825,21,,,1,101,,81812,8,,,1,98,,81813,8,,,1,100,,81814,8,,,1,106,,81826,21,,,1,103,,81815,8,,,1,491,,81816,8,,,1,100,,81817,8,,,1
501,'20261020',600,,81834,14,,,1,30,,81835,21,,,1,70,,81837,21,,,1,30,,81836,21,,,1,20,,81827,8,,,1,60,,81838,21,,,1,15,,81839,21,,,1,94,,81840,21,,,1,98,,81841,21,,,1,101,,81828,8,,,1,98,,81829,8,,,1,100,,81830,8,,,1,106,,81842,21,,,1,103,,81831,8,,,1,491,,81832,8,,,1,100,,81833,8,,,1
501,'20261021',600,,81850,14,,,1,30,,81851,21,,,1,70,,81853,21,,,1,30,,81852,21,,,1,20,,81843,8,,,1,60,,81854,21,,,1,15,,81855,21,,,1,94,,81856,21,,,1,98,,81857,21,,,1,101,,81844,8,,,1,98,,81845,8,,,1,100,,81846,8,,,1,106,,81858,21,,,1,103,,81847,8,,,1,491,,81848,8,,,1,100,,81849,8,,,1
501,'20261022',600,,81866,14,,,1,30,,81867,21,,,1,70,,81869,21,,,1,30,,81868,21,,,1,20,,81859,8,,,1,60,,81870,21,,,1,15,,81871,21,,,1,94,,81872,21,,,1,98,,81873,21,,,1,101,,81860,8,,,1,98,,81861,8,,,1,100,,81862,8,,,1,106,,81874,21,,,1,103,,81863,8,,,1,491,,81864,8,,,1,100,,81865,8,,,1
501,'20261023',600,,81882,14,,,1,30,,81883,21,,,1,70,,81885,21,,,1,30,,81884,21,,,1,20,,81875,8,,,1,60,,81886,21,,,1,15,,81887,21,,,1,94,,81888,21,,,1,98,,81889,21,,,1,101,,81876,8,,,1,98,,81877,8,,,1,100,,81878,8,,,1,106,,81890,21,,,1,103,,81879,8,,,1,491,,81880,8,,,1,100,,81881,8,,,1
501,'20261024',1517,,81893,21,,,1,200,,81894,21,,,1,199,,81891,8,,,1,204,,81892,8,,,1
501,'20261025',1517,,81897,21,,,1,200,,81898,21,,,1,199,,81895,8,,,1,204,,81896,8,,,1
501,'20261026',600,,81906,14,,,1,30,,81907,21,,,1,70,,81909,21,,,1,30,,81908,21,,,1,20,,81899,8,,,1,60,,81910,21,,,1,15,,81911,21,,,1,94,,81912,21,,,1,98,,81913,21,,,1,101,,81900,8,,,1,98,,81901,8,,,1,100,,81902,8,,,1,106,,81914,21,,,1,103,,81903,8,,,1,491,,81904,8,,,1,100,,81905,8,,,1
501,'20261027',600,,81922,14,,,1,30,,81923,21,,,1,70,,81925,21,,,1,30,,81924,21,,,1,20,,81915,8,,,1,60,,81926,21,,,1,15,,81927,21,,,1,94,,81928,21,,,1,98,,81929,21,,,1,101,,81916,8,,,1,98,,81917,8,,,1,100,,81918,8,,,1,106,,81930,21,,,1,103,,81919,8,,,1,491,,81920,8,,,1,100,,81921,8,,,1
501,'20261028',600,,81938,14,,,1,30,,81939,21,,,1,70,,81941,21,,,1,30,,81940,21,,,1,20,,81931,8,,,1,60,,81942,21,,,1,15,,81943,21,,,1,94,,81944,21,,,1,98,,81945,21,,,1,101,,81932,8,,,1,98,,81933,8,,,1,100,,81934,8,,,1,106,,81946,21,,,1,103,,81935,8,,,1,491,,81936,8,,,1,100,,81937,8,,,1
501,'20261029',600,,81954,14,,,1,30,,81955,21,,,1,70,,81957,21,,,1,30,,81956,21,,,1,20,,81947,8,,,1,60,,81958,21,,,1,15,,81959,21,,,1,94,,81960,21,,,1,98,,81961,21,,,1,101,,81948,8,,,1,98,,81949,8,,,1,100,,81950,8,,,1,106,,81962,21,,,1,103,,81951,8,,,1,491,,81952,8,,,1,100,,81953,8,,,1
501,'20261030',600,,81970,14,,,1,30,,81971,21,,,1,70,,81973,21,,,1,30,,81972,21,,,1,20,,81963,8,,,1,60,,81974,21,,,1,15,,81975,21,,,1,94,,81976,21,,,1,98,,81977,21,,,1,101,,81964,8,,,1,98,,81965,8,,,1,100,,81966,8,,,1,106,,81978,21,,,1,103,,81967,8,,,1,491,,81968,8,,,1,100,,81969,8,,,1
501,'20261031',1517,,81981,21,,,1,200,,81982,21,,,1,199,,81979,8,,,1,204,,81980,8,,,1
501,'20261101',1517,,81985,21,,,1,200,,81986,21,,,1,199,,81983,8,,,1,204,,81984,8,,,1
501,'20261102',600,,81994,14,,,1,30,,81995,21,,,1,70,,81997,21,,,1,30,,81996,21,,,1,20,,81987,8,,,1,60,,81998,21,,,1,15,,81999,21,,,1,94,,82000,21,,,1,98,,82001,21,,,1,101,,81988,8,,,1,98,,81989,8,,,1,100,,81990,8,,,1,106,,82002,21,,,1,103,,81991,8,,,1,491,,81992,8,,,1,100,,81993,8,,,1
501,'20261103',600,,82010,14,,,1,30,,82011,21,,,1,70,,82013,21,,,1,30,,82012,21,,,1,20,,82003,8,,,1,60,,82014,21,,,1,15,,82015,21,,,1,94,,82016,21,,,1,98,,82017,21,,,1,101,,82004,8,,,1,98,,82005,8,,,1,100,,82006,8,,,1,106,,82018,21,,,1,103,,82007,8,,,1,491,,82008,8,,,1,100,,82009,8,,,1
501,'20261104',600,,82026,14,,,1,30,,82027,21,,,1,70,,82029,21,,,1,30,,82028,21,,,1,20,,82019,8,,,1,60,,82030,21,,,1,15,,82031,21,,,1,94,,82032,21,,,1,98,,82033,21,,,1,101,,82020,8,,,1,98,,82021,8,,,1,100,,82022,8,,,1,106,,82034,21,,,1,103,,82023,8,,,1,491,,82024,8,,,1,100,,82025,8,,,1
501,'20261105',600,,82042,14,,,1,30,,82043,21,,,1,70,,82045,21,,,1,30,,82044,21,,,1,20,,82035,8,,,1,60,,82046,21,,,1,15,,82047,21,,,1,94,,82048,21,,,1,98,,82049,21,,,1,101,,82036,8,,,1,98,,82037,8,,,1,100,,82038,8,,,1,106,,82050,21,,,1,103,,82039,8,,,1,491,,82040,8,,,1,100,,82041,8,,,1
501,'20261106',600,,82058,14,,,1,30,,82059,21,,,1,70,,82061,21,,,1,30,,82060,21,,,1,20,,82051,8,,,1,60,,82062,21,,,1,15,,82063,21,,,1,94,,82064,21,,,1,98,,82065,21,,,1,101,,82052,8,,,1,98,,82053,8,,,1,100,,82054,8,,,1,106,,82066,21,,,1,103,,82055,8,,,1,491,,82056,8,,,1,100,,82057,8,,,1
501,'20261107',1517,,82069,21,,,1,200,,82070,21,,,1,199,,82067,8,,,1,204,,82068,8,,,1
501,'20261108',1517,,82073,21,,,1,200,,82074,21,,,1,199,,82071,8,,,1,204,,82072,8,,,1
501,'20261109',600,,82082,14,,,1,30,,82083,21,,,1,70,,82085,21,,,1,30,,82084,21,,,1,20,,82075,8,,,1,60,,82086,21,,,1,15,,82087,21,,,1,94,,82088,21,,,1,98,,82089,21,,,1,101,,82076,8,,,1,98,,82077,8,,,1,100,,82078,8,,,1,106,,82090,21,,,1,103,,82079,8,,,1,491,,82080,8,,,1,100,,82081,8,,,1
501,'20261110',600,,82098,14,,,1,30,,82099,21,,,1,70,,82101,21,,,1,30,,82100,21,,,1,20,,82091,8,,,1,60,,82102,21,,,1,15,,82103,21,,,1,94,,82104,21,,,1,98,,82105,21,,,1,101,,82092,8,,,1,98,,82093,8,,,1,100,,82094,8,,,1,106,,82106,21,,,1,103,,82095,8,,,1,491,,82096,8,,,1,100,,82097,8,,,1
501,'20261111',600,,82114,14,,,1,30,,82115,21,,,1,70,,82117,21,,,1,30,,82116,21,,,1,20,,82107,8,,,1,60,,82118,21,,,1,15,,82119,21,,,1,94,,82120,21,,,1,98,,82121,21,,,1,101,,82108,8,,,1,98,,82109,8,,,1,100,,82110,8,,,1,106,,82122,21,,,1,103,,82111,8,,,1,491,,82112,8,,,1,100,,82113,8,,,1
501,'20261112',600,,82130,14,,,1,30,,82131,21,,,1,70,,82133,21,,,1,30,,82132,21,,,1,20,,82123,8,,,1,60,,82134,21,,,1,15,,82135,21,,,1,94,,82136,21,,,1,98,,82137,21,,,1,101,,82124,8,,,1,98,,82125,8,,,1,100,,82126,8,,,1,106,,82138,21,,,1,103,,82127,8,,,1,491,,82128,8,,,1,100,,82129,8,,,1
501,'20261113',600,,82146,14,,,1,30,,82147,21,,,1,70,,82149,21,,,1,30,,82148,21,,,1,20,,82139,8,,,1,60,,82150,21,,,1,15,,82151,21,,,1,94,,82152,21,,,1,98,,82153,21,,,1,101,,82140,8,,,1,98,,82141,8,,,1,100,,82142,8,,,1,106,,82154,21,,,1,103,,82143,8,,,1,491,,82144,8,,,1,100,,82145,8,,,1
501,'20261114',1517,,82157,21,,,1,200,,82158,21,,,1,199,,82155,8,,,1,204,,82156,8,,,1
501,'20261115',1517,,82161,21,,,1,200,,82162,21,,,1,199,,82159,8,,,1,204,,82160,8,,,1
501,'20261116',600,,82170,14,,,1,30,,82171,21,,,1,70,,82173,21,,,1,30,,82172,21,,,1,20,,82163,8,,,1,60,,82174,21,,,1,15,,82175,21,,,1,94,,82176,21,,,1,98,,82177,21,,,1,101,,82164,8,,,1,98,,82165,8,,,1,100,,82166,8,,,1,106,,82178,21,,,1,103,,82167,8,,,1,491,,82168,8,,,1,100,,82169,8,,,1
501,'20261117',600,,82186,14,,,1,30,,82187,21,,,1,70,,82189,21,,,1,30,,82188,21,,,1,20,,82179,8,,,1,60,,82190,21,,,1,15,,82191,21,,,1,94,,82192,21,,,1,98,,82193,21,,,1,101,,82180,8,,,1,98,,82181,8,,,1,100,,82182,8,,,1,106,,82194,21,,,1,103,,82183,8,,,1,491,,82184,8,,,1,100,,82185,8,,,1
501,'20261118',600,,82202,14,,,1,30,,82203,21,,,1,70,,82205,21,,,1,30,,82204,21,,,1,20,,82195,8,,,1,60,,82206,21,,,1,15,,82207,21,,,1,94,,82208,21,,,1,98,,82209,21,,,1,101,,82196,8,,,1,98,,82197,8,,,1,100,,82198,8,,,1,106,,82210,21,,,1,103,,82199,8,,,1,491,,82200,8,,,1,100,,82201,8,,,1
501,'20261119',600,,82218,14,,,1,30,,82219,21,,,1,70,,82221,21,,,1,30,,82220,21,,,1,20,,82211,8,,,1,60,,82222,21,,,1,15,,82223,21,,,1,94,,82224,21,,,1,98,,82225,21,,,1,101,,82212,8,,,1,98,,82213,8,,,1,100,,82214,8,,,1,106,,82226,21,,,1,103,,82215,8,,,1,491,,82216,8,,,1,100,,82217,8,,,1
501,'20261120',600,,82234,14,,,1,30,,82235,21,,,1,70,,82237,21,,,1,30,,82236,21,,,1,20,,82227,8,,,1,60,,82238,21,,,1,15,,82239,21,,,1,94,,82240,21,,,1,98,,82241,21,,,1,101,,82228,8,,,1,98,,82229,8,,,1,100,,82230,8,,,1,106,,82242,21,,,1,103,,82231,8,,,1,491,,82232,8,,,1,100,,82233,8,,,1
501,'20261121',1517,,82245,21,,,1,200,,82246,21,,,1,199,,82243,8,,,1,204,,82244,8,,,1
501,'20261122',1517,,82249,21,,,1,200,,82250,21,,,1,199,,82247,8,,,1,204,,82248,8,,,1
501,'20261123',600,,82258,14,,,1,30,,82259,21,,,1,70,,82261,21,,,1,30,,82260,21,,,1,20,,82251,8,,,1,60,,82262,21,,,1,15,,82263,21,,,1,94,,82264,21,,,1,98,,82265,21,,,1,101,,82252,8,,,1,98,,82253,8,,,1,100,,82254,8,,,1,106,,82266,21,,,1,103,,82255,8,,,1,491,,82256,8,,,1,100,,82257,8,,,1
501,'20261124',600,,82274,14,,,1,30,,82275,21,,,1,70,,82277,21,,,1,30,,82276,21,,,1,20,,82267,8,,,1,60,,82278,21,,,1,15,,82279,21,,,1,94,,82280,21,,,1,98,,82281,21,,,1,101,,82268,8,,,1,98,,82269,8,,,1,100,,82270,8,,,1,106,,82282,21,,,1,103,,82271,8,,,1,491,,82272,8,,,1,100,,82273,8,,,1
501,'20261125',600,,82290,14,,,1,30,,82291,21,,,1,70,,82293,21,,,1,30,,82292,21,,,1,20,,82283,8,,,1,60,,82294,21,,,1,15,,82295,21,,,1,94,,82296,21,,,1,98,,82297,21,,,1,101,,82284,8,,,1,98,,82285,8,,,1,100,,82286,8,,,1,106,,82298,21,,,1,103,,82287,8,,,1,491,,82288,8,,,1,100,,82289,8,,,1
501,'20261126',600,,82306,14,,,1,30,,82307,21,,,1,70,,82309,21,,,1,30,,82308,21,,,1,20,,82299,8,,,1,60,,82310,21,,,1,15,,82311,21,,,1,94,,82312,21,,,1,98,,82313,21,,,1,101,,82300,8,,,1,98,,82301,8,,,1,100,,82302,8,,,1,106,,82314,21,,,1,103,,82303,8,,,1,491,,82304,8,,,1,100,,82305,8,,,1
501,'20261127',600,,82322,14,,,1,30,,82323,21,,,1,70,,82325,21,,,1,30,,82324,21,,,1,20,,82315,8,,,1,60,,82326,21,,,1,15,,82327,21,,,1,94,,82328,21,,,1,98,,82329,21,,,1,101,,82316,8,,,1,98,,82317,8,,,1,100,,82318,8,,,1,106,,82330,21,,,1,103,,82319,8,,,1,491,,82320,8,,,1,100,,82321,8,,,1
