100,'20260928',801,,66722,41,4,,1,108,,66723,41,4,,1,100,,66724,41,4,,1,100,,66725,41,4,,1,100,,66726,41,4,,1,99,,66737,41,0,13,1,101,,66727,41,4,,1,100,,66728,41,4,,1,100,,66729,41,4,,1,102,,66739,41,0,13,1,22,,66736,41,4,,1,78,,66744,41,,,1,104,,66730,41,4,,1,94,,66738,41,0,13,1,101,,66731,41,4,,1,100,,66732,41,4,,1,100,,66733,41,4,,1,100,,66734,41,4,,1,100,,66735,41,4,,1
100,'20260929',801,,66768,41,4,,1,108,,66769,41,4,,1,100,,66770,41,4,,1,100,,66771,41,4,,1,100,,66772,41,4,,1,99,,66783,41,0,13,1,101,,66773,41,4,,1,100,,66774,41,4,,1,100,,66775,41,4,,1,102,,66785,41,0,13,1,22,,66782,41,4,,1,78,,66790,41,,,1,104,,66776,41,4,,1,94,,66784,41,0,13,1,101,,66777,41,4,,1,100,,66778,41,4,,1,100,,66779,41,4,,1,100,,66780,41,4,,1,100,,66781,41,4,,1
100,'20260930',801,,66814,41,4,,1,108,,66815,41,4,,1,100,,66816,41,4,,1,100,,66817,41,4,,1,100,,66818,41,4,,1,99,,66829,41,0,13,1,101,,66819,41,4,,1,100,,66820,41,4,,1,100,,66821,41,4,,1,102,,66831,41,0,13,1,22,,66828,41,4,,1,78,,66836,41,,,1,104,,66822,41,4,,1,94,,66830,41,0,13,1,101,,66823,41,4,,1,100,,66824,41,4,,1,100,,66825,41,4,,1,100,,66826,41,4,,1,100,,66827,41,4,,1
100,'20261001',801,,66860,41,4,,1,108,,66861,41,4,,1,100,,66862,41,4,,1,100,,66863,41,4,,1,100,,66864,41,4,,1,99,,66875,41,0,13,1,101,,66865,41,4,,1,100,,66866,41,4,,1,100,,66867,41,4,,1,102,,66877,41,0,13,1,22,,66874,41,4,,1,78,,66882,41,,,1,104,,66868,41,4,,1,94,,66876,41,0,13,1,101,,66869,41,4,,1,100,,66870,41,4,,1,100,,66871,41,4,,1,100,,66872,41,4,,1,100,,66873,41,4,,1
100,'20261002',801,,66907,41,4,,1,108,,66908,41,4,,1,100,,66909,41,4,,1,100,,66910,41,4,,1,100,,66911,41,4,,1,99,,66923,41,0,13,1,101,,66912,41,4,,1,100,,66913,41,4,,1,100,,66914,41,4,,1,102,,66925,41,0,13,1,22,,66922,41,4,,1,78,,66930,41,,,1,104,,66915,41,4,,1,94,,66924,41,0,13,1,101,,66916,41,4,,1,100,,66917,41,4,,1,100,,66918,41,4,,1,100,,66919,41,4,,1,100,,66920,41,4,,1,100,,66921,41,4,,1
100,'20261003',1009,,66947,41,4,,1,7,,66964,41,,,1,93,,66948,41,4,,1,100,,66949,41,4,,1,11,,66965,41,,,1,89,,66950,41,4,,1,100,,66951,41,4,,1,100,,66952,41,4,,1,99,,66962,41,0,13,1,101,,66953,41,4,,1,100,,66954,41,4,,1,7,,66966,41,,,1,94,,66955,41,4,,1,100,,66956,41,4,,1,21,,66967,41,,,1,79,,66957,41,4,,1,99,,66963,41,0,13,1,101,,66958,41,4,,1,100,,66959,41,4,,1,102,,66960,41,4,,1,100,,66961,41,4,,1
100,'20261004',1009,,66984,41,4,,1,7,,67000,41,,,1,93,,66985,41,4,,1,100,,66986,41,4,,1,11,,67001,41,,,1,89,,66987,41,4,,1,100,,66988,41,4,,1,100,,66989,41,4,,1,99,,66998,41,0,13,1,101,,66990,41,4,,1,100,,66991,41,4,,1,7,,67002,41,,,1,94,,66992,41,4,,1,100,,66993,41,4,,1,21,,67003,41,,,1,79,,66994,41,4,,1,99,,66999,41,0,13,1,101,,66995,41,4,,1,100,,66996,41,4,,1,102,,66997,41,4,,1
100,'20261005',801,,67027,41,4,,1,108,,67028,41,4,,1,100,,67029,41,4,,1,100,,67030,41,4,,1,100,,67031,41,4,,1,99,,67042,41,0,13,1,101,,67032,41,4,,1,100,,67033,41,4,,1,100,,67034,41,4,,1,102,,67044,41,0,13,1,22,,67041,41,4,,1,78,,67049,41,,,1,104,,67035,41,4,,1,94,,67043,41,0,13,1,101,,67036,41,4,,1,100,,67037,41,4,,1,100,,67038,41,4,,1,100,,67039,41,4,,1,100,,67040,41,4,,1
100,'20261006',801,,67073,41,4,,1,108,,67074,41,4,,1,100,,67075,41,4,,1,100,,67076,41,4,,1,100,,67077,41,4,,1,99,,67088,41,0,13,1,101,,67078,41,4,,1,100,,67079,41,4,,1,100,,67080,41,4,,1,102,,67090,41,0,13,1,22,,67087,41,4,,1,78,,67095,41,,,1,104,,67081,41,4,,1,94,,67089,41,0,13,1,101,,67082,41,4,,1,100,,67083,41,4,,1,100,,67084,41,4,,1,100,,67085,41,4,,1,100,,67086,41,4,,1
100,'20261007',801,,67119,41,4,,1,108,,67120,41,4,,1,100,,67121,41,4,,1,100,,67122,41,4,,1,100,,67123,41,4,,1,99,,67134,41,0,13,1,101,,67124,41,4,,1,100,,67125,41,4,,1,100,,67126,41,4,,1,102,,67136,41,0,13,1,22,,67133,41,4,,1,78,,67141,41,,,1,104,,67127,41,4,,1,94,,67135,41,0,13,1,101,,67128,41,4,,1,100,,67129,41,4,,1,100,,67130,41,4,,1,100,,67131,41,4,,1,100,,67132,41,4,,1
100,'20261008',801,,67165,41,4,,1,108,,67166,41,4,,1,100,,67167,41,4,,1,100,,67168,41,4,,1,100,,67169,41,4,,1,99,,67180,41,0,13,1,101,,67170,41,4,,1,100,,67171,41,4,,1,100,,67172,41,4,,1,102,,67182,41,0,13,1,22,,67179,41,4,,1,78,,67187,41,,,1,104,,67173,41,4,,1,94,,67181,41,0,13,1,101,,67174,41,4,,1,100,,67175,41,4,,1,100,,67176,41,4,,1,100,,67177,41,4,,1,100,,67178,41,4,,1
100,'20261009',801,,67212,41,4,,1,108,,67213,41,4,,1,100,,67214,41,4,,1,100,,67215,41,4,,1,100,,67216,41,4,,1,99,,67228,41,0,13,1,101,,67217,41,4,,1,100,,67218,41,4,,1,100,,67219,41,4,,1,102,,67230,41,0,13,1,22,,67227,41,4,,1,78,,67235,41,,,1,104,,67220,41,4,,1,94,,67229,41,0,13,1,101,,67221,41,4,,1,100,,67222,41,4,,1,100,,67223,41,4,,1,100,,67224,41,4,,1,100,,67225,41,4,,1,100,,67226,41,4,,1
100,'20261010',1009,,67252,41,4,,1,7,,67269,41,,,1,93,,67253,41,4,,1,100,,67254,41,4,,1,11,,67270,41,,,1,89,,67255,41,4,,1,100,,67256,41,4,,1,100,,67257,41,4,,1,99,,67267,41,0,13,1,101,,67258,41,4,,1,100,,67259,41,4,,1,7,,67271,41,,,1,94,,67260,41,4,,1,100,,67261,41,4,,1,21,,67272,41,,,1,79,,67262,41,4,,1,99,,67268,41,0,13,1,101,,67263,41,4,,1,100,,67264,41,4,,1,102,,67265,41,4,,1,100,,67266,41,4,,1
100,'20261011',1009,,67289,41,4,,1,7,,67305,41,,,1,93,,67290,41,4,,1,100,,67291,41,4,,1,11,,67306,41,,,1,89,,67292,41,4,,1,100,,67293,41,4,,1,100,,67294,41,4,,1,99,,67303,41,0,13,1,101,,67295,41,4,,1,100,,67296,41,4,,1,7,,67307,41,,,1,94,,67297,41,4,,1,100,,67298,41,4,,1,21,,67308,41,,,1,79,,67299,41,4,,1,99,,67304,41,0,13,1,101,,67300,41,4,,1,100,,67301,41,4,,1,102,,67302,41,4,,1,100,,92403,41,4,,1
100,'20261012',1009,,67334,41,4,,1,7,,92415,41,,,1,93,,67335,41,4,,1,100,,67336,41,4,,1,11,,92416,41,,,1,89,,92408,41,4,,1,100,,67337,41,4,,1,100,,67338,41,4,,1,99,,92413,41,0,13,1,101,,92409,41,4,,1,100,,92410,41,4,,1,7,,67354,41,,,1,94,,67340,41,4,,1,100,,92411,41,4,,1,21,,92417,41,,,1,79,,67341,41,4,,1,99,,92414,41,0,13,1,101,,67343,41,4,,1,100,,67344,41,4,,1,102,,67345,41,4,,1,100,,92412,41,4,,1
100,'20261013',801,,67378,41,4,,1,108,,67379,41,4,,1,100,,67380,41,4,,1,100,,67381,41,4,,1,100,,67382,41,4,,1,99,,67393,41,0,13,1,101,,67383,41,4,,1,100,,67384,41,4,,1,100,,67385,41,4,,1,102,,67395,41,0,13,1,22,,67392,41,4,,1,78,,67400,41,,,1,104,,67386,41,4,,1,94,,67394,41,0,13,1,101,,67387,41,4,,1,100,,67388,41,4,,1,100,,67389,41,4,,1,100,,67390,41,4,,1,100,,67391,41,4,,1
100,'20261014',801,,67424,41,4,,1,108,,67425,41,4,,1,100,,67426,41,4,,1,100,,67427,41,4,,1,100,,67428,41,4,,1,99,,67439,41,0,13,1,101,,67429,41,4,,1,100,,67430,41,4,,1,100,,67431,41,4,,1,102,,67441,41,0,13,1,22,,67438,41,4,,1,78,,67446,41,,,1,104,,67432,41,4,,1,94,,67440,41,0,13,1,101,,67433,41,4,,1,100,,67434,41,4,,1,100,,67435,41,4,,1,100,,67436,41,4,,1,100,,67437,41,4,,1
100,'20261015',801,,67470,41,4,,1,108,,67471,41,4,,1,100,,67472,41,4,,1,100,,67473,41,4,,1,100,,67474,41,4,,1,99,,67485,41,0,13,1,101,,67475,41,4,,1,100,,67476,41,4,,1,100,,67477,41,4,,1,102,,67487,41,0,13,1,22,,67484,41,4,,1,78,,67492,41,,,1,104,,67478,41,4,,1,94,,67486,41,0,13,1,101,,67479,41,4,,1,100,,67480,41,4,,1,100,,67481,41,4,,1,100,,67482,41,4,,1,100,,67483,41,4,,1
100,'20261016',801,,67517,41,4,,1,108,,67518,41,4,,1,100,,67519,41,4,,1,100,,67520,41,4,,1,100,,67521,41,4,,1,99,,67533,41,0,13,1,101,,67522,41,4,,1,100,,67523,41,4,,1,100,,67524,41,4,,1,102,,67535,41,0,13,1,22,,67532,41,4,,1,78,,67540,41,,,1,104,,67525,41,4,,1,94,,67534,41,0,13,1,101,,67526,41,4,,1,100,,67527,41,4,,1,100,,67528,41,4,,1,100,,67529,41,4,,1
100,'20261017',1033,,67574,8,,,1,204,,67575,8,,,1,596,,67576,8,,,1,215,,67577,8,,,1
100,'20261018',1033,,67610,8,,,1,204,,67611,8,,,1,596,,67612,8,,,1,215,,67613,8,,,1
100,'20261019',803,,67637,41,4,,1,108,,67638,41,4,,1,100,,67639,41,4,,1,100,,67640,41,4,,1,100,,67641,41,4,,1,99,,67652,41,0,13,1,101,,67642,41,4,,1,100,,67643,41,4,,1,100,,67644,41,4,,1,102,,67654,41,0,13,1,20,,67651,41,4,,1,80,,67659,41,,,1,104,,67645,41,4,,1,92,,67653,41,0,13,1,103,,67646,41,4,,1,100,,67647,41,4,,1,100,,67648,41,4,,1,100,,67649,41,4,,1,100,,67650,41,4,,1
100,'20261020',801,,67683,41,4,,1,108,,67684,41,4,,1,100,,67685,41,4,,1,100,,67686,41,4,,1,100,,67687,41,4,,1,99,,67698,41,0,13,1,101,,67688,41,4,,1,100,,67689,41,4,,1,100,,67690,41,4,,1,102,,67700,41,0,13,1,22,,67697,41,4,,1,78,,67705,41,,,1,104,,67691,41,4,,1,94,,67699,41,0,13,1,101,,67692,41,4,,1,100,,67693,41,4,,1,100,,67694,41,4,,1,100,,67695,41,4,,1,100,,67696,41,4,,1
100,'20261021',801,,67729,41,4,,1,108,,67730,41,4,,1,100,,67731,41,4,,1,100,,67732,41,4,,1,100,,67733,41,4,,1,99,,67744,41,0,13,1,101,,67734,41,4,,1,100,,67735,41,4,,1,100,,67736,41,4,,1,102,,67746,41,0,13,1,22,,67743,41,4,,1,78,,67751,41,,,1,104,,67737,41,4,,1,94,,67745,41,0,13,1,101,,67738,41,4,,1,100,,67739,41,4,,1,100,,67740,41,4,,1,100,,67741,41,4,,1,100,,67742,41,4,,1
100,'20261022',801,,67775,41,4,,1,108,,67776,41,4,,1,100,,67777,41,4,,1,100,,67778,41,4,,1,100,,67779,41,4,,1,99,,67790,41,0,13,1,101,,67780,41,4,,1,100,,67781,41,4,,1,100,,67782,41,4,,1,102,,67792,41,0,13,1,22,,67789,41,4,,1,78,,67797,41,,,1,104,,67783,41,4,,1,94,,67791,41,0,13,1,101,,67784,41,4,,1,100,,67785,41,4,,1,100,,67786,41,4,,1,100,,67787,41,4,,1,100,,67788,41,4,,1
100,'20261023',801,,67822,41,4,,1,108,,67823,41,4,,1,100,,67824,41,4,,1,100,,67825,41,4,,1,100,,67826,41,4,,1,99,,67838,41,0,13,1,101,,67827,41,4,,1,100,,67828,41,4,,1,100,,67829,41,4,,1,102,,67840,41,0,13,1,22,,67837,41,4,,1,78,,67845,41,,,1,104,,67830,41,4,,1,94,,67839,41,0,13,1,101,,67831,41,4,,1,100,,67832,41,4,,1,100,,67833,41,4,,1,100,,67834,41,4,,1,100,,67835,41,4,,1,100,,67836,41,4,,1
100,'20261024',1009,,67862,41,4,,1,7,,67879,41,,,1,93,,67863,41,4,,1,100,,67864,41,4,,1,11,,67880,41,,,1,89,,67865,41,4,,1,100,,67866,41,4,,1,100,,67867,41,4,,1,99,,67877,41,0,13,1,101,,67868,41,4,,1,100,,67869,41,4,,1,7,,67881,41,,,1,94,,67870,41,4,,1,100,,67871,41,4,,1,21,,67882,41,,,1,79,,67872,41,4,,1,99,,67878,41,0,13,1,101,,67873,41,4,,1,100,,67874,41,4,,1,102,,67875,41,4,,1,100,,67876,41,4,,1
100,'20261025',1033,,67915,8,,,1,204,,67916,8,,,1,596,,67917,8,,,1,215,,67918,8,,,1
100,'20261026',803,,67942,41,4,,1,108,,67943,41,4,,1,100,,67944,41,4,,1,100,,67945,41,4,,1,100,,67946,41,4,,1,99,,67957,41,0,13,1,101,,67947,41,4,,1,100,,67948,41,4,,1,100,,67949,41,4,,1,102,,67959,41,0,13,1,20,,67956,41,4,,1,80,,67964,41,,,1,104,,67950,41,4,,1,92,,67958,41,0,13,1,103,,67951,41,4,,1,100,,67952,41,4,,1,100,,67953,41,4,,1,100,,67954,41,4,,1,100,,67955,41,4,,1
100,'20261027',801,,67988,41,4,,1,108,,67989,41,4,,1,100,,67990,41,4,,1,100,,67991,41,4,,1,100,,67992,41,4,,1,99,,68003,41,0,13,1,101,,67993,41,4,,1,100,,67994,41,4,,1,100,,67995,41,4,,1,102,,68005,41,0,13,1,22,,68002,41,4,,1,78,,68010,41,,,1,104,,67996,41,4,,1,94,,68004,41,0,13,1,101,,67997,41,4,,1,100,,67998,41,4,,1,100,,67999,41,4,,1,100,,68000,41,4,,1,100,,68001,41,4,,1
100,'20261028',801,,68034,41,4,,1,108,,68035,41,4,,1,100,,68036,41,4,,1,100,,68037,41,4,,1,100,,68038,41,4,,1,99,,68049,41,0,13,1,101,,68039,41,4,,1,100,,68040,41,4,,1,100,,68041,41,4,,1,102,,68051,41,0,13,1,22,,68048,41,4,,1,78,,68056,41,,,1,104,,68042,41,4,,1,94,,68050,41,0,13,1,101,,68043,41,4,,1,100,,68044,41,4,,1,100,,68045,41,4,,1,100,,68046,41,4,,1,100,,68047,41,4,,1
100,'20261029',801,,68080,41,4,,1,108,,68081,41,4,,1,100,,68082,41,4,,1,100,,68083,41,4,,1,100,,68084,41,4,,1,99,,68095,41,0,13,1,101,,68085,41,4,,1,100,,68086,41,4,,1,100,,68087,41,4,,1,102,,68097,41,0,13,1,22,,68094,41,4,,1,78,,68102,41,,,1,104,,68088,41,4,,1,94,,68096,41,0,13,1,101,,68089,41,4,,1,100,,68090,41,4,,1,100,,68091,41,4,,1,100,,68092,41,4,,1,100,,68093,41,4,,1
100,'20261030',801,,68127,41,4,,1,108,,68128,41,4,,1,100,,68129,41,4,,1,100,,68130,41,4,,1,100,,68131,41,4,,1,99,,68143,41,0,13,1,101,,68132,41,4,,1,100,,68133,41,4,,1,100,,68134,41,4,,1,102,,68145,41,0,13,1,22,,68142,41,4,,1,78,,68150,41,,,1,104,,68135,41,4,,1,94,,68144,41,0,13,1,101,,68136,41,4,,1,100,,68137,41,4,,1,100,,68138,41,4,,1,100,,68139,41,4,,1,100,,68140,41,4,,1,100,,68141,41,4,,1
100,'20261031',1009,,68167,41,4,,1,7,,68184,41,,,1,93,,68168,41,4,,1,100,,68169,41,4,,1,11,,68185,41,,,1,89,,68170,41,4,,1,100,,68171,41,4,,1,100,,68172,41,4,,1,99,,68182,41,0,13,1,101,,68173,41,4,,1,100,,68174,41,4,,1,7,,68186,41,,,1,94,,68175,41,4,,1,100,,68176,41,4,,1,21,,68187,41,,,1,79,,68177,41,4,,1,99,,68183,41,0,13,1,101,,68178,41,4,,1,100,,68179,41,4,,1,102,,68180,41,4,,1,100,,68181,41,4,,1
100,'20261101',1033,,68220,8,,,1,204,,68221,8,,,1,596,,68222,8,,,1,215,,68223,8,,,1
100,'20261102',803,,68247,41,4,,1,108,,68248,41,4,,1,100,,68249,41,4,,1,100,,68250,41,4,,1,100,,68251,41,4,,1,99,,68262,41,0,13,1,101,,68252,41,4,,1,100,,68253,41,4,,1,100,,68254,41,4,,1,102,,68264,41,0,13,1,20,,68261,41,4,,1,80,,68269,41,,,1,104,,68255,41,4,,1,92,,68263,41,0,13,1,103,,68256,41,4,,1,100,,68257,41,4,,1,100,,68258,41,4,,1,100,,68259,41,4,,1,100,,68260,41,4,,1
100,'20261103',801,,68293,41,4,,1,108,,68294,41,4,,1,100,,68295,41,4,,1,100,,68296,41,4,,1,100,,68297,41,4,,1,99,,68308,41,0,13,1,101,,68298,41,4,,1,100,,68299,41,4,,1,100,,68300,41,4,,1,102,,68310,41,0,13,1,22,,68307,41,4,,1,78,,68315,41,,,1,104,,68301,41,4,,1,94,,68309,41,0,13,1,101,,68302,41,4,,1,100,,68303,41,4,,1,100,,68304,41,4,,1,100,,68305,41,4,,1,100,,68306,41,4,,1
100,'20261104',801,,68339,41,4,,1,108,,68340,41,4,,1,100,,68341,41,4,,1,100,,68342,41,4,,1,100,,68343,41,4,,1,99,,68354,41,0,13,1,101,,68344,41,4,,1,100,,68345,41,4,,1,100,,68346,41,4,,1,102,,68356,41,0,13,1,22,,68353,41,4,,1,78,,68361,41,,,1,104,,68347,41,4,,1,94,,68355,41,0,13,1,101,,68348,41,4,,1,100,,68349,41,4,,1,100,,68350,41,4,,1,100,,68351,41,4,,1,100,,68352,41,4,,1
100,'20261105',801,,68385,41,4,,1,108,,68386,41,4,,1,100,,68387,41,4,,1,100,,68388,41,4,,1,100,,68389,41,4,,1,99,,68400,41,0,13,1,101,,68390,41,4,,1,100,,68391,41,4,,1,100,,68392,41,4,,1,102,,68402,41,0,13,1,22,,68399,41,4,,1,78,,68407,41,,,1,104,,68393,41,4,,1,94,,68401,41,0,13,1,101,,68394,41,4,,1,100,,68395,41,4,,1,100,,68396,41,4,,1,100,,68397,41,4,,1,100,,68398,41,4,,1
100,'20261106',801,,68432,41,4,,1,108,,68433,41,4,,1,100,,68434,41,4,,1,100,,68435,41,4,,1,100,,68436,41,4,,1,99,,68448,41,0,13,1,101,,68437,41,4,,1,100,,68438,41,4,,1,100,,68439,41,4,,1,102,,68450,41,0,13,1,22,,68447,41,4,,1,78,,68455,41,,,1,104,,68440,41,4,,1,94,,68449,41,0,13,1,101,,68441,41,4,,1,100,,68442,41,4,,1,100,,68443,41,4,,1,100,,68444,41,4,,1,100,,68445,41,4,,1,100,,68446,41,4,,1
100,'20261107',1009,,68472,41,4,,1,7,,68489,41,,,1,93,,68473,41,4,,1,100,,68474,41,4,,1,11,,68490,41,,,1,89,,68475,41,4,,1,100,,68476,41,4,,1,100,,68477,41,4,,1,99,,68487,41,0,13,1,101,,68478,41,4,,1,100,,68479,41,4,,1,7,,68491,41,,,1,94,,68480,41,4,,1,100,,68481,41,4,,1,21,,68492,41,,,1,79,,68482,41,4,,1,99,,68488,41,0,13,1,101,,68483,41,4,,1,100,,68484,41,4,,1,102,,68485,41,4,,1,100,,68486,41,4,,1
100,'20261108',1033,,68525,8,,,1,204,,68526,8,,,1,596,,68527,8,,,1,215,,68528,8,,,1
100,'20261109',803,,68552,41,4,,1,108,,68553,41,4,,1,100,,68554,41,4,,1,100,,68555,41,4,,1,100,,68556,41,4,,1,99,,68567,41,0,13,1,101,,68557,41,4,,1,100,,68558,41,4,,1,100,,68559,41,4,,1,102,,68569,41,0,13,1,20,,68566,41,4,,1,80,,68574,41,,,1,104,,68560,41,4,,1,92,,68568,41,0,13,1,103,,68561,41,4,,1,100,,68562,41,4,,1,100,,68563,41,4,,1,100,,68564,41,4,,1,100,,68565,41,4,,1
100,'20261110',801,,68598,41,4,,1,108,,68599,41,4,,1,100,,68600,41,4,,1,100,,68601,41,4,,1,100,,68602,41,4,,1,99,,68613,41,0,13,1,101,,68603,41,4,,1,100,,68604,41,4,,1,100,,68605,41,4,,1,102,,68615,41,0,13,1,22,,68612,41,4,,1,78,,68620,41,,,1,104,,68606,41,4,,1,94,,68614,41,0,13,1,101,,68607,41,4,,1,100,,68608,41,4,,1,100,,68609,41,4,,1,100,,68610,41,4,,1,100,,68611,41,4,,1
100,'20261111',801,,68644,41,4,,1,108,,68645,41,4,,1,100,,68646,41,4,,1,100,,68647,41,4,,1,100,,68648,41,4,,1,99,,68659,41,0,13,1,101,,68649,41,4,,1,100,,68650,41,4,,1,100,,68651,41,4,,1,102,,68661,41,0,13,1,22,,68658,41,4,,1,78,,68666,41,,,1,104,,68652,41,4,,1,94,,68660,41,0,13,1,101,,68653,41,4,,1,100,,68654,41,4,,1,100,,68655,41,4,,1,100,,68656,41,4,,1,100,,68657,41,4,,1
100,'20261112',801,,68690,41,4,,1,108,,68691,41,4,,1,100,,68692,41,4,,1,100,,68693,41,4,,1,100,,68694,41,4,,1,99,,68705,41,0,13,1,101,,68695,41,4,,1,100,,68696,41,4,,1,100,,68697,41,4,,1,102,,68707,41,0,13,1,22,,68704,41,4,,1,78,,68712,41,,,1,104,,68698,41,4,,1,94,,68706,41,0,13,1,101,,68699,41,4,,1,100,,68700,41,4,,1,100,,68701,41,4,,1,100,,68702,41,4,,1,100,,68703,41,4,,1
100,'20261113',801,,68737,41,4,,1,108,,68738,41,4,,1,100,,68739,41,4,,1,100,,68740,41,4,,1,100,,68741,41,4,,1,99,,68753,41,0,13,1,101,,68742,41,4,,1,100,,68743,41,4,,1,100,,68744,41,4,,1,102,,68755,41,0,13,1,22,,68752,41,4,,1,78,,68760,41,,,1,104,,68745,41,4,,1,94,,68754,41,0,13,1,101,,68746,41,4,,1,100,,68747,41,4,,1,100,,68748,41,4,,1,100,,68749,41,4,,1,100,,68750,41,4,,1,100,,68751,41,4,,1
100,'20261114',1009,,68777,41,4,,1,7,,68794,41,,,1,93,,68778,41,4,,1,100,,68779,41,4,,1,11,,68795,41,,,1,89,,68780,41,4,,1,100,,68781,41,4,,1,100,,68782,41,4,,1,99,,68792,41,0,13,1,101,,68783,41,4,,1,100,,68784,41,4,,1,7,,68796,41,,,1,94,,68785,41,4,,1,100,,68786,41,4,,1,21,,68797,41,,,1,79,,68787,41,4,,1,99,,68793,41,0,13,1,101,,68788,41,4,,1,100,,68789,41,4,,1,102,,68790,41,4,,1,100,,68791,41,4,,1
100,'20261115',1033,,68830,8,,,1,204,,68831,8,,,1,596,,68832,8,,,1,215,,68833,8,,,1
100,'20261116',803,,68857,41,4,,1,108,,68858,41,4,,1,100,,68859,41,4,,1,100,,68860,41,4,,1,100,,68861,41,4,,1,99,,68872,41,0,13,1,101,,68862,41,4,,1,100,,68863,41,4,,1,100,,68864,41,4,,1,102,,68874,41,0,13,1,20,,68871,41,4,,1,80,,68879,41,,,1,104,,68865,41,4,,1,92,,68873,41,0,13,1,103,,68866,41,4,,1,100,,68867,41,4,,1,100,,68868,41,4,,1,100,,68869,41,4,,1,100,,68870,41,4,,1
100,'20261117',801,,68903,41,4,,1,108,,68904,41,4,,1,100,,68905,41,4,,1,100,,68906,41,4,,1,100,,68907,41,4,,1,99,,68918,41,0,13,1,101,,68908,41,4,,1,100,,68909,41,4,,1,100,,68910,41,4,,1,102,,68920,41,0,13,1,22,,68917,41,4,,1,78,,68925,41,,,1,104,,68911,41,4,,1,94,,68919,41,0,13,1,101,,68912,41,4,,1,100,,68913,41,4,,1,100,,68914,41,4,,1,100,,68915,41,4,,1,100,,68916,41,4,,1
100,'20261118',801,,68949,41,4,,1,108,,68950,41,4,,1,100,,68951,41,4,,1,100,,68952,41,4,,1,100,,68953,41,4,,1,99,,68964,41,0,13,1,101,,68954,41,4,,1,100,,68955,41,4,,1,100,,68956,41,4,,1,102,,68966,41,0,13,1,22,,68963,41,4,,1,78,,68971,41,,,1,104,,68957,41,4,,1,94,,68965,41,0,13,1,101,,68958,41,4,,1,100,,68959,41,4,,1,100,,68960,41,4,,1,100,,68961,41,4,,1,100,,68962,41,4,,1
100,'20261119',801,,68995,41,4,,1,108,,68996,41,4,,1,100,,68997,41,4,,1,100,,68998,41,4,,1,100,,68999,41,4,,1,99,,69010,41,0,13,1,101,,69000,41,4,,1,100,,69001,41,4,,1,100,,69002,41,4,,1,102,,69012,41,0,13,1,22,,69009,41,4,,1,78,,69017,41,,,1,104,,69003,41,4,,1,94,,69011,41,0,13,1,101,,69004,41,4,,1,100,,69005,41,4,,1,100,,69006,41,4,,1,100,,69007,41,4,,1,100,,69008,41,4,,1
100,'20261120',801,,69042,41,4,,1,108,,69043,41,4,,1,100,,69044,41,4,,1,100,,69045,41,4,,1,100,,69046,41,4,,1,99,,69058,41,0,13,1,101,,69047,41,4,,1,100,,69048,41,4,,1,100,,69049,41,4,,1,102,,69060,41,0,13,1,22,,69057,41,4,,1,78,,69065,41,,,1,104,,69050,41,4,,1,94,,69059,41,0,13,1,101,,69051,41,4,,1,100,,69052,41,4,,1,100,,69053,41,4,,1,100,,69054,41,4,,1,100,,69055,41,4,,1,100,,69056,41,4,,1
100,'20261121',1009,,69082,41,4,,1,7,,69099,41,,,1,93,,69083,41,4,,1,100,,69084,41,4,,1,11,,69100,41,,,1,89,,69085,41,4,,1,100,,69086,41,4,,1,100,,69087,41,4,,1,99,,69097,41,0,13,1,101,,69088,41,4,,1,100,,69089,41,4,,1,7,,69101,41,,,1,94,,69090,41,4,,1,100,,69091,41,4,,1,21,,69102,41,,,1,79,,69092,41,4,,1,99,,69098,41,0,13,1,101,,69093,41,4,,1,100,,69094,41,4,,1,102,,69095,41,4,,1,100,,69096,41,4,,1
100,'20261122',1033,,69135,8,,,1,204,,69136,8,,,1,596,,69137,8,,,1,215,,69138,8,,,1
100,'20261123',803,,69162,41,4,,1,108,,69163,41,4,,1,100,,69164,41,4,,1,100,,69165,41,4,,1,100,,69166,41,4,,1,99,,69177,41,0,13,1,101,,69167,41,4,,1,100,,69168,41,4,,1,100,,69169,41,4,,1,102,,69179,41,0,13,1,20,,69176,41,4,,1,80,,69184,41,,,1,104,,69170,41,4,,1,92,,69178,41,0,13,1,103,,69171,41,4,,1,100,,69172,41,4,,1,100,,69173,41,4,,1,100,,69174,41,4,,1,100,,69175,41,4,,1
100,'20261124',801,,69208,41,4,,1,108,,69209,41,4,,1,100,,69210,41,4,,1,100,,69211,41,4,,1,100,,69212,41,4,,1,99,,69223,41,0,13,1,101,,69213,41,4,,1,100,,69214,41,4,,1,100,,69215,41,4,,1,102,,69225,41,0,13,1,22,,69222,41,4,,1,78,,69230,41,,,1,104,,69216,41,4,,1,94,,69224,41,0,13,1,101,,69217,41,4,,1,100,,69218,41,4,,1,100,,69219,41,4,,1,100,,69220,41,4,,1,100,,69221,41,4,,1
100,'20261125',801,,69254,41,4,,1,108,,69255,41,4,,1,100,,69256,41,4,,1,100,,69257,41,4,,1,100,,69258,41,4,,1,99,,69269,41,0,13,1,101,,69259,41,4,,1,100,,69260,41,4,,1,100,,69261,41,4,,1,102,,69271,41,0,13,1,22,,69268,41,4,,1,78,,69276,41,,,1,104,,69262,41,4,,1,94,,69270,41,0,13,1,101,,69263,41,4,,1,100,,69264,41,4,,1,100,,69265,41,4,,1,100,,69266,41,4,,1,100,,69267,41,4,,1
100,'20261126',801,,69300,41,4,,1,108,,69301,41,4,,1,100,,69302,41,4,,1,100,,69303,41,4,,1,100,,69304,41,4,,1,99,,69315,41,0,13,1,101,,69305,41,4,,1,100,,69306,41,4,,1,100,,69307,41,4,,1,102,,69317,41,0,13,1,22,,69314,41,4,,1,78,,69322,41,,,1,104,,69308,41,4,,1,94,,69316,41,0,13,1,101,,69309,41,4,,1,100,,69310,41,4,,1,100,,69311,41,4,,1,100,,69312,41,4,,1,100,,69313,41,4,,1
100,'20261127',801,,69347,41,4,,1,108,,69348,41,4,,1,100,,69349,41,4,,1,100,,69350,41,4,,1,100,,69351,41,4,,1,99,,69363,41,0,13,1,101,,69352,41,4,,1,100,,69353,41,4,,1,100,,69354,41,4,,1,102,,69365,41,0,13,1,22,,69362,41,4,,1,78,,69370,41,,,1,104,,69355,41,4,,1,94,,69364,41,0,13,1,101,,69356,41,4,,1,100,,69357,41,4,,1,100,,69358,41,4,,1,100,,69359,41,4,,1,100,,69360,41,4,,1,100,,69361,41,4,,1
101,'20260928',511,,70429,1,,,1,96,,70444,5,,,1,101,,70445,5,,,1,46,,70450,18,,,1,71,,70430,1,,,1,100,,70431,1,,,1,100,,70432,1,,,1,100,,70442,5,,,1,100,,70433,1,,,1,100,,70434,1,,,1,100,,70435,1,,,1,101,,70436,1,,,1,97,,70437,1,,,1,100,,70438,1,,,1,102,,70439,1,,,1,99,,70443,5,,,1,100,,70440,1,,,1,100,,70441,1,,,1
101,'20260929',511,,70475,1,,,1,96,,70490,5,,,1,101,,70491,5,,,1,46,,70496,18,,,1,71,,70476,1,,,1,100,,70477,1,,,1,100,,70478,1,,,1,100,,70488,5,,,1,100,,70479,1,,,1,100,,70480,1,,,1,100,,70481,1,,,1,101,,70482,1,,,1,97,,70483,1,,,1,100,,70484,1,,,1,102,,70485,1,,,1,99,,70489,5,,,1,100,,70486,1,,,1,100,,70487,1,,,1
101,'20260930',511,,70521,1,,,1,96,,70536,5,,,1,101,,70537,5,,,1,46,,70542,18,,,1,71,,70522,1,,,1,100,,70523,1,,,1,100,,70524,1,,,1,100,,70534,5,,,1,100,,70525,1,,,1,100,,70526,1,,,1,100,,70527,1,,,1,101,,70528,1,,,1,97,,70529,1,,,1,100,,70530,1,,,1,102,,70531,1,,,1,99,,70535,5,,,1,100,,70532,1,,,1,100,,70533,1,,,1
101,'20261001',511,,70567,1,,,1,96,,70582,5,,,1,101,,70583,5,,,1,46,,70588,18,,,1,71,,70568,1,,,1,100,,70569,1,,,1,100,,70570,1,,,1,100,,70580,5,,,1,100,,70571,1,,,1,100,,70572,1,,,1,100,,70573,1,,,1,101,,70574,1,,,1,97,,70575,1,,,1,100,,70576,1,,,1,102,,70577,1,,,1,99,,70581,5,,,1,100,,70578,1,,,1,100,,70579,1,,,1
101,'20261002',511,,70613,1,,,1,96,,70630,5,,,1,101,,70631,5,,,1,46,,70636,18,,,1,71,,70614,1,,,1,100,,70615,1,,,1,100,,70616,1,,,1,100,,70628,5,,,1,100,,70617,1,,,1,100,,70618,1,,,1,100,,70619,1,,,1,101,,70620,1,,,1,97,,70621,1,,,1,100,,70622,1,,,1,102,,70623,1,,,1,99,,70629,5,,,1,100,,70624,1,,,1,100,,70625,1,,,1,100,,70626,1,,,1,100,,70627,1,,,1
101,'20261003',724,,70665,5,,,1,100,,70666,5,,,1,100,,70667,5,,,1,100,,70653,1,,,1,100,,70668,5,,,1,100,,70654,1,,,1,90,,70670,18,,,1,10,,70655,1,,,1,100,,70656,1,,,1,100,,70657,1,,,1,100,,70658,1,,,1,92,,70671,18,,,1,8,,70659,1,,,1,100,,70660,1,,,1,100,,70669,5,,,1,100,,70661,1,,,1,91,,70672,18,,,1,9,,70662,1,,,1,100,,70663,1,,,1,100,,70664,1,,,1,5,,70673,18,,,1
101,'20261004',724,,70701,5,,,1,100,,70702,5,,,1,100,,70703,5,,,1,100,,70690,1,,,1,100,,70704,5,,,1,100,,70691,1,,,1,90,,70706,18,,,1,10,,70692,1,,,1,100,,70693,1,,,1,100,,70694,1,,,1,100,,70695,1,,,1,92,,70707,18,,,1,8,,70696,1,,,1,100,,70697,1,,,1,100,,70705,5,,,1,100,,70698,1,,,1,91,,70708,18,,,1,9,,70699,1,,,1,100,,70700,1,,,1,105,,70709,18,,,1
101,'20261005',511,,70734,1,,,1,96,,70749,5,,,1,101,,70750,5,,,1,46,,70755,18,,,1,71,,70735,1,,,1,100,,70736,1,,,1,100,,70737,1,,,1,100,,70747,5,,,1,100,,70738,1,,,1,100,,70739,1,,,1,100,,70740,1,,,1,101,,70741,1,,,1,97,,70742,1,,,1,100,,70743,1,,,1,102,,70744,1,,,1,99,,70748,5,,,1,100,,70745,1,,,1,100,,70746,1,,,1
101,'20261006',511,,70780,1,,,1,96,,70795,5,,,1,101,,70796,5,,,1,46,,70801,18,,,1,71,,70781,1,,,1,100,,70782,1,,,1,100,,70783,1,,,1,100,,70793,5,,,1,100,,70784,1,,,1,100,,70785,1,,,1,100,,70786,1,,,1,101,,70787,1,,,1,97,,70788,1,,,1,100,,70789,1,,,1,102,,70790,1,,,1,99,,70794,5,,,1,100,,70791,1,,,1,100,,70792,1,,,1
101,'20261007',511,,70826,1,,,1,96,,70841,5,,,1,101,,70842,5,,,1,46,,70847,18,,,1,71,,70827,1,,,1,100,,70828,1,,,1,100,,70829,1,,,1,100,,70839,5,,,1,100,,70830,1,,,1,100,,70831,1,,,1,100,,70832,1,,,1,101,,70833,1,,,1,97,,70834,1,,,1,100,,70835,1,,,1,102,,70836,1,,,1,99,,70840,5,,,1,100,,70837,1,,,1,100,,70838,1,,,1
101,'20261008',511,,70872,1,,,1,96,,70887,5,,,1,101,,70888,5,,,1,46,,70893,18,,,1,71,,70873,1,,,1,100,,70874,1,,,1,100,,70875,1,,,1,100,,70885,5,,,1,100,,70876,1,,,1,100,,70877,1,,,1,100,,70878,1,,,1,101,,70879,1,,,1,97,,70880,1,,,1,100,,70881,1,,,1,102,,70882,1,,,1,99,,70886,5,,,1,100,,70883,1,,,1,100,,70884,1,,,1
101,'20261009',511,,70918,1,,,1,96,,70935,5,,,1,101,,70936,5,,,1,46,,70941,18,,,1,71,,70919,1,,,1,100,,70920,1,,,1,100,,70921,1,,,1,100,,70933,5,,,1,100,,70922,1,,,1,100,,70923,1,,,1,100,,70924,1,,,1,101,,70925,1,,,1,97,,70926,1,,,1,100,,70927,1,,,1,102,,70928,1,,,1,99,,70934,5,,,1,100,,70929,1,,,1,100,,70930,1,,,1,100,,70931,1,,,1,100,,70932,1,,,1
101,'20261010',724,,70970,5,,,1,100,,70971,5,,,1,100,,70972,5,,,1,100,,70958,1,,,1,100,,70973,5,,,1,100,,70959,1,,,1,90,,70975,18,,,1,10,,70960,1,,,1,100,,70961,1,,,1,100,,70962,1,,,1,100,,70963,1,,,1,92,,70976,18,,,1,8,,70964,1,,,1,100,,70965,1,,,1,100,,70974,5,,,1,100,,70966,1,,,1,91,,70977,18,,,1,9,,70967,1,,,1,100,,70968,1,,,1,100,,70969,1,,,1,5,,70978,18,,,1
101,'20261011',724,,71006,5,,,1,100,,71007,5,,,1,100,,71008,5,,,1,100,,70995,1,,,1,100,,71009,5,,,1,100,,70996,1,,,1,90,,71011,18,,,1,10,,70997,1,,,1,100,,70998,1,,,1,100,,70999,1,,,1,100,,71000,1,,,1,92,,71012,18,,,1,8,,71001,1,,,1,100,,71002,1,,,1,100,,71010,5,,,1,100,,71003,1,,,1,91,,71013,18,,,1,9,,71004,1,,,1,100,,71005,1,,,1,100,,92418,1,,,1,5,,71014,18,,,1
101,'20261012',724,,92422,5,,,1,100,,92423,5,,,1,100,,92424,5,,,1,100,,71042,1,,,1,100,,71052,5,,,1,100,,71043,1,,,1,90,,92425,18,,,1,10,,71044,1,,,1,100,,71045,1,,,1,100,,71046,1,,,1,100,,71047,1,,,1,92,,92426,18,,,1,8,,71048,1,,,1,100,,71049,1,,,1,100,,71053,5,,,1,100,,71050,1,,,1,91,,92427,18,,,1,9,,71051,1,,,1,100,,92420,1,,,1,100,,92421,1,,,1,5,,92428,18,,,1
101,'20261013',511,,71085,1,,,1,96,,71100,5,,,1,101,,71101,5,,,1,46,,71106,18,,,1,71,,71086,1,,,1,100,,71087,1,,,1,100,,71088,1,,,1,100,,71098,5,,,1,100,,71089,1,,,1,100,,71090,1,,,1,100,,71091,1,,,1,101,,71092,1,,,1,97,,71093,1,,,1,100,,71094,1,,,1,102,,71095,1,,,1,99,,71099,5,,,1,100,,71096,1,,,1,100,,71097,1,,,1
101,'20261014',511,,71131,1,,,1,96,,71146,5,,,1,101,,71147,5,,,1,46,,71152,18,,,1,71,,71132,1,,,1,100,,71133,1,,,1,100,,71134,1,,,1,100,,71144,5,,,1,100,,71135,1,,,1,100,,71136,1,,,1,100,,71137,1,,,1,101,,71138,1,,,1,97,,71139,1,,,1,100,,71140,1,,,1,102,,71141,1,,,1,99,,71145,5,,,1,100,,71142,1,,,1,100,,71143,1,,,1
101,'20261015',511,,71177,1,,,1,96,,71192,5,,,1,101,,71193,5,,,1,46,,71198,18,,,1,71,,71178,1,,,1,100,,71179,1,,,1,100,,71180,1,,,1,100,,71190,5,,,1,100,,71181,1,,,1,100,,71182,1,,,1,100,,71183,1,,,1,101,,71184,1,,,1,97,,71185,1,,,1,100,,71186,1,,,1,102,,71187,1,,,1,99,,71191,5,,,1,100,,71188,1,,,1,100,,71189,1,,,1
101,'20261016',511,,71223,1,,,1,96,,71240,5,,,1,101,,71241,5,,,1,46,,71246,18,,,1,71,,71224,1,,,1,100,,71225,1,,,1,100,,71226,1,,,1,100,,71238,5,,,1,100,,71227,1,,,1,100,,71228,1,,,1,100,,71229,1,,,1,101,,71230,1,,,1,97,,71231,1,,,1,100,,71232,1,,,1,102,,71233,1,,,1,99,,71239,5,,,1,100,,71234,1,,,1,100,,71235,1,,,1,100,,71236,1,,,1,100,,71237,1,,,1
101,'20261017',1331,,71280,18,0,10,1,402,,71281,18,0,10,1,399,,71282,18,0,10,1,214,,71283,18,0,10,1
101,'20261018',1331,,71316,18,0,10,1,402,,71317,18,0,10,1,399,,71318,18,0,10,1,214,,71319,18,0,10,1
101,'20261019',510,,71344,1,,,1,96,,71359,5,,,1,101,,71360,5,,,1,46,,71365,18,,,1,71,,71345,1,,,1,100,,71346,1,,,1,100,,71347,1,,,1,100,,71357,5,,,1,100,,71348,1,,,1,100,,71349,1,,,1,100,,71350,1,,,1,101,,71351,1,,,1,97,,71352,1,,,1,100,,71353,1,,,1,102,,71354,1,,,1,99,,71358,5,,,1,100,,71355,1,,,1,100,,71356,1,,,1
101,'20261020',511,,71390,1,,,1,96,,71405,5,,,1,101,,71406,5,,,1,46,,71411,18,,,1,71,,71391,1,,,1,100,,71392,1,,,1,100,,71393,1,,,1,100,,71403,5,,,1,100,,71394,1,,,1,100,,71395,1,,,1,100,,71396,1,,,1,101,,71397,1,,,1,97,,71398,1,,,1,100,,71399,1,,,1,102,,71400,1,,,1,99,,71404,5,,,1,100,,71401,1,,,1,100,,71402,1,,,1
101,'20261021',511,,71436,1,,,1,96,,71451,5,,,1,101,,71452,5,,,1,46,,71457,18,,,1,71,,71437,1,,,1,100,,71438,1,,,1,100,,71439,1,,,1,100,,71449,5,,,1,100,,71440,1,,,1,100,,71441,1,,,1,100,,71442,1,,,1,101,,71443,1,,,1,97,,71444,1,,,1,100,,71445,1,,,1,102,,71446,1,,,1,99,,71450,5,,,1,100,,71447,1,,,1,100,,71448,1,,,1
101,'20261022',511,,71482,1,,,1,96,,71497,5,,,1,101,,71498,5,,,1,46,,71503,18,,,1,71,,71483,1,,,1,100,,71484,1,,,1,100,,71485,1,,,1,100,,71495,5,,,1,100,,71486,1,,,1,100,,71487,1,,,1,100,,71488,1,,,1,101,,71489,1,,,1,97,,71490,1,,,1,100,,71491,1,,,1,102,,71492,1,,,1,99,,71496,5,,,1,100,,71493,1,,,1,100,,71494,1,,,1
101,'20261023',511,,71528,1,,,1,96,,71545,5,,,1,101,,71546,5,,,1,46,,71551,18,,,1,71,,71529,1,,,1,100,,71530,1,,,1,100,,71531,1,,,1,100,,71543,5,,,1,100,,71532,1,,,1,100,,71533,1,,,1,100,,71534,1,,,1,101,,71535,1,,,1,97,,71536,1,,,1,100,,71537,1,,,1,102,,71538,1,,,1,99,,71544,5,,,1,100,,71539,1,,,1,100,,71540,1,,,1,100,,71541,1,,,1,100,,71542,1,,,1
101,'20261024',724,,71580,5,,,1,100,,71581,5,,,1,100,,71582,5,,,1,100,,71568,1,,,1,100,,71583,5,,,1,100,,71569,1,,,1,90,,71585,18,,,1,10,,71570,1,,,1,100,,71571,1,,,1,100,,71572,1,,,1,100,,71573,1,,,1,92,,71586,18,,,1,8,,71574,1,,,1,100,,71575,1,,,1,100,,71584,5,,,1,100,,71576,1,,,1,91,,71587,18,,,1,9,,71577,1,,,1,100,,71578,1,,,1,100,,71579,1,,,1,5,,71588,18,,,1
101,'20261025',1331,,71621,18,0,10,1,402,,71622,18,0,10,1,399,,71623,18,0,10,1,214,,71624,18,0,10,1
101,'20261026',510,,71649,1,,,1,96,,71664,5,,,1,101,,71665,5,,,1,46,,71670,18,,,1,71,,71650,1,,,1,100,,71651,1,,,1,100,,71652,1,,,1,100,,71662,5,,,1,100,,71653,1,,,1,100,,71654,1,,,1,100,,71655,1,,,1,101,,71656,1,,,1,97,,71657,1,,,1,100,,71658,1,,,1,102,,71659,1,,,1,99,,71663,5,,,1,100,,71660,1,,,1,100,,71661,1,,,1
101,'20261027',511,,71695,1,,,1,96,,71710,5,,,1,101,,71711,5,,,1,46,,71716,18,,,1,71,,71696,1,,,1,100,,71697,1,,,1,100,,71698,1,,,1,100,,71708,5,,,1,100,,71699,1,,,1,100,,71700,1,,,1,100,,71701,1,,,1,101,,71702,1,,,1,97,,71703,1,,,1,100,,71704,1,,,1,102,,71705,1,,,1,99,,71709,5,,,1,100,,71706,1,,,1,100,,71707,1,,,1
101,'20261028',511,,71741,1,,,1,96,,71756,5,,,1,101,,71757,5,,,1,46,,71762,18,,,1,71,,71742,1,,,1,100,,71743,1,,,1,100,,71744,1,,,1,100,,71754,5,,,1,100,,71745,1,,,1,100,,71746,1,,,1,100,,71747,1,,,1,101,,71748,1,,,1,97,,71749,1,,,1,100,,71750,1,,,1,102,,71751,1,,,1,99,,71755,5,,,1,100,,71752,1,,,1,100,,71753,1,,,1
101,'20261029',511,,71787,1,,,1,96,,71802,5,,,1,101,,71803,5,,,1,46,,71808,18,,,1,71,,71788,1,,,1,100,,71789,1,,,1,100,,71790,1,,,1,100,,71800,5,,,1,100,,71791,1,,,1,100,,71792,1,,,1,100,,71793,1,,,1,101,,71794,1,,,1,97,,71795,1,,,1,100,,71796,1,,,1,102,,71797,1,,,1,99,,71801,5,,,1,100,,71798,1,,,1,100,,71799,1,,,1
101,'20261030',511,,71833,1,,,1,96,,71850,5,,,1,101,,71851,5,,,1,46,,71856,18,,,1,71,,71834,1,,,1,100,,71835,1,,,1,100,,71836,1,,,1,100,,71848,5,,,1,100,,71837,1,,,1,100,,71838,1,,,1,100,,71839,1,,,1,101,,71840,1,,,1,97,,71841,1,,,1,100,,71842,1,,,1,102,,71843,1,,,1,99,,71849,5,,,1,100,,71844,1,,,1,100,,71845,1,,,1,100,,71846,1,,,1,100,,71847,1,,,1
101,'20261031',724,,71885,5,,,1,100,,71886,5,,,1,100,,71887,5,,,1,100,,71873,1,,,1,100,,71888,5,,,1,100,,71874,1,,,1,90,,71890,18,,,1,10,,71875,1,,,1,100,,71876,1,,,1,100,,71877,1,,,1,100,,71878,1,,,1,92,,71891,18,,,1,8,,71879,1,,,1,100,,71880,1,,,1,100,,71889,5,,,1,100,,71881,1,,,1,91,,71892,18,,,1,9,,71882,1,,,1,100,,71883,1,,,1,100,,71884,1,,,1,5,,71893,18,,,1
101,'20261101',1331,,71926,18,0,10,1,402,,71927,18,0,10,1,399,,71928,18,0,10,1,214,,71929,18,0,10,1
101,'20261102',510,,71954,1,,,1,96,,71969,5,,,1,101,,71970,5,,,1,46,,71975,18,,,1,71,,71955,1,,,1,100,,71956,1,,,1,100,,71957,1,,,1,100,,71967,5,,,1,100,,71958,1,,,1,100,,71959,1,,,1,100,,71960,1,,,1,101,,71961,1,,,1,97,,71962,1,,,1,100,,71963,1,,,1,102,,71964,1,,,1,99,,71968,5,,,1,100,,71965,1,,,1,100,,71966,1,,,1
101,'20261103',511,,72000,1,,,1,96,,72015,5,,,1,101,,72016,5,,,1,46,,72021,18,,,1,71,,72001,1,,,1,100,,72002,1,,,1,100,,72003,1,,,1,100,,72013,5,,,1,100,,72004,1,,,1,100,,72005,1,,,1,100,,72006,1,,,1,101,,72007,1,,,1,97,,72008,1,,,1,100,,72009,1,,,1,102,,72010,1,,,1,99,,72014,5,,,1,100,,72011,1,,,1,100,,72012,1,,,1
101,'20261104',511,,72046,1,,,1,96,,72061,5,,,1,101,,72062,5,,,1,46,,72067,18,,,1,71,,72047,1,,,1,100,,72048,1,,,1,100,,72049,1,,,1,100,,72059,5,,,1,100,,72050,1,,,1,100,,72051,1,,,1,100,,72052,1,,,1,101,,72053,1,,,1,97,,72054,1,,,1,100,,72055,1,,,1,102,,72056,1,,,1,99,,72060,5,,,1,100,,72057,1,,,1,100,,72058,1,,,1
101,'20261105',511,,72092,1,,,1,96,,72107,5,,,1,101,,72108,5,,,1,46,,72113,18,,,1,71,,72093,1,,,1,100,,72094,1,,,1,100,,72095,1,,,1,100,,72105,5,,,1,100,,72096,1,,,1,100,,72097,1,,,1,100,,72098,1,,,1,101,,72099,1,,,1,97,,72100,1,,,1,100,,72101,1,,,1,102,,72102,1,,,1,99,,72106,5,,,1,100,,72103,1,,,1,100,,72104,1,,,1
101,'20261106',511,,72138,1,,,1,96,,72155,5,,,1,101,,72156,5,,,1,46,,72161,18,,,1,71,,72139,1,,,1,100,,72140,1,,,1,100,,72141,1,,,1,100,,72153,5,,,1,100,,72142,1,,,1,100,,72143,1,,,1,100,,72144,1,,,1,101,,72145,1,,,1,97,,72146,1,,,1,100,,72147,1,,,1,102,,72148,1,,,1,99,,72154,5,,,1,100,,72149,1,,,1,100,,72150,1,,,1,100,,72151,1,,,1,100,,72152,1,,,1
101,'20261107',724,,72190,5,,,1,100,,72191,5,,,1,100,,72192,5,,,1,100,,72178,1,,,1,100,,72193,5,,,1,100,,72179,1,,,1,90,,72195,18,,,1,10,,72180,1,,,1,100,,72181,1,,,1,100,,72182,1,,,1,100,,72183,1,,,1,92,,72196,18,,,1,8,,72184,1,,,1,100,,72185,1,,,1,100,,72194,5,,,1,100,,72186,1,,,1,91,,72197,18,,,1,9,,72187,1,,,1,100,,72188,1,,,1,100,,72189,1,,,1,5,,72198,18,,,1
101,'20261108',1331,,72231,18,0,10,1,402,,72232,18,0,10,1,399,,72233,18,0,10,1,214,,72234,18,0,10,1
101,'20261109',510,,72259,1,,,1,96,,72274,5,,,1,101,,72275,5,,,1,46,,72280,18,,,1,71,,72260,1,,,1,100,,72261,1,,,1,100,,72262,1,,,1,100,,72272,5,,,1,100,,72263,1,,,1,100,,72264,1,,,1,100,,72265,1,,,1,101,,72266,1,,,1,97,,72267,1,,,1,100,,72268,1,,,1,102,,72269,1,,,1,99,,72273,5,,,1,100,,72270,1,,,1,100,,72271,1,,,1
101,'20261110',511,,72305,1,,,1,96,,72320,5,,,1,101,,72321,5,,,1,46,,72326,18,,,1,71,,72306,1,,,1,100,,72307,1,,,1,100,,72308,1,,,1,100,,72318,5,,,1,100,,72309,1,,,1,100,,72310,1,,,1,100,,72311,1,,,1,101,,72312,1,,,1,97,,72313,1,,,1,100,,72314,1,,,1,102,,72315,1,,,1,99,,72319,5,,,1,100,,72316,1,,,1,100,,72317,1,,,1
101,'20261111',511,,72351,1,,,1,96,,72366,5,,,1,101,,72367,5,,,1,46,,72372,18,,,1,71,,72352,1,,,1,100,,72353,1,,,1,100,,72354,1,,,1,100,,72364,5,,,1,100,,72355,1,,,1,100,,72356,1,,,1,100,,72357,1,,,1,101,,72358,1,,,1,97,,72359,1,,,1,100,,72360,1,,,1,102,,72361,1,,,1,99,,72365,5,,,1,100,,72362,1,,,1,100,,72363,1,,,1
101,'20261112',511,,72397,1,,,1,96,,72412,5,,,1,101,,72413,5,,,1,46,,72418,18,,,1,71,,72398,1,,,1,100,,72399,1,,,1,100,,72400,1,,,1,100,,72410,5,,,1,100,,72401,1,,,1,100,,72402,1,,,1,100,,72403,1,,,1,101,,72404,1,,,1,97,,72405,1,,,1,100,,72406,1,,,1,102,,72407,1,,,1,99,,72411,5,,,1,100,,72408,1,,,1,100,,72409,1,,,1
101,'20261113',511,,72443,1,,,1,96,,72460,5,,,1,101,,72461,5,,,1,46,,72466,18,,,1,71,,72444,1,,,1,100,,72445,1,,,1,100,,72446,1,,,1,100,,72458,5,,,1,100,,72447,1,,,1,100,,72448,1,,,1,100,,72449,1,,,1,101,,72450,1,,,1,97,,72451,1,,,1,100,,72452,1,,,1,102,,72453,1,,,1,99,,72459,5,,,1,100,,72454,1,,,1,100,,72455,1,,,1,100,,72456,1,,,1,100,,72457,1,,,1
101,'20261114',724,,72495,5,,,1,100,,72496,5,,,1,100,,72497,5,,,1,100,,72483,1,,,1,100,,72498,5,,,1,100,,72484,1,,,1,90,,72500,18,,,1,10,,72485,1,,,1,100,,72486,1,,,1,100,,72487,1,,,1,100,,72488,1,,,1,92,,72501,18,,,1,8,,72489,1,,,1,100,,72490,1,,,1,100,,72499,5,,,1,100,,72491,1,,,1,91,,72502,18,,,1,9,,72492,1,,,1,100,,72493,1,,,1,100,,72494,1,,,1,5,,72503,18,,,1
101,'20261115',1331,,72536,18,0,10,1,402,,72537,18,0,10,1,399,,72538,18,0,10,1,214,,72539,18,0,10,1
101,'20261116',510,,72564,1,,,1,96,,72579,5,,,1,101,,72580,5,,,1,46,,72585,18,,,1,71,,72565,1,,,1,100,,72566,1,,,1,100,,72567,1,,,1,100,,72577,5,,,1,100,,72568,1,,,1,100,,72569,1,,,1,100,,72570,1,,,1,101,,72571,1,,,1,97,,72572,1,,,1,100,,72573,1,,,1,102,,72574,1,,,1,99,,72578,5,,,1,100,,72575,1,,,1,100,,72576,1,,,1
101,'20261117',511,,72610,1,,,1,96,,72625,5,,,1,101,,72626,5,,,1,46,,72631,18,,,1,71,,72611,1,,,1,100,,72612,1,,,1,100,,72613,1,,,1,100,,72623,5,,,1,100,,72614,1,,,1,100,,72615,1,,,1,100,,72616,1,,,1,101,,72617,1,,,1,97,,72618,1,,,1,100,,72619,1,,,1,102,,72620,1,,,1,99,,72624,5,,,1,100,,72621,1,,,1,100,,72622,1,,,1
101,'20261118',511,,72656,1,,,1,96,,72671,5,,,1,101,,72672,5,,,1,46,,72677,18,,,1,71,,72657,1,,,1,100,,72658,1,,,1,100,,72659,1,,,1,100,,72669,5,,,1,100,,72660,1,,,1,100,,72661,1,,,1,100,,72662,1,,,1,101,,72663,1,,,1,97,,72664,1,,,1,100,,72665,1,,,1,102,,72666,1,,,1,99,,72670,5,,,1,100,,72667,1,,,1,100,,72668,1,,,1
101,'20261119',511,,72702,1,,,1,96,,72717,5,,,1,101,,72718,5,,,1,46,,72723,18,,,1,71,,72703,1,,,1,100,,72704,1,,,1,100,,72705,1,,,1,100,,72715,5,,,1,100,,72706,1,,,1,100,,72707,1,,,1,100,,72708,1,,,1,101,,72709,1,,,1,97,,72710,1,,,1,100,,72711,1,,,1,102,,72712,1,,,1,99,,72716,5,,,1,100,,72713,1,,,1,100,,72714,1,,,1
101,'20261120',511,,72748,1,,,1,96,,72765,5,,,1,101,,72766,5,,,1,46,,72771,18,,,1,71,,72749,1,,,1,100,,72750,1,,,1,100,,72751,1,,,1,100,,72763,5,,,1,100,,72752,1,,,1,100,,72753,1,,,1,100,,72754,1,,,1,101,,72755,1,,,1,97,,72756,1,,,1,100,,72757,1,,,1,102,,72758,1,,,1,99,,72764,5,,,1,100,,72759,1,,,1,100,,72760,1,,,1,100,,72761,1,,,1,100,,72762,1,,,1
101,'20261121',724,,72800,5,,,1,100,,72801,5,,,1,100,,72802,5,,,1,100,,72788,1,,,1,100,,72803,5,,,1,100,,72789,1,,,1,90,,72805,18,,,1,10,,72790,1,,,1,100,,72791,1,,,1,100,,72792,1,,,1,100,,72793,1,,,1,92,,72806,18,,,1,8,,72794,1,,,1,100,,72795,1,,,1,100,,72804,5,,,1,100,,72796,1,,,1,91,,72807,18,,,1,9,,72797,1,,,1,100,,72798,1,,,1,100,,72799,1,,,1,5,,72808,18,,,1
101,'20261122',1331,,72841,18,0,10,1,402,,72842,18,0,10,1,399,,72843,18,0,10,1,214,,72844,18,0,10,1
101,'20261123',510,,72869,1,,,1,96,,72884,5,,,1,101,,72885,5,,,1,46,,72890,18,,,1,71,,72870,1,,,1,100,,72871,1,,,1,100,,72872,1,,,1,100,,72882,5,,,1,100,,72873,1,,,1,100,,72874,1,,,1,100,,72875,1,,,1,101,,72876,1,,,1,97,,72877,1,,,1,100,,72878,1,,,1,102,,72879,1,,,1,99,,72883,5,,,1,100,,72880,1,,,1,100,,72881,1,,,1
101,'20261124',511,,72915,1,,,1,96,,72930,5,,,1,101,,72931,5,,,1,46,,72936,18,,,1,71,,72916,1,,,1,100,,72917,1,,,1,100,,72918,1,,,1,100,,72928,5,,,1,100,,72919,1,,,1,100,,72920,1,,,1,100,,72921,1,,,1,101,,72922,1,,,1,97,,72923,1,,,1,100,,72924,1,,,1,102,,72925,1,,,1,99,,72929,5,,,1,100,,72926,1,,,1,100,,72927,1,,,1
101,'20261125',511,,72961,1,,,1,96,,72976,5,,,1,101,,72977,5,,,1,46,,72982,18,,,1,71,,72962,1,,,1,100,,72963,1,,,1,100,,72964,1,,,1,100,,72974,5,,,1,100,,72965,1,,,1,100,,72966,1,,,1,100,,72967,1,,,1,101,,72968,1,,,1,97,,72969,1,,,1,100,,72970,1,,,1,102,,72971,1,,,1,99,,72975,5,,,1,100,,72972,1,,,1,100,,72973,1,,,1
101,'20261126',511,,73007,1,,,1,96,,73022,5,,,1,101,,73023,5,,,1,46,,73028,18,,,1,71,,73008,1,,,1,100,,73009,1,,,1,100,,73010,1,,,1,100,,73020,5,,,1,100,,73011,1,,,1,100,,73012,1,,,1,100,,73013,1,,,1,101,,73014,1,,,1,97,,73015,1,,,1,100,,73016,1,,,1,102,,73017,1,,,1,99,,73021,5,,,1,100,,73018,1,,,1,100,,73019,1,,,1
101,'20261127',511,,73053,1,,,1,96,,73070,5,,,1,101,,73071,5,,,1,46,,73076,18,,,1,71,,73054,1,,,1,100,,73055,1,,,1,100,,73056,1,,,1,100,,73068,5,,,1,100,,73057,1,,,1,100,,73058,1,,,1,100,,73059,1,,,1,101,,73060,1,,,1,97,,73061,1,,,1,100,,73062,1,,,1,102,,73063,1,,,1,99,,73069,5,,,1,100,,73064,1,,,1,100,,73065,1,,,1,100,,73066,1,,,1,100,,73067,1,,,1
