100,'20261005',718,,67004,34,4,,1,29,,67027,34,0,11 12,1,79,,67005,34,4,,1,29,,67028,34,0,11 12,1,71,,67006,34,4,,1,29,,67029,34,0,11 12,1,71,,67007,34,4,,1,29,,67030,34,0,11 12,1,71,,67008,34,4,,1,29,,67031,34,0,11 12,1,71,,67009,34,4,,1,29,,67042,34,0,13,1,71,,67010,34,4,,1,29,,67032,34,0,11 12,1,71,,67011,34,4,,1,29,,67033,34,0,11 12,1,71,,67012,34,4,,1,29,,67034,34,0,11 12,1,71,,67013,34,4,,1,23,,67045,34,0,17 18,1,9,,67044,34,0,13,1,61,,67041,34,0,11 12,1,11,,67019,34,4,,1,19,,67046,34,0,17 18,1,9,,67049,34,,,1,61,,67047,34,0,17 18,1,11,,67020,34,4,,1,19,,67048,34,0,17 18,1,52,,67035,34,0,11 12,1,26,,67014,34,4,,1,29,,67043,34,0,13,1,71,,67015,34,4,,1,29,,67036,34,0,11 12,1,71,,67016,34,4,,1,29,,67037,34,0,11 12,1,71,,67017,34,4,,1,29,,67038,34,0,11 12,1,71,,67018,34,4,,1,29,,67039,34,0,11 12,1,59,,67023,34,4,,1,41,,67040,34,0,11 12,1
100,'20261006',718,,67050,34,4,,1,29,,67073,34,0,11 12,1,79,,67051,34,4,,1,29,,67074,34,0,11 12,1,71,,67052,34,4,,1,29,,67075,34,0,11 12,1,71,,67053,34,4,,1,29,,67076,34,0,11 12,1,71,,67054,34,4,,1,29,,67077,34,0,11 12,1,71,,67055,34,4,,1,29,,67088,34,0,13,1,71,,67056,34,4,,1,29,,67078,34,0,11 12,1,71,,67057,34,4,,1,29,,67079,34,0,11 12,1,71,,67058,34,4,,1,29,,67080,34,0,11 12,1,71,,67059,34,4,,1,23,,67091,34,0,17 18,1,9,,67090,34,0,13,1,61,,67087,34,0,11 12,1,11,,67065,34,4,,1,19,,67092,34,0,17 18,1,9,,67095,34,,,1,61,,67093,34,0,17 18,1,11,,67066,34,4,,1,19,,67094,34,0,17 18,1,52,,67081,34,0,11 12,1,26,,67060,34,4,,1,29,,67089,34,0,13,1,71,,67061,34,4,,1,29,,67082,34,0,11 12,1,71,,67062,34,4,,1,29,,67083,34,0,11 12,1,71,,67063,34,4,,1,29,,67084,34,0,11 12,1,71,,67064,34,4,,1,29,,67085,34,0,11 12,1,59,,67069,34,4,,1,41,,67086,34,0,11 12,1
100,'20261007',718,,67096,34,4,,1,29,,67119,34,0,11 12,1,79,,67097,34,4,,1,29,,67120,34,0,11 12,1,71,,67098,34,4,,1,29,,67121,34,0,11 12,1,71,,67099,34,4,,1,29,,67122,34,0,11 12,1,71,,67100,34,4,,1,29,,67123,34,0,11 12,1,71,,67101,34,4,,1,29,,67134,34,0,13,1,71,,67102,34,4,,1,29,,67124,34,0,11 12,1,71,,67103,34,4,,1,29,,67125,34,0,11 12,1,71,,67104,34,4,,1,29,,67126,34,0,11 12,1,71,,67105,34,4,,1,23,,67137,34,0,17 18,1,9,,67136,34,0,13,1,61,,67133,34,0,11 12,1,11,,67111,34,4,,1,19,,67138,34,0,17 18,1,9,,67141,34,,,1,61,,67139,34,0,17 18,1,11,,67112,34,4,,1,19,,67140,34,0,17 18,1,52,,67127,34,0,11 12,1,26,,67106,34,4,,1,29,,67135,34,0,13,1,71,,67107,34,4,,1,29,,67128,34,0,11 12,1,71,,67108,34,4,,1,29,,67129,34,0,11 12,1,71,,67109,34,4,,1,29,,67130,34,0,11 12,1,71,,67110,34,4,,1,29,,67131,34,0,11 12,1,59,,67115,34,4,,1,41,,67132,34,0,11 12,1
100,'20261008',718,,67142,34,4,,1,29,,67165,34,0,11 12,1,79,,67143,34,4,,1,29,,67166,34,0,11 12,1,71,,67144,34,4,,1,29,,67167,34,0,11 12,1,71,,67145,34,4,,1,29,,67168,34,0,11 12,1,71,,67146,34,4,,1,29,,67169,34,0,11 12,1,71,,67147,34,4,,1,29,,67180,34,0,13,1,71,,67148,34,4,,1,29,,67170,34,0,11 12,1,71,,67149,34,4,,1,29,,67171,34,0,11 12,1,71,,67150,34,4,,1,29,,67172,34,0,11 12,1,71,,67151,34,4,,1,23,,67183,34,0,17 18,1,9,,67182,34,0,13,1,61,,67179,34,0,11 12,1,11,,67157,34,4,,1,19,,67184,34,0,17 18,1,9,,67187,34,,,1,61,,67185,34,0,17 18,1,11,,67158,34,4,,1,19,,67186,34,0,17 18,1,52,,67173,34,0,11 12,1,26,,67152,34,4,,1,29,,67181,34,0,13,1,71,,67153,34,4,,1,29,,67174,34,0,11 12,1,71,,67154,34,4,,1,29,,67175,34,0,11 12,1,71,,67155,34,4,,1,29,,67176,34,0,11 12,1,71,,67156,34,4,,1,29,,67177,34,0,11 12,1,59,,67161,34,4,,1,41,,67178,34,0,11 12,1
100,'20261009',718,,67188,34,4,,1,29,,67212,34,0,11 12,1,79,,67189,34,4,,1,29,,67213,34,0,11 12,1,71,,67190,34,4,,1,29,,67214,34,0,11 12,1,71,,67191,34,4,,1,29,,67215,34,0,11 12,1,71,,67192,34,4,,1,29,,67216,34,0,11 12,1,71,,67193,34,4,,1,29,,67228,34,0,13,1,71,,67194,34,4,,1,29,,67217,34,0,11 12,1,71,,67195,34,4,,1,29,,67218,34,0,11 12,1,71,,67196,34,4,,1,29,,67219,34,0,11 12,1,71,,67197,34,4,,1,23,,67231,34,0,17 18,1,9,,67230,34,0,13,1,61,,67227,34,0,11 12,1,11,,67205,34,4,,1,19,,67232,34,0,17 18,1,9,,67235,34,,,1,61,,67233,34,0,17 18,1,11,,67206,34,4,,1,19,,67234,34,0,17 18,1,52,,67220,34,0,11 12,1,26,,67198,34,4,,1,29,,67229,34,0,13,1,71,,67199,34,4,,1,29,,67221,34,0,11 12,1,71,,67200,34,4,,1,29,,67222,34,0,11 12,1,71,,67201,34,4,,1,29,,67223,34,0,11 12,1,71,,67202,34,4,,1,29,,67224,34,0,11 12,1,71,,67203,34,4,,1,29,,67225,34,0,11 12,1,71,,67204,34,4,,1,29,,67226,34,0,11 12,1
100,'20261010',955,,67252,34,0,11 12,1,47,,67269,34,,,1,24,,67236,34,4,,1,29,,67253,34,0,11 12,1,71,,67237,34,4,,1,29,,67254,34,0,11 12,1,51,,67270,34,,,1,20,,67238,34,4,,1,29,,67255,34,0,11 12,1,71,,67239,34,4,,1,29,,67256,34,0,11 12,1,71,,67240,34,4,,1,29,,67257,34,0,11 12,1,71,,67241,34,4,,1,29,,67267,34,0,13,1,71,,67242,34,4,,1,29,,67258,34,0,11 12,1,71,,67243,34,4,,1,29,,67259,34,0,11 12,1,48,,67271,34,,,1,24,,67244,34,4,,1,29,,67260,34,0,11 12,1,71,,67245,34,4,,1,29,,67261,34,0,11 12,1,62,,67272,34,,,1,9,,67246,34,4,,1,29,,67262,34,0,11 12,1,71,,67247,34,4,,1,29,,67268,34,0,13,1,71,,67248,34,4,,1,29,,67263,34,0,11 12,1,71,,67249,34,4,,1,29,,67264,34,0,11 12,1,72,,67250,34,4,,1,30,,67265,34,0,11 12,1,71,,67251,34,4,,1,29,,67266,34,0,11 12,1
100,'20261011',955,,67289,34,0,11 12,1,47,,67305,34,,,1,24,,67273,34,4,,1,29,,67290,34,0,11 12,1,71,,67274,34,4,,1,29,,67291,34,0,11 12,1,51,,67306,34,,,1,20,,67275,34,4,,1,29,,67292,34,0,11 12,1,71,,67276,34,4,,1,29,,67293,34,0,11 12,1,71,,67277,34,4,,1,29,,67294,34,0,11 12,1,71,,67278,34,4,,1,29,,67303,34,0,13,1,71,,67279,34,4,,1,29,,67295,34,0,11 12,1,71,,67280,34,4,,1,29,,67296,34,0,11 12,1,48,,67307,34,,,1,24,,67281,34,4,,1,29,,67297,34,0,11 12,1,71,,67282,34,4,,1,29,,67298,34,0,11 12,1,62,,67308,34,,,1,9,,67283,34,4,,1,29,,67299,34,0,11 12,1,71,,67284,34,4,,1,29,,67304,34,0,13,1,71,,67285,34,4,,1,29,,67300,34,0,11 12,1,71,,67286,34,4,,1,29,,67301,34,0,11 12,1,72,,67287,34,4,,1,30,,67302,34,0,11 12,1,71,,67288,34,4,,1,29,,92403,34,0,11 12,1
100,'20261012',955,,67334,34,0,11 12,1,47,,92415,34,,,1,24,,67312,34,4,,1,29,,67335,34,0,11 12,1,71,,67313,34,4,,1,29,,67336,34,0,11 12,1,51,,92416,34,,,1,20,,67314,34,4,,1,29,,92408,34,0,11 12,1,71,,67315,34,4,,1,29,,67337,34,0,11 12,1,71,,67316,34,4,,1,29,,67338,34,0,11 12,1,71,,67317,34,4,,1,29,,92413,34,0,13,1,71,,67318,34,4,,1,29,,92409,34,0,11 12,1,71,,92404,34,4,,1,29,,92410,34,0,11 12,1,48,,67354,34,,,1,24,,92405,34,4,,1,29,,67340,34,0,11 12,1,71,,67319,34,4,,1,29,,92411,34,0,11 12,1,62,,92417,34,,,1,9,,67320,34,4,,1,29,,67341,34,0,11 12,1,71,,67321,34,4,,1,29,,92414,34,0,13,1,71,,67322,34,4,,1,29,,67343,34,0,11 12,1,71,,67323,34,4,,1,29,,67344,34,0,11 12,1,72,,92406,34,4,,1,30,,67345,34,0,11 12,1,71,,92407,34,4,,1,29,,92412,34,0,11 12,1
100,'20261013',718,,67355,34,4,,1,29,,67378,34,0,11 12,1,79,,67356,34,4,,1,29,,67379,34,0,11 12,1,71,,67357,34,4,,1,29,,67380,34,0,11 12,1,71,,67358,34,4,,1,29,,67381,34,0,11 12,1,71,,67359,34,4,,1,29,,67382,34,0,11 12,1,71,,67360,34,4,,1,29,,67393,34,0,13,1,71,,67361,34,4,,1,29,,67383,34,0,11 12,1,71,,67362,34,4,,1,29,,67384,34,0,11 12,1,71,,67363,34,4,,1,29,,67385,34,0,11 12,1,71,,67364,34,4,,1,23,,67396,34,0,17 18,1,9,,67395,34,0,13,1,61,,67392,34,0,11 12,1,11,,67370,34,4,,1,19,,67397,34,0,17 18,1,9,,67400,34,,,1,61,,67398,34,0,17 18,1,11,,67371,34,4,,1,19,,67399,34,0,17 18,1,52,,67386,34,0,11 12,1,26,,67365,34,4,,1,29,,67394,34,0,13,1,71,,67366,34,4,,1,29,,67387,34,0,11 12,1,71,,67367,34,4,,1,29,,67388,34,0,11 12,1,71,,67368,34,4,,1,29,,67389,34,0,11 12,1,71,,67369,34,4,,1,29,,67390,34,0,11 12,1,59,,67374,34,4,,1,41,,67391,34,0,11 12,1
100,'20261014',718,,67401,34,4,,1,29,,67424,34,0,11 12,1,79,,67402,34,4,,1,29,,67425,34,0,11 12,1,71,,67403,34,4,,1,29,,67426,34,0,11 12,1,71,,67404,34,4,,1,29,,67427,34,0,11 12,1,71,,67405,34,4,,1,29,,67428,34,0,11 12,1,71,,67406,34,4,,1,29,,67439,34,0,13,1,71,,67407,34,4,,1,29,,67429,34,0,11 12,1,71,,67408,34,4,,1,29,,67430,34,0,11 12,1,71,,67409,34,4,,1,29,,67431,34,0,11 12,1,71,,67410,34,4,,1,23,,67442,34,0,17 18,1,9,,67441,34,0,13,1,61,,67438,34,0,11 12,1,11,,67416,34,4,,1,19,,67443,34,0,17 18,1,9,,67446,34,,,1,61,,67444,34,0,17 18,1,11,,67417,34,4,,1,19,,67445,34,0,17 18,1,52,,67432,34,0,11 12,1,26,,67411,34,4,,1,29,,67440,34,0,13,1,71,,67412,34,4,,1,29,,67433,34,0,11 12,1,71,,67413,34,4,,1,29,,67434,34,0,11 12,1,71,,67414,34,4,,1,29,,67435,34,0,11 12,1,71,,67415,34,4,,1,29,,67436,34,0,11 12,1,59,,67420,34,4,,1,41,,67437,34,0,11 12,1
100,'20261015',718,,67447,34,4,,1,29,,67470,34,0,11 12,1,79,,67448,34,4,,1,29,,67471,34,0,11 12,1,71,,67449,34,4,,1,29,,67472,34,0,11 12,1,71,,67450,34,4,,1,29,,67473,34,0,11 12,1,71,,67451,34,4,,1,29,,67474,34,0,11 12,1,71,,67452,34,4,,1,29,,67485,34,0,13,1,71,,67453,34,4,,1,29,,67475,34,0,11 12,1,71,,67454,34,4,,1,29,,67476,34,0,11 12,1,71,,67455,34,4,,1,29,,67477,34,0,11 12,1,71,,67456,34,4,,1,23,,67488,34,0,17 18,1,9,,67487,34,0,13,1,61,,67484,34,0,11 12,1,11,,67462,34,4,,1,19,,67489,34,0,17 18,1,9,,67492,34,,,1,61,,67490,34,0,17 18,1,11,,67463,34,4,,1,19,,67491,34,0,17 18,1,52,,67478,34,0,11 12,1,26,,67457,34,4,,1,29,,67486,34,0,13,1,71,,67458,34,4,,1,29,,67479,34,0,11 12,1,71,,67459,34,4,,1,29,,67480,34,0,11 12,1,71,,67460,34,4,,1,29,,67481,34,0,11 12,1,71,,67461,34,4,,1,29,,67482,34,0,11 12,1,59,,67466,34,4,,1,41,,67483,34,0,11 12,1
100,'20261016',718,,67493,34,4,,1,29,,67517,34,0,11 12,1,79,,67494,34,4,,1,29,,67518,34,0,11 12,1,71,,67495,34,4,,1,29,,67519,34,0,11 12,1,71,,67496,34,4,,1,29,,67520,34,0,11 12,1,71,,67497,34,4,,1,29,,67521,34,0,11 12,1,71,,67498,34,4,,1,29,,67533,34,0,13,1,71,,67499,34,4,,1,29,,67522,34,0,11 12,1,71,,67500,34,4,,1,29,,67523,34,0,11 12,1,71,,67501,34,4,,1,29,,67524,34,0,11 12,1,71,,67502,34,4,,1,23,,67536,34,0,17 18,1,9,,67535,34,0,13,1,61,,67532,34,0,11 12,1,11,,67510,34,4,,1,19,,67537,34,0,17 18,1,9,,67540,34,,,1,61,,67538,34,0,17 18,1,11,,67511,34,4,,1,19,,67539,34,0,17 18,1,52,,67525,34,0,11 12,1,26,,67503,34,4,,1,29,,67534,34,0,13,1,71,,67504,34,4,,1,29,,67526,34,0,11 12,1,71,,67505,34,4,,1,29,,67527,34,0,11 12,1,71,,67506,34,4,,1,29,,67528,34,0,11 12,1,71,,67507,34,4,,1,29,,67529,34,0,11 12,1,71,,67508,34,4,,1
100,'20261017',1019,,67574,1,,,1,204,,67575,1,,,1,597,,67576,1,,,1,215,,67577,1,,,1
100,'20261018',1019,,67610,1,,,1,204,,67611,1,,,1,597,,67612,1,,,1,215,,67613,1,,,1
100,'20261019',718,,67614,34,4,,1,31,,67637,34,0,11 12,1,79,,67615,34,4,,1,29,,67638,34,0,11 12,1,71,,67616,34,4,,1,29,,67639,34,0,11 12,1,71,,67617,34,4,,1,29,,67640,34,0,11 12,1,71,,67618,34,4,,1,29,,67641,34,0,11 12,1,71,,67619,34,4,,1,29,,67652,34,0,13,1,71,,67620,34,4,,1,29,,67642,34,0,11 12,1,71,,67621,34,4,,1,29,,67643,34,0,11 12,1,71,,67622,34,4,,1,29,,67644,34,0,11 12,1,71,,67623,34,4,,1,23,,67655,34,0,17 18,1,49,,67654,34,0,13,1,19,,67651,34,0,11 12,1,13,,67629,34,4,,1,19,,67656,34,0,17 18,1,49,,67659,34,,,1,21,,67657,34,0,17 18,1,11,,67630,34,4,,1,19,,67658,34,0,17 18,1,52,,67645,34,0,11 12,1,26,,67624,34,4,,1,27,,67653,34,0,13,1,73,,67625,34,4,,1,29,,67646,34,0,11 12,1,71,,67626,34,4,,1,29,,67647,34,0,11 12,1,71,,67627,34,4,,1,29,,67648,34,0,11 12,1,71,,67628,34,4,,1,29,,67649,34,0,11 12,1,59,,67633,34,4,,1,41,,67650,34,0,11 12,1
100,'20261020',718,,67660,34,4,,1,29,,67683,34,0,11 12,1,79,,67661,34,4,,1,29,,67684,34,0,11 12,1,71,,67662,34,4,,1,29,,67685,34,0,11 12,1,71,,67663,34,4,,1,29,,67686,34,0,11 12,1,71,,67664,34,4,,1,29,,67687,34,0,11 12,1,71,,67665,34,4,,1,29,,67698,34,0,13,1,71,,67666,34,4,,1,29,,67688,34,0,11 12,1,71,,67667,34,4,,1,29,,67689,34,0,11 12,1,71,,67668,34,4,,1,29,,67690,34,0,11 12,1,71,,67669,34,4,,1,23,,67701,34,0,17 18,1,9,,67700,34,0,13,1,61,,67697,34,0,11 12,1,11,,67675,34,4,,1,19,,67702,34,0,17 18,1,9,,67705,34,,,1,61,,67703,34,0,17 18,1,11,,67676,34,4,,1,19,,67704,34,0,17 18,1,52,,67691,34,0,11 12,1,26,,67670,34,4,,1,29,,67699,34,0,13,1,71,,67671,34,4,,1,29,,67692,34,0,11 12,1,71,,67672,34,4,,1,29,,67693,34,0,11 12,1,71,,67673,34,4,,1,29,,67694,34,0,11 12,1,71,,67674,34,4,,1,29,,67695,34,0,11 12,1,59,,67679,34,4,,1,41,,67696,34,0,11 12,1
100,'20261021',718,,67706,34,4,,1,29,,67729,34,0,11 12,1,79,,67707,34,4,,1,29,,67730,34,0,11 12,1,71,,67708,34,4,,1,29,,67731,34,0,11 12,1,71,,67709,34,4,,1,29,,67732,34,0,11 12,1,71,,67710,34,4,,1,29,,67733,34,0,11 12,1,71,,67711,34,4,,1,29,,67744,34,0,13,1,71,,67712,34,4,,1,29,,67734,34,0,11 12,1,71,,67713,34,4,,1,29,,67735,34,0,11 12,1,71,,67714,34,4,,1,29,,67736,34,0,11 12,1,71,,67715,34,4,,1,23,,67747,34,0,17 18,1,9,,67746,34,0,13,1,61,,67743,34,0,11 12,1,11,,67721,34,4,,1,19,,67748,34,0,17 18,1,9,,67751,34,,,1,61,,67749,34,0,17 18,1,11,,67722,34,4,,1,19,,67750,34,0,17 18,1,52,,67737,34,0,11 12,1,26,,67716,34,4,,1,29,,67745,34,0,13,1,71,,67717,34,4,,1,29,,67738,34,0,11 12,1,71,,67718,34,4,,1,29,,67739,34,0,11 12,1,71,,67719,34,4,,1,29,,67740,34,0,11 12,1,71,,67720,34,4,,1,29,,67741,34,0,11 12,1,59,,67725,34,4,,1,41,,67742,34,0,11 12,1
100,'20261022',718,,67752,34,4,,1,29,,67775,34,0,11 12,1,79,,67753,34,4,,1,29,,67776,34,0,11 12,1,71,,67754,34,4,,1,29,,67777,34,0,11 12,1,71,,67755,34,4,,1,29,,67778,34,0,11 12,1,71,,67756,34,4,,1,29,,67779,34,0,11 12,1,71,,67757,34,4,,1,29,,67790,34,0,13,1,71,,67758,34,4,,1,29,,67780,34,0,11 12,1,71,,67759,34,4,,1,29,,67781,34,0,11 12,1,71,,67760,34,4,,1,29,,67782,34,0,11 12,1,71,,67761,34,4,,1,23,,67793,34,0,17 18,1,9,,67792,34,0,13,1,61,,67789,34,0,11 12,1,11,,67767,34,4,,1,19,,67794,34,0,17 18,1,9,,67797,34,,,1,61,,67795,34,0,17 18,1,11,,67768,34,4,,1,19,,67796,34,0,17 18,1,52,,67783,34,0,11 12,1,26,,67762,34,4,,1,29,,67791,34,0,13,1,71,,67763,34,4,,1,29,,67784,34,0,11 12,1,71,,67764,34,4,,1,29,,67785,34,0,11 12,1,71,,67765,34,4,,1,29,,67786,34,0,11 12,1,71,,67766,34,4,,1,29,,67787,34,0,11 12,1,59,,67771,34,4,,1,41,,67788,34,0,11 12,1
100,'20261023',718,,67798,34,4,,1,29,,67822,34,0,11 12,1,79,,67799,34,4,,1,29,,67823,34,0,11 12,1,71,,67800,34,4,,1,29,,67824,34,0,11 12,1,71,,67801,34,4,,1,29,,67825,34,0,11 12,1,71,,67802,34,4,,1,29,,67826,34,0,11 12,1,71,,67803,34,4,,1,29,,67838,34,0,13,1,71,,67804,34,4,,1,29,,67827,34,0,11 12,1,71,,67805,34,4,,1,29,,67828,34,0,11 12,1,71,,67806,34,4,,1,29,,67829,34,0,11 12,1,71,,67807,34,4,,1,23,,67841,34,0,17 18,1,9,,67840,34,0,13,1,61,,67837,34,0,11 12,1,11,,67815,34,4,,1,19,,67842,34,0,17 18,1,9,,67845,34,,,1,61,,67843,34,0,17 18,1,11,,67816,34,4,,1,19,,67844,34,0,17 18,1,52,,67830,34,0,11 12,1,26,,67808,34,4,,1,29,,67839,34,0,13,1,71,,67809,34,4,,1,29,,67831,34,0,11 12,1,71,,67810,34,4,,1,29,,67832,34,0,11 12,1,71,,67811,34,4,,1,29,,67833,34,0,11 12,1,71,,67812,34,4,,1,29,,67834,34,0,11 12,1,71,,67813,34,4,,1
100,'20261024',1002,,67879,1,,,1,204,,67880,1,,,1,597,,67881,1,,,1,215,,67882,1,,,1
100,'20261025',1019,,67915,1,,,1,204,,67916,1,,,1,597,,67917,1,,,1,215,,67918,1,,,1
100,'20261026',718,,67919,34,4,,1,31,,67942,34,0,11 12,1,79,,67920,34,4,,1,29,,67943,34,0,11 12,1,71,,67921,34,4,,1,29,,67944,34,0,11 12,1,71,,67922,34,4,,1,29,,67945,34,0,11 12,1,71,,67923,34,4,,1,29,,67946,34,0,11 12,1,71,,67924,34,4,,1,29,,67957,34,0,13,1,71,,67925,34,4,,1,29,,67947,34,0,11 12,1,71,,67926,34,4,,1,29,,67948,34,0,11 12,1,71,,67927,34,4,,1,29,,67949,34,0,11 12,1,71,,67928,34,4,,1,23,,67960,34,0,17 18,1,49,,67959,34,0,13,1,19,,67956,34,0,11 12,1,13,,67934,34,4,,1,19,,67961,34,0,17 18,1,49,,67964,34,,,1,21,,67962,34,0,17 18,1,11,,67935,34,4,,1,19,,67963,34,0,17 18,1,52,,67950,34,0,11 12,1,26,,67929,34,4,,1,27,,67958,34,0,13,1,73,,67930,34,4,,1,29,,67951,34,0,11 12,1,71,,67931,34,4,,1,29,,67952,34,0,11 12,1,71,,67932,34,4,,1,29,,67953,34,0,11 12,1,71,,67933,34,4,,1,29,,67954,34,0,11 12,1,59,,67938,34,4,,1,41,,67955,34,0,11 12,1
100,'20261027',718,,67965,34,4,,1,29,,67988,34,0,11 12,1,79,,67966,34,4,,1,29,,67989,34,0,11 12,1,71,,67967,34,4,,1,29,,67990,34,0,11 12,1,71,,67968,34,4,,1,29,,67991,34,0,11 12,1,71,,67969,34,4,,1,29,,67992,34,0,11 12,1,71,,67970,34,4,,1,29,,68003,34,0,13,1,71,,67971,34,4,,1,29,,67993,34,0,11 12,1,71,,67972,34,4,,1,29,,67994,34,0,11 12,1,71,,67973,34,4,,1,29,,67995,34,0,11 12,1,71,,67974,34,4,,1,23,,68006,34,0,17 18,1,9,,68005,34,0,13,1,61,,68002,34,0,11 12,1,11,,67980,34,4,,1,19,,68007,34,0,17 18,1,9,,68010,34,,,1,61,,68008,34,0,17 18,1,11,,67981,34,4,,1,19,,68009,34,0,17 18,1,52,,67996,34,0,11 12,1,26,,67975,34,4,,1,29,,68004,34,0,13,1,71,,67976,34,4,,1,29,,67997,34,0,11 12,1,71,,67977,34,4,,1,29,,67998,34,0,11 12,1,71,,67978,34,4,,1,29,,67999,34,0,11 12,1,71,,67979,34,4,,1,29,,68000,34,0,11 12,1,59,,67984,34,4,,1,41,,68001,34,0,11 12,1
100,'20261028',718,,68011,34,4,,1,29,,68034,34,0,11 12,1,79,,68012,34,4,,1,29,,68035,34,0,11 12,1,71,,68013,34,4,,1,29,,68036,34,0,11 12,1,71,,68014,34,4,,1,29,,68037,34,0,11 12,1,71,,68015,34,4,,1,29,,68038,34,0,11 12,1,71,,68016,34,4,,1,29,,68049,34,0,13,1,71,,68017,34,4,,1,29,,68039,34,0,11 12,1,71,,68018,34,4,,1,29,,68040,34,0,11 12,1,71,,68019,34,4,,1,29,,68041,34,0,11 12,1,71,,68020,34,4,,1,23,,68052,34,0,17 18,1,9,,68051,34,0,13,1,61,,68048,34,0,11 12,1,11,,68026,34,4,,1,19,,68053,34,0,17 18,1,9,,68056,34,,,1,61,,68054,34,0,17 18,1,11,,68027,34,4,,1,19,,68055,34,0,17 18,1,52,,68042,34,0,11 12,1,26,,68021,34,4,,1,29,,68050,34,0,13,1,71,,68022,34,4,,1,29,,68043,34,0,11 12,1,71,,68023,34,4,,1,29,,68044,34,0,11 12,1,71,,68024,34,4,,1,29,,68045,34,0,11 12,1,71,,68025,34,4,,1,29,,68046,34,0,11 12,1,59,,68030,34,4,,1,41,,68047,34,0,11 12,1
100,'20261029',718,,68057,34,4,,1,29,,68080,34,0,11 12,1,79,,68058,34,4,,1,29,,68081,34,0,11 12,1,71,,68059,34,4,,1,29,,68082,34,0,11 12,1,71,,68060,34,4,,1,29,,68083,34,0,11 12,1,71,,68061,34,4,,1,29,,68084,34,0,11 12,1,71,,68062,34,4,,1,29,,68095,34,0,13,1,71,,68063,34,4,,1,29,,68085,34,0,11 12,1,71,,68064,34,4,,1,29,,68086,34,0,11 12,1,71,,68065,34,4,,1,29,,68087,34,0,11 12,1,71,,68066,34,4,,1,23,,68098,34,0,17 18,1,9,,68097,34,0,13,1,61,,68094,34,0,11 12,1,11,,68072,34,4,,1,19,,68099,34,0,17 18,1,9,,68102,34,,,1,61,,68100,34,0,17 18,1,11,,68073,34,4,,1,19,,68101,34,0,17 18,1,52,,68088,34,0,11 12,1,26,,68067,34,4,,1,29,,68096,34,0,13,1,71,,68068,34,4,,1,29,,68089,34,0,11 12,1,71,,68069,34,4,,1,29,,68090,34,0,11 12,1,71,,68070,34,4,,1,29,,68091,34,0,11 12,1,71,,68071,34,4,,1,29,,68092,34,0,11 12,1,59,,68076,34,4,,1,41,,68093,34,0,11 12,1
100,'20261030',718,,68103,34,4,,1,29,,68127,34,0,11 12,1,79,,68104,34,4,,1,29,,68128,34,0,11 12,1,71,,68105,34,4,,1,29,,68129,34,0,11 12,1,71,,68106,34,4,,1,29,,68130,34,0,11 12,1,71,,68107,34,4,,1,29,,68131,34,0,11 12,1,71,,68108,34,4,,1,29,,68143,34,0,13,1,71,,68109,34,4,,1,29,,68132,34,0,11 12,1,71,,68110,34,4,,1,29,,68133,34,0,11 12,1,71,,68111,34,4,,1,29,,68134,34,0,11 12,1,71,,68112,34,4,,1,23,,68146,34,0,17 18,1,9,,68145,34,0,13,1,61,,68142,34,0,11 12,1,11,,68120,34,4,,1,19,,68147,34,0,17 18,1,9,,68150,34,,,1,61,,68148,34,0,17 18,1,11,,68121,34,4,,1,19,,68149,34,0,17 18,1,52,,68135,34,0,11 12,1,26,,68113,34,4,,1,29,,68144,34,0,13,1,71,,68114,34,4,,1,29,,68136,34,0,11 12,1,71,,68115,34,4,,1,29,,68137,34,0,11 12,1,71,,68116,34,4,,1,29,,68138,34,0,11 12,1,71,,68117,34,4,,1,29,,68139,34,0,11 12,1,71,,68118,34,4,,1
100,'20261031',1002,,68184,1,,,1,204,,68185,1,,,1,597,,68186,1,,,1,215,,68187,1,,,1
100,'20261101',1019,,68220,1,,,1,204,,68221,1,,,1,597,,68222,1,,,1,215,,68223,1,,,1
100,'20261102',718,,68224,34,4,,1,31,,68247,34,0,11 12,1,79,,68225,34,4,,1,29,,68248,34,0,11 12,1,71,,68226,34,4,,1,29,,68249,34,0,11 12,1,71,,68227,34,4,,1,29,,68250,34,0,11 12,1,71,,68228,34,4,,1,29,,68251,34,0,11 12,1,71,,68229,34,4,,1,29,,68262,34,0,13,1,71,,68230,34,4,,1,29,,68252,34,0,11 12,1,71,,68231,34,4,,1,29,,68253,34,0,11 12,1,71,,68232,34,4,,1,29,,68254,34,0,11 12,1,71,,68233,34,4,,1,23,,68265,34,0,17 18,1,49,,68264,34,0,13,1,19,,68261,34,0,11 12,1,13,,68239,34,4,,1,19,,68266,34,0,17 18,1,49,,68269,34,,,1,21,,68267,34,0,17 18,1,11,,68240,34,4,,1,19,,68268,34,0,17 18,1,52,,68255,34,0,11 12,1,26,,68234,34,4,,1,27,,68263,34,0,13,1,73,,68235,34,4,,1,29,,68256,34,0,11 12,1,71,,68236,34,4,,1,29,,68257,34,0,11 12,1,71,,68237,34,4,,1,29,,68258,34,0,11 12,1,71,,68238,34,4,,1,29,,68259,34,0,11 12,1,59,,68243,34,4,,1,41,,68260,34,0,11 12,1
100,'20261103',718,,68270,34,4,,1,29,,68293,34,0,11 12,1,79,,68271,34,4,,1,29,,68294,34,0,11 12,1,71,,68272,34,4,,1,29,,68295,34,0,11 12,1,71,,68273,34,4,,1,29,,68296,34,0,11 12,1,71,,68274,34,4,,1,29,,68297,34,0,11 12,1,71,,68275,34,4,,1,29,,68308,34,0,13,1,71,,68276,34,4,,1,29,,68298,34,0,11 12,1,71,,68277,34,4,,1,29,,68299,34,0,11 12,1,71,,68278,34,4,,1,29,,68300,34,0,11 12,1,71,,68279,34,4,,1,23,,68311,34,0,17 18,1,9,,68310,34,0,13,1,61,,68307,34,0,11 12,1,11,,68285,34,4,,1,19,,68312,34,0,17 18,1,9,,68315,34,,,1,61,,68313,34,0,17 18,1,11,,68286,34,4,,1,19,,68314,34,0,17 18,1,52,,68301,34,0,11 12,1,26,,68280,34,4,,1,29,,68309,34,0,13,1,71,,68281,34,4,,1,29,,68302,34,0,11 12,1,71,,68282,34,4,,1,29,,68303,34,0,11 12,1,71,,68283,34,4,,1,29,,68304,34,0,11 12,1,71,,68284,34,4,,1,29,,68305,34,0,11 12,1,59,,68289,34,4,,1,41,,68306,34,0,11 12,1
100,'20261104',718,,68316,34,4,,1,29,,68339,34,0,11 12,1,79,,68317,34,4,,1,29,,68340,34,0,11 12,1,71,,68318,34,4,,1,29,,68341,34,0,11 12,1,71,,68319,34,4,,1,29,,68342,34,0,11 12,1,71,,68320,34,4,,1,29,,68343,34,0,11 12,1,71,,68321,34,4,,1,29,,68354,34,0,13,1,71,,68322,34,4,,1,29,,68344,34,0,11 12,1,71,,68323,34,4,,1,29,,68345,34,0,11 12,1,71,,68324,34,4,,1,29,,68346,34,0,11 12,1,71,,68325,34,4,,1,23,,68357,34,0,17 18,1,9,,68356,34,0,13,1,61,,68353,34,0,11 12,1,11,,68331,34,4,,1,19,,68358,34,0,17 18,1,9,,68361,34,,,1,61,,68359,34,0,17 18,1,11,,68332,34,4,,1,19,,68360,34,0,17 18,1,52,,68347,34,0,11 12,1,26,,68326,34,4,,1,29,,68355,34,0,13,1,71,,68327,34,4,,1,29,,68348,34,0,11 12,1,71,,68328,34,4,,1,29,,68349,34,0,11 12,1,71,,68329,34,4,,1,29,,68350,34,0,11 12,1,71,,68330,34,4,,1,29,,68351,34,0,11 12,1,59,,68335,34,4,,1,41,,68352,34,0,11 12,1
100,'20261105',718,,68362,34,4,,1,29,,68385,34,0,11 12,1,79,,68363,34,4,,1,29,,68386,34,0,11 12,1,71,,68364,34,4,,1,29,,68387,34,0,11 12,1,71,,68365,34,4,,1,29,,68388,34,0,11 12,1,71,,68366,34,4,,1,29,,68389,34,0,11 12,1,71,,68367,34,4,,1,29,,68400,34,0,13,1,71,,68368,34,4,,1,29,,68390,34,0,11 12,1,71,,68369,34,4,,1,29,,68391,34,0,11 12,1,71,,68370,34,4,,1,29,,68392,34,0,11 12,1,71,,68371,34,4,,1,23,,68403,34,0,17 18,1,9,,68402,34,0,13,1,61,,68399,34,0,11 12,1,11,,68377,34,4,,1,19,,68404,34,0,17 18,1,9,,68407,34,,,1,61,,68405,34,0,17 18,1,11,,68378,34,4,,1,19,,68406,34,0,17 18,1,52,,68393,34,0,11 12,1,26,,68372,34,4,,1,29,,68401,34,0,13,1,71,,68373,34,4,,1,29,,68394,34,0,11 12,1,71,,68374,34,4,,1,29,,68395,34,0,11 12,1,71,,68375,34,4,,1,29,,68396,34,0,11 12,1,71,,68376,34,4,,1,29,,68397,34,0,11 12,1,59,,68381,34,4,,1,41,,68398,34,0,11 12,1
100,'20261106',718,,68408,34,4,,1,29,,68432,34,0,11 12,1,79,,68409,34,4,,1,29,,68433,34,0,11 12,1,71,,68410,34,4,,1,29,,68434,34,0,11 12,1,71,,68411,34,4,,1,29,,68435,34,0,11 12,1,71,,68412,34,4,,1,29,,68436,34,0,11 12,1,71,,68413,34,4,,1,29,,68448,34,0,13,1,71,,68414,34,4,,1,29,,68437,34,0,11 12,1,71,,68415,34,4,,1,29,,68438,34,0,11 12,1,71,,68416,34,4,,1,29,,68439,34,0,11 12,1,71,,68417,34,4,,1,23,,68451,34,0,17 18,1,9,,68450,34,0,13,1,61,,68447,34,0,11 12,1,11,,68425,34,4,,1,19,,68452,34,0,17 18,1,9,,68455,34,,,1,61,,68453,34,0,17 18,1,11,,68426,34,4,,1,19,,68454,34,0,17 18,1,52,,68440,34,0,11 12,1,26,,68418,34,4,,1,29,,68449,34,0,13,1,71,,68419,34,4,,1,29,,68441,34,0,11 12,1,71,,68420,34,4,,1,29,,68442,34,0,11 12,1,71,,68421,34,4,,1,29,,68443,34,0,11 12,1,71,,68422,34,4,,1,29,,68444,34,0,11 12,1,71,,68423,34,4,,1
100,'20261107',1002,,68489,1,,,1,204,,68490,1,,,1,597,,68491,1,,,1,215,,68492,1,,,1
100,'20261108',1019,,68525,1,,,1,204,,68526,1,,,1,597,,68527,1,,,1,215,,68528,1,,,1
100,'20261109',718,,68529,34,4,,1,31,,68552,34,0,11 12,1,79,,68530,34,4,,1,29,,68553,34,0,11 12,1,71,,68531,34,4,,1,29,,68554,34,0,11 12,1,71,,68532,34,4,,1,29,,68555,34,0,11 12,1,71,,68533,34,4,,1,29,,68556,34,0,11 12,1,71,,68534,34,4,,1,29,,68567,34,0,13,1,71,,68535,34,4,,1,29,,68557,34,0,11 12,1,71,,68536,34,4,,1,29,,68558,34,0,11 12,1,71,,68537,34,4,,1,29,,68559,34,0,11 12,1,71,,68538,34,4,,1,23,,68570,34,0,17 18,1,49,,68569,34,0,13,1,19,,68566,34,0,11 12,1,13,,68544,34,4,,1,19,,68571,34,0,17 18,1,49,,68574,34,,,1,21,,68572,34,0,17 18,1,11,,68545,34,4,,1,19,,68573,34,0,17 18,1,52,,68560,34,0,11 12,1,26,,68539,34,4,,1,27,,68568,34,0,13,1,73,,68540,34,4,,1,29,,68561,34,0,11 12,1,71,,68541,34,4,,1,29,,68562,34,0,11 12,1,71,,68542,34,4,,1,29,,68563,34,0,11 12,1,71,,68543,34,4,,1,29,,68564,34,0,11 12,1,59,,68548,34,4,,1,41,,68565,34,0,11 12,1
100,'20261110',718,,68575,34,4,,1,29,,68598,34,0,11 12,1,79,,68576,34,4,,1,29,,68599,34,0,11 12,1,71,,68577,34,4,,1,29,,68600,34,0,11 12,1,71,,68578,34,4,,1,29,,68601,34,0,11 12,1,71,,68579,34,4,,1,29,,68602,34,0,11 12,1,71,,68580,34,4,,1,29,,68613,34,0,13,1,71,,68581,34,4,,1,29,,68603,34,0,11 12,1,71,,68582,34,4,,1,29,,68604,34,0,11 12,1,71,,68583,34,4,,1,29,,68605,34,0,11 12,1,71,,68584,34,4,,1,23,,68616,34,0,17 18,1,9,,68615,34,0,13,1,61,,68612,34,0,11 12,1,11,,68590,34,4,,1,19,,68617,34,0,17 18,1,9,,68620,34,,,1,61,,68618,34,0,17 18,1,11,,68591,34,4,,1,19,,68619,34,0,17 18,1,52,,68606,34,0,11 12,1,26,,68585,34,4,,1,29,,68614,34,0,13,1,71,,68586,34,4,,1,29,,68607,34,0,11 12,1,71,,68587,34,4,,1,29,,68608,34,0,11 12,1,71,,68588,34,4,,1,29,,68609,34,0,11 12,1,71,,68589,34,4,,1,29,,68610,34,0,11 12,1,59,,68594,34,4,,1,41,,68611,34,0,11 12,1
100,'20261111',718,,68621,34,4,,1,29,,68644,34,0,11 12,1,79,,68622,34,4,,1,29,,68645,34,0,11 12,1,71,,68623,34,4,,1,29,,68646,34,0,11 12,1,71,,68624,34,4,,1,29,,68647,34,0,11 12,1,71,,68625,34,4,,1,29,,68648,34,0,11 12,1,71,,68626,34,4,,1,29,,68659,34,0,13,1,71,,68627,34,4,,1,29,,68649,34,0,11 12,1,71,,68628,34,4,,1,29,,68650,34,0,11 12,1,71,,68629,34,4,,1,29,,68651,34,0,11 12,1,71,,68630,34,4,,1,23,,68662,34,0,17 18,1,9,,68661,34,0,13,1,61,,68658,34,0,11 12,1,11,,68636,34,4,,1,19,,68663,34,0,17 18,1,9,,68666,34,,,1,61,,68664,34,0,17 18,1,11,,68637,34,4,,1,19,,68665,34,0,17 18,1,52,,68652,34,0,11 12,1,26,,68631,34,4,,1,29,,68660,34,0,13,1,71,,68632,34,4,,1,29,,68653,34,0,11 12,1,71,,68633,34,4,,1,29,,68654,34,0,11 12,1,71,,68634,34,4,,1,29,,68655,34,0,11 12,1,71,,68635,34,4,,1,29,,68656,34,0,11 12,1,59,,68640,34,4,,1,41,,68657,34,0,11 12,1
100,'20261112',718,,68667,34,4,,1,29,,68690,34,0,11 12,1,79,,68668,34,4,,1,29,,68691,34,0,11 12,1,71,,68669,34,4,,1,29,,68692,34,0,11 12,1,71,,68670,34,4,,1,29,,68693,34,0,11 12,1,71,,68671,34,4,,1,29,,68694,34,0,11 12,1,71,,68672,34,4,,1,29,,68705,34,0,13,1,71,,68673,34,4,,1,29,,68695,34,0,11 12,1,71,,68674,34,4,,1,29,,68696,34,0,11 12,1,71,,68675,34,4,,1,29,,68697,34,0,11 12,1,71,,68676,34,4,,1,23,,68708,34,0,17 18,1,9,,68707,34,0,13,1,61,,68704,34,0,11 12,1,11,,68682,34,4,,1,19,,68709,34,0,17 18,1,9,,68712,34,,,1,61,,68710,34,0,17 18,1,11,,68683,34,4,,1,19,,68711,34,0,17 18,1,52,,68698,34,0,11 12,1,26,,68677,34,4,,1,29,,68706,34,0,13,1,71,,68678,34,4,,1,29,,68699,34,0,11 12,1,71,,68679,34,4,,1,29,,68700,34,0,11 12,1,71,,68680,34,4,,1,29,,68701,34,0,11 12,1,71,,68681,34,4,,1,29,,68702,34,0,11 12,1,59,,68686,34,4,,1,41,,68703,34,0,11 12,1
100,'20261113',718,,68713,34,4,,1,29,,68737,34,0,11 12,1,79,,68714,34,4,,1,29,,68738,34,0,11 12,1,71,,68715,34,4,,1,29,,68739,34,0,11 12,1,71,,68716,34,4,,1,29,,68740,34,0,11 12,1,71,,68717,34,4,,1,29,,68741,34,0,11 12,1,71,,68718,34,4,,1,29,,68753,34,0,13,1,71,,68719,34,4,,1,29,,68742,34,0,11 12,1,71,,68720,34,4,,1,29,,68743,34,0,11 12,1,71,,68721,34,4,,1,29,,68744,34,0,11 12,1,71,,68722,34,4,,1,23,,68756,34,0,17 18,1,9,,68755,34,0,13,1,61,,68752,34,0,11 12,1,11,,68730,34,4,,1,19,,68757,34,0,17 18,1,9,,68760,34,,,1,61,,68758,34,0,17 18,1,11,,68731,34,4,,1,19,,68759,34,0,17 18,1,52,,68745,34,0,11 12,1,26,,68723,34,4,,1,29,,68754,34,0,13,1,71,,68724,34,4,,1,29,,68746,34,0,11 12,1,71,,68725,34,4,,1,29,,68747,34,0,11 12,1,71,,68726,34,4,,1,29,,68748,34,0,11 12,1,71,,68727,34,4,,1,29,,68749,34,0,11 12,1,71,,68728,34,4,,1
100,'20261114',1002,,68794,1,,,1,204,,68795,1,,,1,597,,68796,1,,,1,215,,68797,1,,,1
100,'20261115',1019,,68830,1,,,1,204,,68831,1,,,1,597,,68832,1,,,1,215,,68833,1,,,1
100,'20261116',718,,68834,34,4,,1,31,,68857,34,0,11 12,1,79,,68835,34,4,,1,29,,68858,34,0,11 12,1,71,,68836,34,4,,1,29,,68859,34,0,11 12,1,71,,68837,34,4,,1,29,,68860,34,0,11 12,1,71,,68838,34,4,,1,29,,68861,34,0,11 12,1,71,,68839,34,4,,1,29,,68872,34,0,13,1,71,,68840,34,4,,1,29,,68862,34,0,11 12,1,71,,68841,34,4,,1,29,,68863,34,0,11 12,1,71,,68842,34,4,,1,29,,68864,34,0,11 12,1,71,,68843,34,4,,1,23,,68875,34,0,17 18,1,49,,68874,34,0,13,1,19,,68871,34,0,11 12,1,13,,68849,34,4,,1,19,,68876,34,0,17 18,1,49,,68879,34,,,1,21,,68877,34,0,17 18,1,11,,68850,34,4,,1,19,,68878,34,0,17 18,1,52,,68865,34,0,11 12,1,26,,68844,34,4,,1,27,,68873,34,0,13,1,73,,68845,34,4,,1,29,,68866,34,0,11 12,1,71,,68846,34,4,,1,29,,68867,34,0,11 12,1,71,,68847,34,4,,1,29,,68868,34,0,11 12,1,71,,68848,34,4,,1,29,,68869,34,0,11 12,1,59,,68853,34,4,,1,41,,68870,34,0,11 12,1
100,'20261117',718,,68880,34,4,,1,29,,68903,34,0,11 12,1,79,,68881,34,4,,1,29,,68904,34,0,11 12,1,71,,68882,34,4,,1,29,,68905,34,0,11 12,1,71,,68883,34,4,,1,29,,68906,34,0,11 12,1,71,,68884,34,4,,1,29,,68907,34,0,11 12,1,71,,68885,34,4,,1,29,,68918,34,0,13,1,71,,68886,34,4,,1,29,,68908,34,0,11 12,1,71,,68887,34,4,,1,29,,68909,34,0,11 12,1,71,,68888,34,4,,1,29,,68910,34,0,11 12,1,71,,68889,34,4,,1,23,,68921,34,0,17 18,1,9,,68920,34,0,13,1,61,,68917,34,0,11 12,1,11,,68895,34,4,,1,19,,68922,34,0,17 18,1,9,,68925,34,,,1,61,,68923,34,0,17 18,1,11,,68896,34,4,,1,19,,68924,34,0,17 18,1,52,,68911,34,0,11 12,1,26,,68890,34,4,,1,29,,68919,34,0,13,1,71,,68891,34,4,,1,29,,68912,34,0,11 12,1,71,,68892,34,4,,1,29,,68913,34,0,11 12,1,71,,68893,34,4,,1,29,,68914,34,0,11 12,1,71,,68894,34,4,,1,29,,68915,34,0,11 12,1,59,,68899,34,4,,1,41,,68916,34,0,11 12,1
100,'20261118',718,,68926,34,4,,1,29,,68949,34,0,11 12,1,79,,68927,34,4,,1,29,,68950,34,0,11 12,1,71,,68928,34,4,,1,29,,68951,34,0,11 12,1,71,,68929,34,4,,1,29,,68952,34,0,11 12,1,71,,68930,34,4,,1,29,,68953,34,0,11 12,1,71,,68931,34,4,,1,29,,68964,34,0,13,1,71,,68932,34,4,,1,29,,68954,34,0,11 12,1,71,,68933,34,4,,1,29,,68955,34,0,11 12,1,71,,68934,34,4,,1,29,,68956,34,0,11 12,1,71,,68935,34,4,,1,23,,68967,34,0,17 18,1,9,,68966,34,0,13,1,61,,68963,34,0,11 12,1,11,,68941,34,4,,1,19,,68968,34,0,17 18,1,9,,68971,34,,,1,61,,68969,34,0,17 18,1,11,,68942,34,4,,1,19,,68970,34,0,17 18,1,52,,68957,34,0,11 12,1,26,,68936,34,4,,1,29,,68965,34,0,13,1,71,,68937,34,4,,1,29,,68958,34,0,11 12,1,71,,68938,34,4,,1,29,,68959,34,0,11 12,1,71,,68939,34,4,,1,29,,68960,34,0,11 12,1,71,,68940,34,4,,1,29,,68961,34,0,11 12,1,59,,68945,34,4,,1,41,,68962,34,0,11 12,1
100,'20261119',718,,68972,34,4,,1,29,,68995,34,0,11 12,1,79,,68973,34,4,,1,29,,68996,34,0,11 12,1,71,,68974,34,4,,1,29,,68997,34,0,11 12,1,71,,68975,34,4,,1,29,,68998,34,0,11 12,1,71,,68976,34,4,,1,29,,68999,34,0,11 12,1,71,,68977,34,4,,1,29,,69010,34,0,13,1,71,,68978,34,4,,1,29,,69000,34,0,11 12,1,71,,68979,34,4,,1,29,,69001,34,0,11 12,1,71,,68980,34,4,,1,29,,69002,34,0,11 12,1,71,,68981,34,4,,1,23,,69013,34,0,17 18,1,9,,69012,34,0,13,1,61,,69009,34,0,11 12,1,11,,68987,34,4,,1,19,,69014,34,0,17 18,1,9,,69017,34,,,1,61,,69015,34,0,17 18,1,11,,68988,34,4,,1,19,,69016,34,0,17 18,1,52,,69003,34,0,11 12,1,26,,68982,34,4,,1,29,,69011,34,0,13,1,71,,68983,34,4,,1,29,,69004,34,0,11 12,1,71,,68984,34,4,,1,29,,69005,34,0,11 12,1,71,,68985,34,4,,1,29,,69006,34,0,11 12,1,71,,68986,34,4,,1,29,,69007,34,0,11 12,1,59,,68991,34,4,,1,41,,69008,34,0,11 12,1
100,'20261120',718,,69018,34,4,,1,29,,69042,34,0,11 12,1,79,,69019,34,4,,1,29,,69043,34,0,11 12,1,71,,69020,34,4,,1,29,,69044,34,0,11 12,1,71,,69021,34,4,,1,29,,69045,34,0,11 12,1,71,,69022,34,4,,1,29,,69046,34,0,11 12,1,71,,69023,34,4,,1,29,,69058,34,0,13,1,71,,69024,34,4,,1,29,,69047,34,0,11 12,1,71,,69025,34,4,,1,29,,69048,34,0,11 12,1,71,,69026,34,4,,1,29,,69049,34,0,11 12,1,71,,69027,34,4,,1,23,,69061,34,0,17 18,1,9,,69060,34,0,13,1,61,,69057,34,0,11 12,1,11,,69035,34,4,,1,19,,69062,34,0,17 18,1,9,,69065,34,,,1,61,,69063,34,0,17 18,1,11,,69036,34,4,,1,19,,69064,34,0,17 18,1,52,,69050,34,0,11 12,1,26,,69028,34,4,,1,29,,69059,34,0,13,1,71,,69029,34,4,,1,29,,69051,34,0,11 12,1,71,,69030,34,4,,1,29,,69052,34,0,11 12,1,71,,69031,34,4,,1,29,,69053,34,0,11 12,1,71,,69032,34,4,,1,29,,69054,34,0,11 12,1,71,,69033,34,4,,1
100,'20261121',1002,,69099,1,,,1,204,,69100,1,,,1,597,,69101,1,,,1,215,,69102,1,,,1
100,'20261122',1019,,69135,1,,,1,204,,69136,1,,,1,597,,69137,1,,,1,215,,69138,1,,,1
100,'20261123',718,,69139,34,4,,1,31,,69162,34,0,11 12,1,79,,69140,34,4,,1,29,,69163,34,0,11 12,1,71,,69141,34,4,,1,29,,69164,34,0,11 12,1,71,,69142,34,4,,1,29,,69165,34,0,11 12,1,71,,69143,34,4,,1,29,,69166,34,0,11 12,1,71,,69144,34,4,,1,29,,69177,34,0,13,1,71,,69145,34,4,,1,29,,69167,34,0,11 12,1,71,,69146,34,4,,1,29,,69168,34,0,11 12,1,71,,69147,34,4,,1,29,,69169,34,0,11 12,1,71,,69148,34,4,,1,23,,69180,34,0,17 18,1,49,,69179,34,0,13,1,19,,69176,34,0,11 12,1,13,,69154,34,4,,1,19,,69181,34,0,17 18,1,49,,69184,34,,,1,21,,69182,34,0,17 18,1,11,,69155,34,4,,1,19,,69183,34,0,17 18,1,52,,69170,34,0,11 12,1,26,,69149,34,4,,1,27,,69178,34,0,13,1,73,,69150,34,4,,1,29,,69171,34,0,11 12,1,71,,69151,34,4,,1,29,,69172,34,0,11 12,1,71,,69152,34,4,,1,29,,69173,34,0,11 12,1,71,,69153,34,4,,1,29,,69174,34,0,11 12,1,59,,69158,34,4,,1,41,,69175,34,0,11 12,1
100,'20261124',718,,69185,34,4,,1,29,,69208,34,0,11 12,1,79,,69186,34,4,,1,29,,69209,34,0,11 12,1,71,,69187,34,4,,1,29,,69210,34,0,11 12,1,71,,69188,34,4,,1,29,,69211,34,0,11 12,1,71,,69189,34,4,,1,29,,69212,34,0,11 12,1,71,,69190,34,4,,1,29,,69223,34,0,13,1,71,,69191,34,4,,1,29,,69213,34,0,11 12,1,71,,69192,34,4,,1,29,,69214,34,0,11 12,1,71,,69193,34,4,,1,29,,69215,34,0,11 12,1,71,,69194,34,4,,1,23,,69226,34,0,17 18,1,9,,69225,34,0,13,1,61,,69222,34,0,11 12,1,11,,69200,34,4,,1,19,,69227,34,0,17 18,1,9,,69230,34,,,1,61,,69228,34,0,17 18,1,11,,69201,34,4,,1,19,,69229,34,0,17 18,1,52,,69216,34,0,11 12,1,26,,69195,34,4,,1,29,,69224,34,0,13,1,71,,69196,34,4,,1,29,,69217,34,0,11 12,1,71,,69197,34,4,,1,29,,69218,34,0,11 12,1,71,,69198,34,4,,1,29,,69219,34,0,11 12,1,71,,69199,34,4,,1,29,,69220,34,0,11 12,1,59,,69204,34,4,,1,41,,69221,34,0,11 12,1
100,'20261125',718,,69231,34,4,,1,29,,69254,34,0,11 12,1,79,,69232,34,4,,1,29,,69255,34,0,11 12,1,71,,69233,34,4,,1,29,,69256,34,0,11 12,1,71,,69234,34,4,,1,29,,69257,34,0,11 12,1,71,,69235,34,4,,1,29,,69258,34,0,11 12,1,71,,69236,34,4,,1,29,,69269,34,0,13,1,71,,69237,34,4,,1,29,,69259,34,0,11 12,1,71,,69238,34,4,,1,29,,69260,34,0,11 12,1,71,,69239,34,4,,1,29,,69261,34,0,11 12,1,71,,69240,34,4,,1,23,,69272,34,0,17 18,1,9,,69271,34,0,13,1,61,,69268,34,0,11 12,1,11,,69246,34,4,,1,19,,69273,34,0,17 18,1,9,,69276,34,,,1,61,,69274,34,0,17 18,1,11,,69247,34,4,,1,19,,69275,34,0,17 18,1,52,,69262,34,0,11 12,1,26,,69241,34,4,,1,29,,69270,34,0,13,1,71,,69242,34,4,,1,29,,69263,34,0,11 12,1,71,,69243,34,4,,1,29,,69264,34,0,11 12,1,71,,69244,34,4,,1,29,,69265,34,0,11 12,1,71,,69245,34,4,,1,29,,69266,34,0,11 12,1,59,,69250,34,4,,1,41,,69267,34,0,11 12,1
100,'20261126',718,,69277,34,4,,1,29,,69300,34,0,11 12,1,79,,69278,34,4,,1,29,,69301,34,0,11 12,1,71,,69279,34,4,,1,29,,69302,34,0,11 12,1,71,,69280,34,4,,1,29,,69303,34,0,11 12,1,71,,69281,34,4,,1,29,,69304,34,0,11 12,1,71,,69282,34,4,,1,29,,69315,34,0,13,1,71,,69283,34,4,,1,29,,69305,34,0,11 12,1,71,,69284,34,4,,1,29,,69306,34,0,11 12,1,71,,69285,34,4,,1,29,,69307,34,0,11 12,1,71,,69286,34,4,,1,23,,69318,34,0,17 18,1,9,,69317,34,0,13,1,61,,69314,34,0,11 12,1,11,,69292,34,4,,1,19,,69319,34,0,17 18,1,9,,69322,34,,,1,61,,69320,34,0,17 18,1,11,,69293,34,4,,1,19,,69321,34,0,17 18,1,52,,69308,34,0,11 12,1,26,,69287,34,4,,1,29,,69316,34,0,13,1,71,,69288,34,4,,1,29,,69309,34,0,11 12,1,71,,69289,34,4,,1,29,,69310,34,0,11 12,1,71,,69290,34,4,,1,29,,69311,34,0,11 12,1,71,,69291,34,4,,1,29,,69312,34,0,11 12,1,59,,69296,34,4,,1,41,,69313,34,0,11 12,1
100,'20261127',718,,69323,34,4,,1,29,,69347,34,0,11 12,1,79,,69324,34,4,,1,29,,69348,34,0,11 12,1,71,,69325,34,4,,1,29,,69349,34,0,11 12,1,71,,69326,34,4,,1,29,,69350,34,0,11 12,1,71,,69327,34,4,,1,29,,69351,34,0,11 12,1,71,,69328,34,4,,1,29,,69363,34,0,13,1,71,,69329,34,4,,1,29,,69352,34,0,11 12,1,71,,69330,34,4,,1,29,,69353,34,0,11 12,1,71,,69331,34,4,,1,29,,69354,34,0,11 12,1,71,,69332,34,4,,1,23,,69366,34,0,17 18,1,9,,69365,34,0,13,1,61,,69362,34,0,11 12,1,11,,69340,34,4,,1,19,,69367,34,0,17 18,1,9,,69370,34,,,1,61,,69368,34,0,17 18,1,11,,69341,34,4,,1,19,,69369,34,0,17 18,1,52,,69355,34,0,11 12,1,26,,69333,34,4,,1,29,,69364,34,0,13,1,71,,69334,34,4,,1,29,,69356,34,0,11 12,1,71,,69335,34,4,,1,29,,69357,34,0,11 12,1,71,,69336,34,4,,1,29,,69358,34,0,11 12,1,71,,69337,34,4,,1,29,,69359,34,0,11 12,1,71,,69338,34,4,,1
101,'20261005',452,,70710,1,,,1,71,,70734,8,,,1,29,,70711,1,,,1,51,,70751,10,,,1,16,,70749,12,,,1,14,,70752,10,,,1,15,,70729,1,,,1,55,,70753,10,,,1,17,,70750,12,,,1,13,,70754,10,,,1,15,,70730,1,,,1,58,,70755,25,,,1,31,,70735,8,,,1,69,,70712,1,,,1,31,,70736,8,,,1,69,,70713,1,,,1,31,,70737,8,,,1,69,,70714,1,,,1,31,,70747,12,,,1,69,,70715,1,,,1,31,,70738,8,,,1,69,,70716,1,,,1,31,,70739,8,,,1,69,,70717,1,,,1,31,,70740,8,,,1,69,,70718,1,,,1,32,,70741,8,,,1,69,,70719,1,,,1,28,,70742,8,,,1,68,,70720,1,,,1,32,,70743,8,,,1,68,,70721,1,,,1,34,,70744,8,,,1,68,,70722,1,,,1,31,,70748,12,,,1,69,,70723,1,,,1,31,,70745,8,,,1,69,,70724,1,,,1,31,,70746,8,,,1,69,,70725,1,,,1,100,,70726,1,,,1
101,'20261006',452,,70756,1,,,1,71,,70780,8,,,1,29,,70757,1,,,1,51,,70797,10,,,1,16,,70795,12,,,1,14,,70798,10,,,1,15,,70775,1,,,1,55,,70799,10,,,1,17,,70796,12,,,1,13,,70800,10,,,1,15,,70776,1,,,1,58,,70801,25,,,1,31,,70781,8,,,1,69,,70758,1,,,1,31,,70782,8,,,1,69,,70759,1,,,1,31,,70783,8,,,1,69,,70760,1,,,1,31,,70793,12,,,1,69,,70761,1,,,1,31,,70784,8,,,1,69,,70762,1,,,1,31,,70785,8,,,1,69,,70763,1,,,1,31,,70786,8,,,1,69,,70764,1,,,1,32,,70787,8,,,1,69,,70765,1,,,1,28,,70788,8,,,1,68,,70766,1,,,1,32,,70789,8,,,1,68,,70767,1,,,1,34,,70790,8,,,1,68,,70768,1,,,1,31,,70794,12,,,1,69,,70769,1,,,1,31,,70791,8,,,1,69,,70770,1,,,1,31,,70792,8,,,1,69,,70771,1,,,1,100,,70772,1,,,1
101,'20261007',452,,70802,1,,,1,71,,70826,8,,,1,29,,70803,1,,,1,51,,70843,10,,,1,16,,70841,12,,,1,14,,70844,10,,,1,15,,70821,1,,,1,55,,70845,10,,,1,17,,70842,12,,,1,13,,70846,10,,,1,15,,70822,1,,,1,58,,70847,25,,,1,31,,70827,8,,,1,69,,70804,1,,,1,31,,70828,8,,,1,69,,70805,1,,,1,31,,70829,8,,,1,69,,70806,1,,,1,31,,70839,12,,,1,69,,70807,1,,,1,31,,70830,8,,,1,69,,70808,1,,,1,31,,70831,8,,,1,69,,70809,1,,,1,31,,70832,8,,,1,69,,70810,1,,,1,32,,70833,8,,,1,69,,70811,1,,,1,28,,70834,8,,,1,68,,70812,1,,,1,32,,70835,8,,,1,68,,70813,1,,,1,34,,70836,8,,,1,68,,70814,1,,,1,31,,70840,12,,,1,69,,70815,1,,,1,31,,70837,8,,,1,69,,70816,1,,,1,31,,70838,8,,,1,69,,70817,1,,,1,100,,70818,1,,,1
101,'20261008',452,,70848,1,,,1,71,,70872,8,,,1,29,,70849,1,,,1,51,,70889,10,,,1,16,,70887,12,,,1,14,,70890,10,,,1,15,,70867,1,,,1,55,,70891,10,,,1,17,,70888,12,,,1,13,,70892,10,,,1,15,,70868,1,,,1,58,,70893,25,,,1,31,,70873,8,,,1,69,,70850,1,,,1,31,,70874,8,,,1,69,,70851,1,,,1,31,,70875,8,,,1,69,,70852,1,,,1,31,,70885,12,,,1,69,,70853,1,,,1,31,,70876,8,,,1,69,,70854,1,,,1,31,,70877,8,,,1,69,,70855,1,,,1,31,,70878,8,,,1,69,,70856,1,,,1,32,,70879,8,,,1,69,,70857,1,,,1,28,,70880,8,,,1,68,,70858,1,,,1,32,,70881,8,,,1,68,,70859,1,,,1,34,,70882,8,,,1,68,,70860,1,,,1,31,,70886,12,,,1,69,,70861,1,,,1,31,,70883,8,,,1,69,,70862,1,,,1,31,,70884,8,,,1,69,,70863,1,,,1,100,,70864,1,,,1
101,'20261009',452,,70894,1,,,1,71,,70918,8,,,1,29,,70895,1,,,1,51,,70937,10,,,1,16,,70935,12,,,1,14,,70938,10,,,1,15,,70913,1,,,1,55,,70939,10,,,1,17,,70936,12,,,1,13,,70940,10,,,1,15,,70914,1,,,1,58,,70941,25,,,1,31,,70919,8,,,1,69,,70896,1,,,1,31,,70920,8,,,1,69,,70897,1,,,1,31,,70921,8,,,1,69,,70898,1,,,1,31,,70933,12,,,1,69,,70899,1,,,1,31,,70922,8,,,1,69,,70900,1,,,1,31,,70923,8,,,1,69,,70901,1,,,1,31,,70924,8,,,1,69,,70902,1,,,1,32,,70925,8,,,1,69,,70903,1,,,1,28,,70926,8,,,1,68,,70904,1,,,1,32,,70927,8,,,1,68,,70905,1,,,1,34,,70928,8,,,1,68,,70906,1,,,1,31,,70934,12,,,1,69,,70907,1,,,1,31,,70929,8,,,1,69,,70908,1,,,1,31,,70930,8,,,1,69,,70909,1,,,1,31,,70931,8,,,1,69,,70910,1,,,1,31,,70932,8,,,1
101,'20261010',736,,70970,12,,,1,69,,70942,1,,,1,31,,70971,12,,,1,69,,70943,1,,,1,31,,70972,12,,,1,69,,70944,1,,,1,31,,70958,8,,,1,69,,70945,1,,,1,31,,70973,12,,,1,69,,70946,1,,,1,31,,70959,8,,,1,69,,70947,1,,,1,22,,70975,25,,,1,9,,70960,8,,,1,69,,70948,1,,,1,31,,70961,8,,,1,69,,70949,1,,,1,31,,70962,8,,,1,69,,70950,1,,,1,31,,70963,8,,,1,69,,70951,1,,,1,23,,70976,25,,,1,8,,70964,8,,,1,69,,70952,1,,,1,31,,70965,8,,,1,69,,70953,1,,,1,31,,70974,12,,,1,69,,70954,1,,,1,31,,70966,8,,,1,69,,70955,1,,,1,22,,70977,25,,,1,9,,70967,8,,,1,69,,70956,1,,,1,31,,70968,8,,,1,69,,70957,1,,,1,31,,70969,8,,,1,5,,70978,25,,,1
101,'20261011',736,,71006,12,,,1,69,,70979,1,,,1,31,,71007,12,,,1,69,,70980,1,,,1,31,,71008,12,,,1,69,,70981,1,,,1,31,,70995,8,,,1,69,,70982,1,,,1,31,,71009,12,,,1,69,,70983,1,,,1,31,,70996,8,,,1,69,,70984,1,,,1,22,,71011,25,,,1,9,,70997,8,,,1,69,,70985,1,,,1,31,,70998,8,,,1,69,,70986,1,,,1,31,,70999,8,,,1,69,,70987,1,,,1,31,,71000,8,,,1,69,,70988,1,,,1,23,,71012,25,,,1,8,,71001,8,,,1,69,,70989,1,,,1,31,,71002,8,,,1,69,,70990,1,,,1,31,,71010,12,,,1,69,,70991,1,,,1,31,,71003,8,,,1,69,,70992,1,,,1,22,,71013,25,,,1,9,,71004,8,,,1,69,,70993,1,,,1,31,,71005,8,,,1,69,,70994,1,,,1,31,,92418,8,,,1,5,,71014,25,,,1
101,'20261012',736,,92422,12,,,1,69,,92419,1,,,1,31,,92423,12,,,1,69,,71017,1,,,1,31,,92424,12,,,1,69,,71018,1,,,1,31,,71042,8,,,1,69,,71019,1,,,1,31,,71052,12,,,1,69,,71020,1,,,1,31,,71043,8,,,1,69,,71021,1,,,1,22,,92425,25,,,1,9,,71044,8,,,1,69,,71022,1,,,1,31,,71045,8,,,1,69,,71023,1,,,1,31,,71046,8,,,1,69,,71024,1,,,1,31,,71047,8,,,1,69,,71025,1,,,1,23,,92426,25,,,1,8,,71048,8,,,1,69,,71026,1,,,1,31,,71049,8,,,1,69,,71027,1,,,1,31,,71053,12,,,1,69,,71028,1,,,1,31,,71050,8,,,1,69,,71029,1,,,1,22,,92427,25,,,1,9,,71051,8,,,1,69,,71030,1,,,1,31,,92420,8,,,1,69,,71031,1,,,1,31,,92421,8,,,1,5,,92428,25,,,1
101,'20261013',452,,71061,1,,,1,71,,71085,8,,,1,29,,71062,1,,,1,51,,71102,10,,,1,16,,71100,12,,,1,14,,71103,10,,,1,15,,71080,1,,,1,55,,71104,10,,,1,17,,71101,12,,,1,13,,71105,10,,,1,15,,71081,1,,,1,58,,71106,25,,,1,31,,71086,8,,,1,69,,71063,1,,,1,31,,71087,8,,,1,69,,71064,1,,,1,31,,71088,8,,,1,69,,71065,1,,,1,31,,71098,12,,,1,69,,71066,1,,,1,31,,71089,8,,,1,69,,71067,1,,,1,31,,71090,8,,,1,69,,71068,1,,,1,31,,71091,8,,,1,69,,71069,1,,,1,32,,71092,8,,,1,69,,71070,1,,,1,28,,71093,8,,,1,68,,71071,1,,,1,32,,71094,8,,,1,68,,71072,1,,,1,34,,71095,8,,,1,68,,71073,1,,,1,31,,71099,12,,,1,69,,71074,1,,,1,31,,71096,8,,,1,69,,71075,1,,,1,31,,71097,8,,,1,69,,71076,1,,,1,100,,71077,1,,,1
101,'20261014',452,,71107,1,,,1,71,,71131,8,,,1,29,,71108,1,,,1,51,,71148,10,,,1,16,,71146,12,,,1,14,,71149,10,,,1,15,,71126,1,,,1,55,,71150,10,,,1,17,,71147,12,,,1,13,,71151,10,,,1,15,,71127,1,,,1,58,,71152,25,,,1,31,,71132,8,,,1,69,,71109,1,,,1,31,,71133,8,,,1,69,,71110,1,,,1,31,,71134,8,,,1,69,,71111,1,,,1,31,,71144,12,,,1,69,,71112,1,,,1,31,,71135,8,,,1,69,,71113,1,,,1,31,,71136,8,,,1,69,,71114,1,,,1,31,,71137,8,,,1,69,,71115,1,,,1,32,,71138,8,,,1,69,,71116,1,,,1,28,,71139,8,,,1,68,,71117,1,,,1,32,,71140,8,,,1,68,,71118,1,,,1,34,,71141,8,,,1,68,,71119,1,,,1,31,,71145,12,,,1,69,,71120,1,,,1,31,,71142,8,,,1,69,,71121,1,,,1,31,,71143,8,,,1,69,,71122,1,,,1,100,,71123,1,,,1
101,'20261015',452,,71153,1,,,1,71,,71177,8,,,1,29,,71154,1,,,1,51,,71194,10,,,1,16,,71192,12,,,1,14,,71195,10,,,1,15,,71172,1,,,1,55,,71196,10,,,1,17,,71193,12,,,1,13,,71197,10,,,1,15,,71173,1,,,1,58,,71198,25,,,1,31,,71178,8,,,1,69,,71155,1,,,1,31,,71179,8,,,1,69,,71156,1,,,1,31,,71180,8,,,1,69,,71157,1,,,1,31,,71190,12,,,1,69,,71158,1,,,1,31,,71181,8,,,1,69,,71159,1,,,1,31,,71182,8,,,1,69,,71160,1,,,1,31,,71183,8,,,1,69,,71161,1,,,1,32,,71184,8,,,1,69,,71162,1,,,1,28,,71185,8,,,1,68,,71163,1,,,1,32,,71186,8,,,1,68,,71164,1,,,1,34,,71187,8,,,1,68,,71165,1,,,1,31,,71191,12,,,1,69,,71166,1,,,1,31,,71188,8,,,1,69,,71167,1,,,1,31,,71189,8,,,1,69,,71168,1,,,1,100,,71169,1,,,1
101,'20261016',452,,71199,1,,,1,71,,71223,8,,,1,29,,71200,1,,,1,51,,71242,10,,,1,16,,71240,12,,,1,14,,71243,10,,,1,15,,71218,1,,,1,55,,71244,10,,,1,17,,71241,12,,,1,13,,71245,10,,,1,15,,71219,1,,,1,58,,71246,25,,,1,31,,71224,8,,,1,69,,71201,1,,,1,31,,71225,8,,,1,69,,71202,1,,,1,31,,71226,8,,,1,69,,71203,1,,,1,31,,71238,12,,,1,69,,71204,1,,,1,31,,71227,8,,,1,69,,71205,1,,,1,31,,71228,8,,,1,69,,71206,1,,,1,31,,71229,8,,,1,69,,71207,1,,,1,32,,71230,8,,,1,69,,71208,1,,,1,28,,71231,8,,,1,68,,71209,1,,,1,32,,71232,8,,,1,68,,71210,1,,,1,34,,71233,8,,,1,68,,71211,1,,,1,31,,71239,12,,,1,69,,71212,1,,,1,31,,71234,8,,,1,69,,71213,1,,,1,31,,71235,8,,,1,69,,71214,1,,,1,31,,71236,8,,,1,69,,71215,1,,,1,31,,71237,8,,,1
101,'20261017',1344,,71280,25,4,,1,401,,71281,25,4,,1,399,,71282,25,4,,1,214,,71283,25,4,,1
101,'20261018',1344,,71316,25,4,,1,401,,71317,25,4,,1,399,,71318,25,4,,1,214,,71319,25,4,,1
101,'20261019',451,,71320,1,,,1,71,,71344,8,,,1,29,,71321,1,,,1,51,,71361,10,,,1,16,,71359,12,,,1,14,,71362,10,,,1,15,,71339,1,,,1,55,,71363,10,,,1,17,,71360,12,,,1,13,,71364,10,,,1,16,,71340,1,,,1,57,,71365,25,,,1,31,,71345,8,,,1,69,,71322,1,,,1,31,,71346,8,,,1,69,,71323,1,,,1,31,,71347,8,,,1,69,,71324,1,,,1,31,,71357,12,,,1,69,,71325,1,,,1,31,,71348,8,,,1,69,,71326,1,,,1,31,,71349,8,,,1,69,,71327,1,,,1,31,,71350,8,,,1,69,,71328,1,,,1,32,,71351,8,,,1,69,,71329,1,,,1,28,,71352,8,,,1,68,,71330,1,,,1,32,,71353,8,,,1,68,,71331,1,,,1,34,,71354,8,,,1,68,,71332,1,,,1,31,,71358,12,,,1,69,,71333,1,,,1,31,,71355,8,,,1,69,,71334,1,,,1,31,,71356,8,,,1,69,,71335,1,,,1,100,,71336,1,,,1
101,'20261020',452,,71366,1,,,1,71,,71390,8,,,1,29,,71367,1,,,1,51,,71407,10,,,1,16,,71405,12,,,1,14,,71408,10,,,1,15,,71385,1,,,1,55,,71409,10,,,1,17,,71406,12,,,1,13,,71410,10,,,1,15,,71386,1,,,1,58,,71411,25,,,1,31,,71391,8,,,1,69,,71368,1,,,1,31,,71392,8,,,1,69,,71369,1,,,1,31,,71393,8,,,1,69,,71370,1,,,1,31,,71403,12,,,1,69,,71371,1,,,1,31,,71394,8,,,1,69,,71372,1,,,1,31,,71395,8,,,1,69,,71373,1,,,1,31,,71396,8,,,1,69,,71374,1,,,1,32,,71397,8,,,1,69,,71375,1,,,1,28,,71398,8,,,1,68,,71376,1,,,1,32,,71399,8,,,1,68,,71377,1,,,1,34,,71400,8,,,1,68,,71378,1,,,1,31,,71404,12,,,1,69,,71379,1,,,1,31,,71401,8,,,1,69,,71380,1,,,1,31,,71402,8,,,1,69,,71381,1,,,1,100,,71382,1,,,1
101,'20261021',452,,71412,1,,,1,71,,71436,8,,,1,29,,71413,1,,,1,51,,71453,10,,,1,16,,71451,12,,,1,14,,71454,10,,,1,15,,71431,1,,,1,55,,71455,10,,,1,17,,71452,12,,,1,13,,71456,10,,,1,15,,71432,1,,,1,58,,71457,25,,,1,31,,71437,8,,,1,69,,71414,1,,,1,31,,71438,8,,,1,69,,71415,1,,,1,31,,71439,8,,,1,69,,71416,1,,,1,31,,71449,12,,,1,69,,71417,1,,,1,31,,71440,8,,,1,69,,71418,1,,,1,31,,71441,8,,,1,69,,71419,1,,,1,31,,71442,8,,,1,69,,71420,1,,,1,32,,71443,8,,,1,69,,71421,1,,,1,28,,71444,8,,,1,68,,71422,1,,,1,32,,71445,8,,,1,68,,71423,1,,,1,34,,71446,8,,,1,68,,71424,1,,,1,31,,71450,12,,,1,69,,71425,1,,,1,31,,71447,8,,,1,69,,71426,1,,,1,31,,71448,8,,,1,69,,71427,1,,,1,100,,71428,1,,,1
101,'20261022',452,,71458,1,,,1,71,,71482,8,,,1,29,,71459,1,,,1,51,,71499,10,,,1,16,,71497,12,,,1,14,,71500,10,,,1,15,,71477,1,,,1,55,,71501,10,,,1,17,,71498,12,,,1,13,,71502,10,,,1,15,,71478,1,,,1,58,,71503,25,,,1,31,,71483,8,,,1,69,,71460,1,,,1,31,,71484,8,,,1,69,,71461,1,,,1,31,,71485,8,,,1,69,,71462,1,,,1,31,,71495,12,,,1,69,,71463,1,,,1,31,,71486,8,,,1,69,,71464,1,,,1,31,,71487,8,,,1,69,,71465,1,,,1,31,,71488,8,,,1,69,,71466,1,,,1,32,,71489,8,,,1,69,,71467,1,,,1,28,,71490,8,,,1,68,,71468,1,,,1,32,,71491,8,,,1,68,,71469,1,,,1,34,,71492,8,,,1,68,,71470,1,,,1,31,,71496,12,,,1,69,,71471,1,,,1,31,,71493,8,,,1,69,,71472,1,,,1,31,,71494,8,,,1,69,,71473,1,,,1,100,,71474,1,,,1
101,'20261023',452,,71504,1,,,1,71,,71528,8,,,1,29,,71505,1,,,1,51,,71547,10,,,1,16,,71545,12,,,1,14,,71548,10,,,1,15,,71523,1,,,1,55,,71549,10,,,1,17,,71546,12,,,1,13,,71550,10,,,1,15,,71524,1,,,1,58,,71551,25,,,1,31,,71529,8,,,1,69,,71506,1,,,1,31,,71530,8,,,1,69,,71507,1,,,1,31,,71531,8,,,1,69,,71508,1,,,1,31,,71543,12,,,1,69,,71509,1,,,1,31,,71532,8,,,1,69,,71510,1,,,1,31,,71533,8,,,1,69,,71511,1,,,1,31,,71534,8,,,1,69,,71512,1,,,1,32,,71535,8,,,1,69,,71513,1,,,1,28,,71536,8,,,1,68,,71514,1,,,1,32,,71537,8,,,1,68,,71515,1,,,1,34,,71538,8,,,1,68,,71516,1,,,1,31,,71544,12,,,1,69,,71517,1,,,1,31,,71539,8,,,1,69,,71518,1,,,1,31,,71540,8,,,1,69,,71519,1,,,1,31,,71541,8,,,1,69,,71520,1,,,1
101,'20261024',1327,,71585,25,4,,1,401,,71586,25,4,,1,399,,71587,25,4,,1,214,,71588,25,4,,1
101,'20261025',1344,,71621,25,4,,1,401,,71622,25,4,,1,399,,71623,25,4,,1,214,,71624,25,4,,1
101,'20261026',451,,71625,1,,,1,71,,71649,8,,,1,29,,71626,1,,,1,51,,71666,10,,,1,16,,71664,12,,,1,14,,71667,10,,,1,15,,71644,1,,,1,55,,71668,10,,,1,17,,71665,12,,,1,13,,71669,10,,,1,16,,71645,1,,,1,57,,71670,25,,,1,31,,71650,8,,,1,69,,71627,1,,,1,31,,71651,8,,,1,69,,71628,1,,,1,31,,71652,8,,,1,69,,71629,1,,,1,31,,71662,12,,,1,69,,71630,1,,,1,31,,71653,8,,,1,69,,71631,1,,,1,31,,71654,8,,,1,69,,71632,1,,,1,31,,71655,8,,,1,69,,71633,1,,,1,32,,71656,8,,,1,69,,71634,1,,,1,28,,71657,8,,,1,68,,71635,1,,,1,32,,71658,8,,,1,68,,71636,1,,,1,34,,71659,8,,,1,68,,71637,1,,,1,31,,71663,12,,,1,69,,71638,1,,,1,31,,71660,8,,,1,69,,71639,1,,,1,31,,71661,8,,,1,69,,71640,1,,,1,100,,71641,1,,,1
101,'20261027',452,,71671,1,,,1,71,,71695,8,,,1,29,,71672,1,,,1,51,,71712,10,,,1,16,,71710,12,,,1,14,,71713,10,,,1,15,,71690,1,,,1,55,,71714,10,,,1,17,,71711,12,,,1,13,,71715,10,,,1,15,,71691,1,,,1,58,,71716,25,,,1,31,,71696,8,,,1,69,,71673,1,,,1,31,,71697,8,,,1,69,,71674,1,,,1,31,,71698,8,,,1,69,,71675,1,,,1,31,,71708,12,,,1,69,,71676,1,,,1,31,,71699,8,,,1,69,,71677,1,,,1,31,,71700,8,,,1,69,,71678,1,,,1,31,,71701,8,,,1,69,,71679,1,,,1,32,,71702,8,,,1,69,,71680,1,,,1,28,,71703,8,,,1,68,,71681,1,,,1,32,,71704,8,,,1,68,,71682,1,,,1,34,,71705,8,,,1,68,,71683,1,,,1,31,,71709,12,,,1,69,,71684,1,,,1,31,,71706,8,,,1,69,,71685,1,,,1,31,,71707,8,,,1,69,,71686,1,,,1,100,,71687,1,,,1
101,'20261028',452,,71717,1,,,1,71,,71741,8,,,1,29,,71718,1,,,1,51,,71758,10,,,1,16,,71756,12,,,1,14,,71759,10,,,1,15,,71736,1,,,1,55,,71760,10,,,1,17,,71757,12,,,1,13,,71761,10,,,1,15,,71737,1,,,1,58,,71762,25,,,1,31,,71742,8,,,1,69,,71719,1,,,1,31,,71743,8,,,1,69,,71720,1,,,1,31,,71744,8,,,1,69,,71721,1,,,1,31,,71754,12,,,1,69,,71722,1,,,1,31,,71745,8,,,1,69,,71723,1,,,1,31,,71746,8,,,1,69,,71724,1,,,1,31,,71747,8,,,1,69,,71725,1,,,1,32,,71748,8,,,1,69,,71726,1,,,1,28,,71749,8,,,1,68,,71727,1,,,1,32,,71750,8,,,1,68,,71728,1,,,1,34,,71751,8,,,1,68,,71729,1,,,1,31,,71755,12,,,1,69,,71730,1,,,1,31,,71752,8,,,1,69,,71731,1,,,1,31,,71753,8,,,1,69,,71732,1,,,1,100,,71733,1,,,1
101,'20261029',452,,71763,1,,,1,71,,71787,8,,,1,29,,71764,1,,,1,51,,71804,10,,,1,16,,71802,12,,,1,14,,71805,10,,,1,15,,71782,1,,,1,55,,71806,10,,,1,17,,71803,12,,,1,13,,71807,10,,,1,15,,71783,1,,,1,58,,71808,25,,,1,31,,71788,8,,,1,69,,71765,1,,,1,31,,71789,8,,,1,69,,71766,1,,,1,31,,71790,8,,,1,69,,71767,1,,,1,31,,71800,12,,,1,69,,71768,1,,,1,31,,71791,8,,,1,69,,71769,1,,,1,31,,71792,8,,,1,69,,71770,1,,,1,31,,71793,8,,,1,69,,71771,1,,,1,32,,71794,8,,,1,69,,71772,1,,,1,28,,71795,8,,,1,68,,71773,1,,,1,32,,71796,8,,,1,68,,71774,1,,,1,34,,71797,8,,,1,68,,71775,1,,,1,31,,71801,12,,,1,69,,71776,1,,,1,31,,71798,8,,,1,69,,71777,1,,,1,31,,71799,8,,,1,69,,71778,1,,,1,100,,71779,1,,,1
101,'20261030',452,,71809,1,,,1,71,,71833,8,,,1,29,,71810,1,,,1,51,,71852,10,,,1,16,,71850,12,,,1,14,,71853,10,,,1,15,,71828,1,,,1,55,,71854,10,,,1,17,,71851,12,,,1,13,,71855,10,,,1,15,,71829,1,,,1,58,,71856,25,,,1,31,,71834,8,,,1,69,,71811,1,,,1,31,,71835,8,,,1,69,,71812,1,,,1,31,,71836,8,,,1,69,,71813,1,,,1,31,,71848,12,,,1,69,,71814,1,,,1,31,,71837,8,,,1,69,,71815,1,,,1,31,,71838,8,,,1,69,,71816,1,,,1,31,,71839,8,,,1,69,,71817,1,,,1,32,,71840,8,,,1,69,,71818,1,,,1,28,,71841,8,,,1,68,,71819,1,,,1,32,,71842,8,,,1,68,,71820,1,,,1,34,,71843,8,,,1,68,,71821,1,,,1,31,,71849,12,,,1,69,,71822,1,,,1,31,,71844,8,,,1,69,,71823,1,,,1,31,,71845,8,,,1,69,,71824,1,,,1,31,,71846,8,,,1,69,,71825,1,,,1
101,'20261031',1327,,71890,25,4,,1,401,,71891,25,4,,1,399,,71892,25,4,,1,214,,71893,25,4,,1
101,'20261101',1344,,71926,25,4,,1,401,,71927,25,4,,1,399,,71928,25,4,,1,214,,71929,25,4,,1
101,'20261102',451,,71930,1,,,1,71,,71954,8,,,1,29,,71931,1,,,1,51,,71971,10,,,1,16,,71969,12,,,1,14,,71972,10,,,1,15,,71949,1,,,1,55,,71973,10,,,1,17,,71970,12,,,1,13,,71974,10,,,1,16,,71950,1,,,1,57,,71975,25,,,1,31,,71955,8,,,1,69,,71932,1,,,1,31,,71956,8,,,1,69,,71933,1,,,1,31,,71957,8,,,1,69,,71934,1,,,1,31,,71967,12,,,1,69,,71935,1,,,1,31,,71958,8,,,1,69,,71936,1,,,1,31,,71959,8,,,1,69,,71937,1,,,1,31,,71960,8,,,1,69,,71938,1,,,1,32,,71961,8,,,1,69,,71939,1,,,1,28,,71962,8,,,1,68,,71940,1,,,1,32,,71963,8,,,1,68,,71941,1,,,1,34,,71964,8,,,1,68,,71942,1,,,1,31,,71968,12,,,1,69,,71943,1,,,1,31,,71965,8,,,1,69,,71944,1,,,1,31,,71966,8,,,1,69,,71945,1,,,1,100,,71946,1,,,1
101,'20261103',452,,71976,1,,,1,71,,72000,8,,,1,29,,71977,1,,,1,51,,72017,10,,,1,16,,72015,12,,,1,14,,72018,10,,,1,15,,71995,1,,,1,55,,72019,10,,,1,17,,72016,12,,,1,13,,72020,10,,,1,15,,71996,1,,,1,58,,72021,25,,,1,31,,72001,8,,,1,69,,71978,1,,,1,31,,72002,8,,,1,69,,71979,1,,,1,31,,72003,8,,,1,69,,71980,1,,,1,31,,72013,12,,,1,69,,71981,1,,,1,31,,72004,8,,,1,69,,71982,1,,,1,31,,72005,8,,,1,69,,71983,1,,,1,31,,72006,8,,,1,69,,71984,1,,,1,32,,72007,8,,,1,69,,71985,1,,,1,28,,72008,8,,,1,68,,71986,1,,,1,32,,72009,8,,,1,68,,71987,1,,,1,34,,72010,8,,,1,68,,71988,1,,,1,31,,72014,12,,,1,69,,71989,1,,,1,31,,72011,8,,,1,69,,71990,1,,,1,31,,72012,8,,,1,69,,71991,1,,,1,100,,71992,1,,,1
101,'20261104',452,,72022,1,,,1,71,,72046,8,,,1,29,,72023,1,,,1,51,,72063,10,,,1,16,,72061,12,,,1,14,,72064,10,,,1,15,,72041,1,,,1,55,,72065,10,,,1,17,,72062,12,,,1,13,,72066,10,,,1,15,,72042,1,,,1,58,,72067,25,,,1,31,,72047,8,,,1,69,,72024,1,,,1,31,,72048,8,,,1,69,,72025,1,,,1,31,,72049,8,,,1,69,,72026,1,,,1,31,,72059,12,,,1,69,,72027,1,,,1,31,,72050,8,,,1,69,,72028,1,,,1,31,,72051,8,,,1,69,,72029,1,,,1,31,,72052,8,,,1,69,,72030,1,,,1,32,,72053,8,,,1,69,,72031,1,,,1,28,,72054,8,,,1,68,,72032,1,,,1,32,,72055,8,,,1,68,,72033,1,,,1,34,,72056,8,,,1,68,,72034,1,,,1,31,,72060,12,,,1,69,,72035,1,,,1,31,,72057,8,,,1,69,,72036,1,,,1,31,,72058,8,,,1,69,,72037,1,,,1,100,,72038,1,,,1
101,'20261105',452,,72068,1,,,1,71,,72092,8,,,1,29,,72069,1,,,1,51,,72109,10,,,1,16,,72107,12,,,1,14,,72110,10,,,1,15,,72087,1,,,1,55,,72111,10,,,1,17,,72108,12,,,1,13,,72112,10,,,1,15,,72088,1,,,1,58,,72113,25,,,1,31,,72093,8,,,1,69,,72070,1,,,1,31,,72094,8,,,1,69,,72071,1,,,1,31,,72095,8,,,1,69,,72072,1,,,1,31,,72105,12,,,1,69,,72073,1,,,1,31,,72096,8,,,1,69,,72074,1,,,1,31,,72097,8,,,1,69,,72075,1,,,1,31,,72098,8,,,1,69,,72076,1,,,1,32,,72099,8,,,1,69,,72077,1,,,1,28,,72100,8,,,1,68,,72078,1,,,1,32,,72101,8,,,1,68,,72079,1,,,1,34,,72102,8,,,1,68,,72080,1,,,1,31,,72106,12,,,1,69,,72081,1,,,1,31,,72103,8,,,1,69,,72082,1,,,1,31,,72104,8,,,1,69,,72083,1,,,1,100,,72084,1,,,1
101,'20261106',452,,72114,1,,,1,71,,72138,8,,,1,29,,72115,1,,,1,51,,72157,10,,,1,16,,72155,12,,,1,14,,72158,10,,,1,15,,72133,1,,,1,55,,72159,10,,,1,17,,72156,12,,,1,13,,72160,10,,,1,15,,72134,1,,,1,58,,72161,25,,,1,31,,72139,8,,,1,69,,72116,1,,,1,31,,72140,8,,,1,69,,72117,1,,,1,31,,72141,8,,,1,69,,72118,1,,,1,31,,72153,12,,,1,69,,72119,1,,,1,31,,72142,8,,,1,69,,72120,1,,,1,31,,72143,8,,,1,69,,72121,1,,,1,31,,72144,8,,,1,69,,72122,1,,,1,32,,72145,8,,,1,69,,72123,1,,,1,28,,72146,8,,,1,68,,72124,1,,,1,32,,72147,8,,,1,68,,72125,1,,,1,34,,72148,8,,,1,68,,72126,1,,,1,31,,72154,12,,,1,69,,72127,1,,,1,31,,72149,8,,,1,69,,72128,1,,,1,31,,72150,8,,,1,69,,72129,1,,,1,31,,72151,8,,,1,69,,72130,1,,,1
101,'20261107',1327,,72195,25,4,,1,401,,72196,25,4,,1,399,,72197,25,4,,1,214,,72198,25,4,,1
101,'20261108',1344,,72231,25,4,,1,401,,72232,25,4,,1,399,,72233,25,4,,1,214,,72234,25,4,,1
101,'20261109',451,,72235,1,,,1,71,,72259,8,,,1,29,,72236,1,,,1,51,,72276,10,,,1,16,,72274,12,,,1,14,,72277,10,,,1,15,,72254,1,,,1,55,,72278,10,,,1,17,,72275,12,,,1,13,,72279,10,,,1,16,,72255,1,,,1,57,,72280,25,,,1,31,,72260,8,,,1,69,,72237,1,,,1,31,,72261,8,,,1,69,,72238,1,,,1,31,,72262,8,,,1,69,,72239,1,,,1,31,,72272,12,,,1,69,,72240,1,,,1,31,,72263,8,,,1,69,,72241,1,,,1,31,,72264,8,,,1,69,,72242,1,,,1,31,,72265,8,,,1,69,,72243,1,,,1,32,,72266,8,,,1,69,,72244,1,,,1,28,,72267,8,,,1,68,,72245,1,,,1,32,,72268,8,,,1,68,,72246,1,,,1,34,,72269,8,,,1,68,,72247,1,,,1,31,,72273,12,,,1,69,,72248,1,,,1,31,,72270,8,,,1,69,,72249,1,,,1,31,,72271,8,,,1,69,,72250,1,,,1,100,,72251,1,,,1
101,'20261110',452,,72281,1,,,1,71,,72305,8,,,1,29,,72282,1,,,1,51,,72322,10,,,1,16,,72320,12,,,1,14,,72323,10,,,1,15,,72300,1,,,1,55,,72324,10,,,1,17,,72321,12,,,1,13,,72325,10,,,1,15,,72301,1,,,1,58,,72326,25,,,1,31,,72306,8,,,1,69,,72283,1,,,1,31,,72307,8,,,1,69,,72284,1,,,1,31,,72308,8,,,1,69,,72285,1,,,1,31,,72318,12,,,1,69,,72286,1,,,1,31,,72309,8,,,1,69,,72287,1,,,1,31,,72310,8,,,1,69,,72288,1,,,1,31,,72311,8,,,1,69,,72289,1,,,1,32,,72312,8,,,1,69,,72290,1,,,1,28,,72313,8,,,1,68,,72291,1,,,1,32,,72314,8,,,1,68,,72292,1,,,1,34,,72315,8,,,1,68,,72293,1,,,1,31,,72319,12,,,1,69,,72294,1,,,1,31,,72316,8,,,1,69,,72295,1,,,1,31,,72317,8,,,1,69,,72296,1,,,1,100,,72297,1,,,1
101,'20261111',452,,72327,1,,,1,71,,72351,8,,,1,29,,72328,1,,,1,51,,72368,10,,,1,16,,72366,12,,,1,14,,72369,10,,,1,15,,72346,1,,,1,55,,72370,10,,,1,17,,72367,12,,,1,13,,72371,10,,,1,15,,72347,1,,,1,58,,72372,25,,,1,31,,72352,8,,,1,69,,72329,1,,,1,31,,72353,8,,,1,69,,72330,1,,,1,31,,72354,8,,,1,69,,72331,1,,,1,31,,72364,12,,,1,69,,72332,1,,,1,31,,72355,8,,,1,69,,72333,1,,,1,31,,72356,8,,,1,69,,72334,1,,,1,31,,72357,8,,,1,69,,72335,1,,,1,32,,72358,8,,,1,69,,72336,1,,,1,28,,72359,8,,,1,68,,72337,1,,,1,32,,72360,8,,,1,68,,72338,1,,,1,34,,72361,8,,,1,68,,72339,1,,,1,31,,72365,12,,,1,69,,72340,1,,,1,31,,72362,8,,,1,69,,72341,1,,,1,31,,72363,8,,,1,69,,72342,1,,,1,100,,72343,1,,,1
101,'20261112',452,,72373,1,,,1,71,,72397,8,,,1,29,,72374,1,,,1,51,,72414,10,,,1,16,,72412,12,,,1,14,,72415,10,,,1,15,,72392,1,,,1,55,,72416,10,,,1,17,,72413,12,,,1,13,,72417,10,,,1,15,,72393,1,,,1,58,,72418,25,,,1,31,,72398,8,,,1,69,,72375,1,,,1,31,,72399,8,,,1,69,,72376,1,,,1,31,,72400,8,,,1,69,,72377,1,,,1,31,,72410,12,,,1,69,,72378,1,,,1,31,,72401,8,,,1,69,,72379,1,,,1,31,,72402,8,,,1,69,,72380,1,,,1,31,,72403,8,,,1,69,,72381,1,,,1,32,,72404,8,,,1,69,,72382,1,,,1,28,,72405,8,,,1,68,,72383,1,,,1,32,,72406,8,,,1,68,,72384,1,,,1,34,,72407,8,,,1,68,,72385,1,,,1,31,,72411,12,,,1,69,,72386,1,,,1,31,,72408,8,,,1,69,,72387,1,,,1,31,,72409,8,,,1,69,,72388,1,,,1,100,,72389,1,,,1
101,'20261113',452,,72419,1,,,1,71,,72443,8,,,1,29,,72420,1,,,1,51,,72462,10,,,1,16,,72460,12,,,1,14,,72463,10,,,1,15,,72438,1,,,1,55,,72464,10,,,1,17,,72461,12,,,1,13,,72465,10,,,1,15,,72439,1,,,1,58,,72466,25,,,1,31,,72444,8,,,1,69,,72421,1,,,1,31,,72445,8,,,1,69,,72422,1,,,1,31,,72446,8,,,1,69,,72423,1,,,1,31,,72458,12,,,1,69,,72424,1,,,1,31,,72447,8,,,1,69,,72425,1,,,1,31,,72448,8,,,1,69,,72426,1,,,1,31,,72449,8,,,1,69,,72427,1,,,1,32,,72450,8,,,1,69,,72428,1,,,1,28,,72451,8,,,1,68,,72429,1,,,1,32,,72452,8,,,1,68,,72430,1,,,1,34,,72453,8,,,1,68,,72431,1,,,1,31,,72459,12,,,1,69,,72432,1,,,1,31,,72454,8,,,1,69,,72433,1,,,1,31,,72455,8,,,1,69,,72434,1,,,1,31,,72456,8,,,1,69,,72435,1,,,1
101,'20261114',1327,,72500,25,4,,1,401,,72501,25,4,,1,399,,72502,25,4,,1,214,,72503,25,4,,1
101,'20261115',1344,,72536,25,4,,1,401,,72537,25,4,,1,399,,72538,25,4,,1,214,,72539,25,4,,1
101,'20261116',451,,72540,1,,,1,71,,72564,8,,,1,29,,72541,1,,,1,51,,72581,10,,,1,16,,72579,12,,,1,14,,72582,10,,,1,15,,72559,1,,,1,55,,72583,10,,,1,17,,72580,12,,,1,13,,72584,10,,,1,16,,72560,1,,,1,57,,72585,25,,,1,31,,72565,8,,,1,69,,72542,1,,,1,31,,72566,8,,,1,69,,72543,1,,,1,31,,72567,8,,,1,69,,72544,1,,,1,31,,72577,12,,,1,69,,72545,1,,,1,31,,72568,8,,,1,69,,72546,1,,,1,31,,72569,8,,,1,69,,72547,1,,,1,31,,72570,8,,,1,69,,72548,1,,,1,32,,72571,8,,,1,69,,72549,1,,,1,28,,72572,8,,,1,68,,72550,1,,,1,32,,72573,8,,,1,68,,72551,1,,,1,34,,72574,8,,,1,68,,72552,1,,,1,31,,72578,12,,,1,69,,72553,1,,,1,31,,72575,8,,,1,69,,72554,1,,,1,31,,72576,8,,,1,69,,72555,1,,,1,100,,72556,1,,,1
101,'20261117',452,,72586,1,,,1,71,,72610,8,,,1,29,,72587,1,,,1,51,,72627,10,,,1,16,,72625,12,,,1,14,,72628,10,,,1,15,,72605,1,,,1,55,,72629,10,,,1,17,,72626,12,,,1,13,,72630,10,,,1,15,,72606,1,,,1,58,,72631,25,,,1,31,,72611,8,,,1,69,,72588,1,,,1,31,,72612,8,,,1,69,,72589,1,,,1,31,,72613,8,,,1,69,,72590,1,,,1,31,,72623,12,,,1,69,,72591,1,,,1,31,,72614,8,,,1,69,,72592,1,,,1,31,,72615,8,,,1,69,,72593,1,,,1,31,,72616,8,,,1,69,,72594,1,,,1,32,,72617,8,,,1,69,,72595,1,,,1,28,,72618,8,,,1,68,,72596,1,,,1,32,,72619,8,,,1,68,,72597,1,,,1,34,,72620,8,,,1,68,,72598,1,,,1,31,,72624,12,,,1,69,,72599,1,,,1,31,,72621,8,,,1,69,,72600,1,,,1,31,,72622,8,,,1,69,,72601,1,,,1,100,,72602,1,,,1
101,'20261118',452,,72632,1,,,1,71,,72656,8,,,1,29,,72633,1,,,1,51,,72673,10,,,1,16,,72671,12,,,1,14,,72674,10,,,1,15,,72651,1,,,1,55,,72675,10,,,1,17,,72672,12,,,1,13,,72676,10,,,1,15,,72652,1,,,1,58,,72677,25,,,1,31,,72657,8,,,1,69,,72634,1,,,1,31,,72658,8,,,1,69,,72635,1,,,1,31,,72659,8,,,1,69,,72636,1,,,1,31,,72669,12,,,1,69,,72637,1,,,1,31,,72660,8,,,1,69,,72638,1,,,1,31,,72661,8,,,1,69,,72639,1,,,1,31,,72662,8,,,1,69,,72640,1,,,1,32,,72663,8,,,1,69,,72641,1,,,1,28,,72664,8,,,1,68,,72642,1,,,1,32,,72665,8,,,1,68,,72643,1,,,1,34,,72666,8,,,1,68,,72644,1,,,1,31,,72670,12,,,1,69,,72645,1,,,1,31,,72667,8,,,1,69,,72646,1,,,1,31,,72668,8,,,1,69,,72647,1,,,1,100,,72648,1,,,1
101,'20261119',452,,72678,1,,,1,71,,72702,8,,,1,29,,72679,1,,,1,51,,72719,10,,,1,16,,72717,12,,,1,14,,72720,10,,,1,15,,72697,1,,,1,55,,72721,10,,,1,17,,72718,12,,,1,13,,72722,10,,,1,15,,72698,1,,,1,58,,72723,25,,,1,31,,72703,8,,,1,69,,72680,1,,,1,31,,72704,8,,,1,69,,72681,1,,,1,31,,72705,8,,,1,69,,72682,1,,,1,31,,72715,12,,,1,69,,72683,1,,,1,31,,72706,8,,,1,69,,72684,1,,,1,31,,72707,8,,,1,69,,72685,1,,,1,31,,72708,8,,,1,69,,72686,1,,,1,32,,72709,8,,,1,69,,72687,1,,,1,28,,72710,8,,,1,68,,72688,1,,,1,32,,72711,8,,,1,68,,72689,1,,,1,34,,72712,8,,,1,68,,72690,1,,,1,31,,72716,12,,,1,69,,72691,1,,,1,31,,72713,8,,,1,69,,72692,1,,,1,31,,72714,8,,,1,69,,72693,1,,,1,100,,72694,1,,,1
101,'20261120',452,,72724,1,,,1,71,,72748,8,,,1,29,,72725,1,,,1,51,,72767,10,,,1,16,,72765,12,,,1,14,,72768,10,,,1,15,,72743,1,,,1,55,,72769,10,,,1,17,,72766,12,,,1,13,,72770,10,,,1,15,,72744,1,,,1,58,,72771,25,,,1,31,,72749,8,,,1,69,,72726,1,,,1,31,,72750,8,,,1,69,,72727,1,,,1,31,,72751,8,,,1,69,,72728,1,,,1,31,,72763,12,,,1,69,,72729,1,,,1,31,,72752,8,,,1,69,,72730,1,,,1,31,,72753,8,,,1,69,,72731,1,,,1,31,,72754,8,,,1,69,,72732,1,,,1,32,,72755,8,,,1,69,,72733,1,,,1,28,,72756,8,,,1,68,,72734,1,,,1,32,,72757,8,,,1,68,,72735,1,,,1,34,,72758,8,,,1,68,,72736,1,,,1,31,,72764,12,,,1,69,,72737,1,,,1,31,,72759,8,,,1,69,,72738,1,,,1,31,,72760,8,,,1,69,,72739,1,,,1,31,,72761,8,,,1,69,,72740,1,,,1
101,'20261121',1327,,72805,25,4,,1,401,,72806,25,4,,1,399,,72807,25,4,,1,214,,72808,25,4,,1
101,'20261122',1344,,72841,25,4,,1,401,,72842,25,4,,1,399,,72843,25,4,,1,214,,72844,25,4,,1
101,'20261123',451,,72845,1,,,1,71,,72869,8,,,1,29,,72846,1,,,1,51,,72886,10,,,1,16,,72884,12,,,1,14,,72887,10,,,1,15,,72864,1,,,1,55,,72888,10,,,1,17,,72885,12,,,1,13,,72889,10,,,1,16,,72865,1,,,1,57,,72890,25,,,1,31,,72870,8,,,1,69,,72847,1,,,1,31,,72871,8,,,1,69,,72848,1,,,1,31,,72872,8,,,1,69,,72849,1,,,1,31,,72882,12,,,1,69,,72850,1,,,1,31,,72873,8,,,1,69,,72851,1,,,1,31,,72874,8,,,1,69,,72852,1,,,1,31,,72875,8,,,1,69,,72853,1,,,1,32,,72876,8,,,1,69,,72854,1,,,1,28,,72877,8,,,1,68,,72855,1,,,1,32,,72878,8,,,1,68,,72856,1,,,1,34,,72879,8,,,1,68,,72857,1,,,1,31,,72883,12,,,1,69,,72858,1,,,1,31,,72880,8,,,1,69,,72859,1,,,1,31,,72881,8,,,1,69,,72860,1,,,1,100,,72861,1,,,1
101,'20261124',452,,72891,1,,,1,71,,72915,8,,,1,29,,72892,1,,,1,51,,72932,10,,,1,16,,72930,12,,,1,14,,72933,10,,,1,15,,72910,1,,,1,55,,72934,10,,,1,17,,72931,12,,,1,13,,72935,10,,,1,15,,72911,1,,,1,58,,72936,25,,,1,31,,72916,8,,,1,69,,72893,1,,,1,31,,72917,8,,,1,69,,72894,1,,,1,31,,72918,8,,,1,69,,72895,1,,,1,31,,72928,12,,,1,69,,72896,1,,,1,31,,72919,8,,,1,69,,72897,1,,,1,31,,72920,8,,,1,69,,72898,1,,,1,31,,72921,8,,,1,69,,72899,1,,,1,32,,72922,8,,,1,69,,72900,1,,,1,28,,72923,8,,,1,68,,72901,1,,,1,32,,72924,8,,,1,68,,72902,1,,,1,34,,72925,8,,,1,68,,72903,1,,,1,31,,72929,12,,,1,69,,72904,1,,,1,31,,72926,8,,,1,69,,72905,1,,,1,31,,72927,8,,,1,69,,72906,1,,,1,100,,72907,1,,,1
101,'20261125',452,,72937,1,,,1,71,,72961,8,,,1,29,,72938,1,,,1,51,,72978,10,,,1,16,,72976,12,,,1,14,,72979,10,,,1,15,,72956,1,,,1,55,,72980,10,,,1,17,,72977,12,,,1,13,,72981,10,,,1,15,,72957,1,,,1,58,,72982,25,,,1,31,,72962,8,,,1,69,,72939,1,,,1,31,,72963,8,,,1,69,,72940,1,,,1,31,,72964,8,,,1,69,,72941,1,,,1,31,,72974,12,,,1,69,,72942,1,,,1,31,,72965,8,,,1,69,,72943,1,,,1,31,,72966,8,,,1,69,,72944,1,,,1,31,,72967,8,,,1,69,,72945,1,,,1,32,,72968,8,,,1,69,,72946,1,,,1,28,,72969,8,,,1,68,,72947,1,,,1,32,,72970,8,,,1,68,,72948,1,,,1,34,,72971,8,,,1,68,,72949,1,,,1,31,,72975,12,,,1,69,,72950,1,,,1,31,,72972,8,,,1,69,,72951,1,,,1,31,,72973,8,,,1,69,,72952,1,,,1,100,,72953,1,,,1
101,'20261126',452,,72983,1,,,1,71,,73007,8,,,1,29,,72984,1,,,1,51,,73024,10,,,1,16,,73022,12,,,1,14,,73025,10,,,1,15,,73002,1,,,1,55,,73026,10,,,1,17,,73023,12,,,1,13,,73027,10,,,1,15,,73003,1,,,1,58,,73028,25,,,1,31,,73008,8,,,1,69,,72985,1,,,1,31,,73009,8,,,1,69,,72986,1,,,1,31,,73010,8,,,1,69,,72987,1,,,1,31,,73020,12,,,1,69,,72988,1,,,1,31,,73011,8,,,1,69,,72989,1,,,1,31,,73012,8,,,1,69,,72990,1,,,1,31,,73013,8,,,1,69,,72991,1,,,1,32,,73014,8,,,1,69,,72992,1,,,1,28,,73015,8,,,1,68,,72993,1,,,1,32,,73016,8,,,1,68,,72994,1,,,1,34,,73017,8,,,1,68,,72995,1,,,1,31,,73021,12,,,1,69,,72996,1,,,1,31,,73018,8,,,1,69,,72997,1,,,1,31,,73019,8,,,1,69,,72998,1,,,1,100,,72999,1,,,1
101,'20261127',452,,73029,1,,,1,71,,73053,8,,,1,29,,73030,1,,,1,51,,73072,10,,,1,16,,73070,12,,,1,14,,73073,10,,,1,15,,73048,1,,,1,55,,73074,10,,,1,17,,73071,12,,,1,13,,73075,10,,,1,15,,73049,1,,,1,58,,73076,25,,,1,31,,73054,8,,,1,69,,73031,1,,,1,31,,73055,8,,,1,69,,73032,1,,,1,31,,73056,8,,,1,69,,73033,1,,,1,31,,73068,12,,,1,69,,73034,1,,,1,31,,73057,8,,,1,69,,73035,1,,,1,31,,73058,8,,,1,69,,73036,1,,,1,31,,73059,8,,,1,69,,73037,1,,,1,32,,73060,8,,,1,69,,73038,1,,,1,28,,73061,8,,,1,68,,73039,1,,,1,32,,73062,8,,,1,68,,73040,1,,,1,34,,73063,8,,,1,68,,73041,1,,,1,31,,73069,12,,,1,69,,73042,1,,,1,31,,73064,8,,,1,69,,73043,1,,,1,31,,73065,8,,,1,69,,73044,1,,,1,31,,73066,8,,,1,69,,73045,1,,,1
