600,'20260819',1649,,51887,29,4,,1,100,,51888,29,4,,1,70,,51886,29,4,,1,30,,51889,29,4,,1,100,,51890,29,4,,1
600,'20260820',1649,,51892,29,4,,1,100,,51893,29,4,,1,70,,51891,29,4,,1,30,,51894,29,4,,1,100,,51895,29,4,,1
600,'20260821',1649,,51897,29,4,,1,100,,51898,29,4,,1,70,,51896,29,4,,1,30,,51899,29,4,,1,100,,51900,29,4,,1
600,'20260824',1649,,65226,29,4,,1,100,,65227,29,4,,1,70,,65225,29,4,,1,30,,65228,29,4,,1,100,,65229,29,4,,1
600,'20260825',1649,,51907,29,4,,1,100,,51908,29,4,,1,70,,51906,29,4,,1,30,,51909,29,4,,1,100,,51910,29,4,,1
600,'20260826',1649,,51912,29,4,,1,100,,51913,29,4,,1,70,,51911,29,4,,1,30,,51914,29,4,,1,100,,51915,29,4,,1
600,'20260827',1649,,51917,29,4,,1,100,,51918,29,4,,1,70,,51916,29,4,,1,30,,51919,29,4,,1,100,,51920,29,4,,1
600,'20260828',1649,,51922,29,4,,1,100,,51923,29,4,,1,70,,51921,29,4,,1,30,,51924,29,4,,1,100,,51925,29,4,,1
600,'20260831',1649,,65231,29,4,,1,100,,65232,29,4,,1,70,,65230,29,4,,1,30,,65233,29,4,,1,100,,65234,29,4,,1
600,'20260901',1649,,51932,29,4,,1,100,,51933,29,4,,1,70,,51931,29,4,,1,30,,51934,29,4,,1,100,,51935,29,4,,1
600,'20260902',1649,,51937,29,4,,1,100,,51938,29,4,,1,70,,51936,29,4,,1,30,,51939,29,4,,1,100,,51940,29,4,,1
600,'20260903',1649,,51942,29,4,,1,100,,51943,29,4,,1,70,,51941,29,4,,1,30,,51944,29,4,,1,100,,51945,29,4,,1
600,'20260904',1649,,51947,29,4,,1,100,,51948,29,4,,1,70,,51946,29,4,,1,30,,51949,29,4,,1,100,,51950,29,4,,1
601,'20260819',553,,52135,1,,,1,101,,52136,1,,,1,70,,52138,1,,,1,30,,52137,1,,,1
601,'20260820',553,,52139,1,,,1,101,,52140,1,,,1,70,,52142,1,,,1,30,,52141,1,,,1
601,'20260821',553,,52143,1,,,1,101,,52144,1,,,1,70,,52146,1,,,1,30,,52145,1,,,1
601,'20260824',553,,65243,1,,,1,101,,65244,1,,,1,70,,65246,1,,,1,30,,65245,1,,,1
601,'20260825',553,,52151,1,,,1,101,,52152,1,,,1,70,,52154,1,,,1,30,,52153,1,,,1
601,'20260826',553,,52155,1,,,1,101,,52156,1,,,1,70,,52158,1,,,1,30,,52157,1,,,1
601,'20260827',553,,52159,1,,,1,101,,52160,1,,,1,70,,52162,1,,,1,30,,52161,1,,,1
601,'20260828',553,,52163,1,,,1,101,,52164,1,,,1,70,,52166,1,,,1,30,,52165,1,,,1
601,'20260831',553,,65247,1,,,1,101,,65248,1,,,1,70,,65250,1,,,1,30,,65249,1,,,1
601,'20260901',553,,52171,1,,,1,101,,52172,1,,,1,70,,52174,1,,,1,30,,52173,1,,,1
601,'20260902',553,,52175,1,,,1,101,,52176,1,,,1,70,,52178,1,,,1,30,,52177,1,,,1
601,'20260903',553,,52179,1,,,1,101,,52180,1,,,1,70,,52182,1,,,1,30,,52181,1,,,1
601,'20260904',553,,52183,1,,,1,101,,52184,1,,,1,70,,52186,1,,,1,30,,52185,1,,,1
