100,'20261005',637,,67004,15,0,10,1,70,,67027,15,0,11 12,1,38,,67005,15,0,10,1,70,,67028,15,0,11 12,1,30,,67006,15,0,10,1,70,,67029,15,0,11 12,1,30,,67007,15,0,10,1,70,,67030,15,0,11 12,1,30,,67008,15,0,10,1,70,,67031,15,0,11 12,1,30,,67009,15,0,10,1,70,,67042,15,0,13,1,30,,67010,15,0,10,1,70,,67032,15,0,11 12,1,30,,67011,15,0,10,1,70,,67033,15,0,11 12,1,30,,67012,15,0,10,1,70,,67034,15,0,11 12,1,30,,67013,15,0,10,1,58,,67024,15,0,14,1,31,,67021,15,0,14,1,70,,67025,15,0,14,1,30,,67022,15,0,14,1,70,,67026,15,0,15,1,17,,67035,15,0,11 12,1,25,,67014,15,0,10,1,70,,67043,15,0,13,1,30,,67015,15,0,10,1,70,,67036,15,0,11 12,1,30,,67016,15,0,10,1,70,,67037,15,0,11 12,1,30,,67017,15,0,10,1,70,,67038,15,0,11 12,1,30,,67018,15,0,10,1,70,,67039,15,0,11 12,1,17,,67023,15,0,10,1,83,,67040,15,0,11 12,1
100,'20261006',637,,67050,15,0,10,1,70,,67073,15,0,11 12,1,38,,67051,15,0,10,1,70,,67074,15,0,11 12,1,30,,67052,15,0,10,1,70,,67075,15,0,11 12,1,30,,67053,15,0,10,1,70,,67076,15,0,11 12,1,30,,67054,15,0,10,1,70,,67077,15,0,11 12,1,30,,67055,15,0,10,1,70,,67088,15,0,13,1,30,,67056,15,0,10,1,70,,67078,15,0,11 12,1,30,,67057,15,0,10,1,70,,67079,15,0,11 12,1,30,,67058,15,0,10,1,70,,67080,15,0,11 12,1,30,,67059,15,0,10,1,58,,67070,15,0,14,1,31,,67067,15,0,14,1,70,,67071,15,0,14,1,30,,67068,15,0,14,1,70,,67072,15,0,15,1,17,,67081,15,0,11 12,1,25,,67060,15,0,10,1,70,,67089,15,0,13,1,30,,67061,15,0,10,1,70,,67082,15,0,11 12,1,30,,67062,15,0,10,1,70,,67083,15,0,11 12,1,30,,67063,15,0,10,1,70,,67084,15,0,11 12,1,30,,67064,15,0,10,1,70,,67085,15,0,11 12,1,17,,67069,15,0,10,1,83,,67086,15,0,11 12,1
100,'20261007',637,,67096,15,0,10,1,70,,67119,15,0,11 12,1,38,,67097,15,0,10,1,70,,67120,15,0,11 12,1,30,,67098,15,0,10,1,70,,67121,15,0,11 12,1,30,,67099,15,0,10,1,70,,67122,15,0,11 12,1,30,,67100,15,0,10,1,70,,67123,15,0,11 12,1,30,,67101,15,0,10,1,70,,67134,15,0,13,1,30,,67102,15,0,10,1,70,,67124,15,0,11 12,1,30,,67103,15,0,10,1,70,,67125,15,0,11 12,1,30,,67104,15,0,10,1,70,,67126,15,0,11 12,1,30,,67105,15,0,10,1,58,,67116,15,0,14,1,31,,67113,15,0,14,1,70,,67117,15,0,14,1,30,,67114,15,0,14,1,70,,67118,15,0,15,1,17,,67127,15,0,11 12,1,25,,67106,15,0,10,1,70,,67135,15,0,13,1,30,,67107,15,0,10,1,70,,67128,15,0,11 12,1,30,,67108,15,0,10,1,70,,67129,15,0,11 12,1,30,,67109,15,0,10,1,70,,67130,15,0,11 12,1,30,,67110,15,0,10,1,70,,67131,15,0,11 12,1,17,,67115,15,0,10,1,83,,67132,15,0,11 12,1
100,'20261008',637,,67142,15,0,10,1,70,,67165,15,0,11 12,1,38,,67143,15,0,10,1,70,,67166,15,0,11 12,1,30,,67144,15,0,10,1,70,,67167,15,0,11 12,1,30,,67145,15,0,10,1,70,,67168,15,0,11 12,1,30,,67146,15,0,10,1,70,,67169,15,0,11 12,1,30,,67147,15,0,10,1,70,,67180,15,0,13,1,30,,67148,15,0,10,1,70,,67170,15,0,11 12,1,30,,67149,15,0,10,1,70,,67171,15,0,11 12,1,30,,67150,15,0,10,1,70,,67172,15,0,11 12,1,30,,67151,15,0,10,1,58,,67162,15,0,14,1,31,,67159,15,0,14,1,70,,67163,15,0,14,1,30,,67160,15,0,14,1,70,,67164,15,0,15,1,17,,67173,15,0,11 12,1,25,,67152,15,0,10,1,70,,67181,15,0,13,1,30,,67153,15,0,10,1,70,,67174,15,0,11 12,1,30,,67154,15,0,10,1,70,,67175,15,0,11 12,1,30,,67155,15,0,10,1,70,,67176,15,0,11 12,1,30,,67156,15,0,10,1,70,,67177,15,0,11 12,1,17,,67161,15,0,10,1,83,,67178,15,0,11 12,1
100,'20261009',637,,67188,15,0,10,1,70,,67212,15,0,11 12,1,38,,67189,15,0,10,1,70,,67213,15,0,11 12,1,30,,67190,15,0,10,1,70,,67214,15,0,11 12,1,30,,67191,15,0,10,1,70,,67215,15,0,11 12,1,30,,67192,15,0,10,1,70,,67216,15,0,11 12,1,30,,67193,15,0,10,1,70,,67228,15,0,13,1,30,,67194,15,0,10,1,70,,67217,15,0,11 12,1,30,,67195,15,0,10,1,70,,67218,15,0,11 12,1,30,,67196,15,0,10,1,70,,67219,15,0,11 12,1,30,,67197,15,0,10,1,58,,67209,15,0,14,1,31,,67207,15,0,14,1,70,,67210,15,0,14,1,30,,67208,15,0,14,1,70,,67211,15,0,15,1,17,,67220,15,0,11 12,1,25,,67198,15,0,10,1,70,,67229,15,0,13,1,30,,67199,15,0,10,1,70,,67221,15,0,11 12,1,30,,67200,15,0,10,1,70,,67222,15,0,11 12,1,30,,67201,15,0,10,1,70,,67223,15,0,11 12,1,30,,67202,15,0,10,1,70,,67224,15,0,11 12,1,30,,67203,15,0,10,1,70,,67225,15,0,11 12,1,30,,67204,15,0,10,1,70,,67226,15,0,11 12,1
100,'20261010',915,,67252,15,0,11 12,1,13,,67269,15,,,1,17,,67236,15,0,10,1,70,,67253,15,0,11 12,1,30,,67237,15,0,10,1,70,,67254,15,0,11 12,1,17,,67270,15,,,1,13,,67238,15,0,10,1,70,,67255,15,0,11 12,1,30,,67239,15,0,10,1,70,,67256,15,0,11 12,1,30,,67240,15,0,10,1,70,,67257,15,0,11 12,1,30,,67241,15,0,10,1,70,,67267,15,0,13,1,30,,67242,15,0,10,1,70,,67258,15,0,11 12,1,30,,67243,15,0,10,1,70,,67259,15,0,11 12,1,15,,67271,15,,,1,15,,67244,15,0,10,1,70,,67260,15,0,11 12,1,30,,67245,15,0,10,1,70,,67261,15,0,11 12,1,30,,67272,15,,,1,70,,67262,15,0,11 12,1,30,,67247,15,0,10,1,70,,67268,15,0,13,1,30,,67248,15,0,10,1,70,,67263,15,0,11 12,1,30,,67249,15,0,10,1,70,,67264,15,0,11 12,1,31,,67250,15,0,10,1,70,,67265,15,0,11 12,1,30,,67251,15,0,10,1,70,,67266,15,0,11 12,1
100,'20261011',915,,67289,15,0,11 12,1,13,,67305,15,,,1,17,,67273,15,0,10,1,70,,67290,15,0,11 12,1,30,,67274,15,0,10,1,70,,67291,15,0,11 12,1,17,,67306,15,,,1,13,,67275,15,0,10,1,70,,67292,15,0,11 12,1,30,,67276,15,0,10,1,70,,67293,15,0,11 12,1,30,,67277,15,0,10,1,70,,67294,15,0,11 12,1,30,,67278,15,0,10,1,70,,67303,15,0,13,1,30,,67279,15,0,10,1,70,,67295,15,0,11 12,1,30,,67280,15,0,10,1,70,,67296,15,0,11 12,1,15,,67307,15,,,1,15,,67281,15,0,10,1,70,,67297,15,0,11 12,1,30,,67282,15,0,10,1,70,,67298,15,0,11 12,1,30,,67308,15,,,1,70,,67299,15,0,11 12,1,30,,67284,15,0,10,1,70,,67304,15,0,13,1,30,,67285,15,0,10,1,70,,67300,15,0,11 12,1,30,,67286,15,0,10,1,70,,67301,15,0,11 12,1,31,,67287,15,0,10,1,70,,67302,15,0,11 12,1,30,,67288,15,0,10,1,70,,92403,15,0,11 12,1
100,'20261012',915,,67334,15,0,11 12,1,13,,92415,15,,,1,17,,67312,15,0,10,1,70,,67335,15,0,11 12,1,30,,67313,15,0,10,1,70,,67336,15,0,11 12,1,17,,92416,15,,,1,13,,67314,15,0,10,1,70,,92408,15,0,11 12,1,30,,67315,15,0,10,1,70,,67337,15,0,11 12,1,30,,67316,15,0,10,1,70,,67338,15,0,11 12,1,30,,67317,15,0,10,1,70,,92413,15,0,13,1,30,,67318,15,0,10,1,70,,92409,15,0,11 12,1,30,,92404,15,0,10,1,70,,92410,15,0,11 12,1,15,,67354,15,,,1,15,,92405,15,0,10,1,70,,67340,15,0,11 12,1,30,,67319,15,0,10,1,70,,92411,15,0,11 12,1,30,,92417,15,,,1,70,,67341,15,0,11 12,1,30,,67321,15,0,10,1,70,,92414,15,0,13,1,30,,67322,15,0,10,1,70,,67343,15,0,11 12,1,30,,67323,15,0,10,1,70,,67344,15,0,11 12,1,31,,92406,15,0,10,1,70,,67345,15,0,11 12,1,30,,92407,15,0,10,1,70,,92412,15,0,11 12,1
100,'20261013',637,,67355,15,0,10,1,70,,67378,15,0,11 12,1,38,,67356,15,0,10,1,70,,67379,15,0,11 12,1,30,,67357,15,0,10,1,70,,67380,15,0,11 12,1,30,,67358,15,0,10,1,70,,67381,15,0,11 12,1,30,,67359,15,0,10,1,70,,67382,15,0,11 12,1,30,,67360,15,0,10,1,70,,67393,15,0,13,1,30,,67361,15,0,10,1,70,,67383,15,0,11 12,1,30,,67362,15,0,10,1,70,,67384,15,0,11 12,1,30,,67363,15,0,10,1,70,,67385,15,0,11 12,1,30,,67364,15,0,10,1,58,,67375,15,0,14,1,31,,67372,15,0,14,1,70,,67376,15,0,14,1,30,,67373,15,0,14,1,70,,67377,15,0,15,1,17,,67386,15,0,11 12,1,25,,67365,15,0,10,1,70,,67394,15,0,13,1,30,,67366,15,0,10,1,70,,67387,15,0,11 12,1,30,,67367,15,0,10,1,70,,67388,15,0,11 12,1,30,,67368,15,0,10,1,70,,67389,15,0,11 12,1,30,,67369,15,0,10,1,70,,67390,15,0,11 12,1,17,,67374,15,0,10,1,83,,67391,15,0,11 12,1
100,'20261014',637,,67401,15,0,10,1,70,,67424,15,0,11 12,1,38,,67402,15,0,10,1,70,,67425,15,0,11 12,1,30,,67403,15,0,10,1,70,,67426,15,0,11 12,1,30,,67404,15,0,10,1,70,,67427,15,0,11 12,1,30,,67405,15,0,10,1,70,,67428,15,0,11 12,1,30,,67406,15,0,10,1,70,,67439,15,0,13,1,30,,67407,15,0,10,1,70,,67429,15,0,11 12,1,30,,67408,15,0,10,1,70,,67430,15,0,11 12,1,30,,67409,15,0,10,1,70,,67431,15,0,11 12,1,30,,67410,15,0,10,1,58,,67421,15,0,14,1,31,,67418,15,0,14,1,70,,67422,15,0,14,1,30,,67419,15,0,14,1,70,,67423,15,0,15,1,17,,67432,15,0,11 12,1,25,,67411,15,0,10,1,70,,67440,15,0,13,1,30,,67412,15,0,10,1,70,,67433,15,0,11 12,1,30,,67413,15,0,10,1,70,,67434,15,0,11 12,1,30,,67414,15,0,10,1,70,,67435,15,0,11 12,1,30,,67415,15,0,10,1,70,,67436,15,0,11 12,1,17,,67420,15,0,10,1,83,,67437,15,0,11 12,1
100,'20261015',637,,67447,15,0,10,1,70,,67470,15,0,11 12,1,38,,67448,15,0,10,1,70,,67471,15,0,11 12,1,30,,67449,15,0,10,1,70,,67472,15,0,11 12,1,30,,67450,15,0,10,1,70,,67473,15,0,11 12,1,30,,67451,15,0,10,1,70,,67474,15,0,11 12,1,30,,67452,15,0,10,1,70,,67485,15,0,13,1,30,,67453,15,0,10,1,70,,67475,15,0,11 12,1,30,,67454,15,0,10,1,70,,67476,15,0,11 12,1,30,,67455,15,0,10,1,70,,67477,15,0,11 12,1,30,,67456,15,0,10,1,58,,67467,15,0,14,1,31,,67464,15,0,14,1,70,,67468,15,0,14,1,30,,67465,15,0,14,1,70,,67469,15,0,15,1,17,,67478,15,0,11 12,1,25,,67457,15,0,10,1,70,,67486,15,0,13,1,30,,67458,15,0,10,1,70,,67479,15,0,11 12,1,30,,67459,15,0,10,1,70,,67480,15,0,11 12,1,30,,67460,15,0,10,1,70,,67481,15,0,11 12,1,30,,67461,15,0,10,1,70,,67482,15,0,11 12,1,17,,67466,15,0,10,1,83,,67483,15,0,11 12,1
100,'20261016',637,,67493,15,0,10,1,70,,67517,15,0,11 12,1,38,,67494,15,0,10,1,70,,67518,15,0,11 12,1,30,,67495,15,0,10,1,70,,67519,15,0,11 12,1,30,,67496,15,0,10,1,70,,67520,15,0,11 12,1,30,,67497,15,0,10,1,70,,67521,15,0,11 12,1,30,,67498,15,0,10,1,70,,67533,15,0,13,1,30,,67499,15,0,10,1,70,,67522,15,0,11 12,1,30,,67500,15,0,10,1,70,,67523,15,0,11 12,1,30,,67501,15,0,10,1,70,,67524,15,0,11 12,1,30,,67502,15,0,10,1,58,,67514,15,0,14,1,31,,67512,15,0,14,1,70,,67515,15,0,14,1,30,,67513,15,0,14,1,70,,67516,15,0,15,1,17,,67525,15,0,11 12,1,25,,67503,15,0,10,1,70,,67534,15,0,13,1,30,,67504,15,0,10,1,70,,67526,15,0,11 12,1,30,,67505,15,0,10,1,70,,67527,15,0,11 12,1,30,,67506,15,0,10,1,70,,67528,15,0,11 12,1,30,,67507,15,0,10,1,70,,67529,15,0,11 12,1,30,,67508,15,0,10,1,70,,67530,15,0,14,1,30,,67509,15,0,14,1,70,,67531,15,0,14,1
100,'20261017',917,,67557,15,0,14,1,30,,67541,15,0,14,1,70,,67558,15,0,14,1,30,,67542,15,0,14,1,70,,67559,15,0,14,1,30,,67543,15,0,14,1,70,,67560,15,0,14,1,30,,67544,15,0,14,1,70,,67561,15,0,14,1,30,,67545,15,0,14,1,70,,67562,15,0,14,1,30,,67546,15,0,14,1,70,,67572,15,0,14,1,30,,67547,15,0,14,1,70,,67563,15,0,14,1,30,,67548,15,0,14,1,70,,67564,15,0,14,1,30,,67549,15,0,14,1,70,,67565,15,0,14,1,30,,67550,15,0,14,1,70,,67566,15,0,14,1,30,,67551,15,0,14,1,70,,67567,15,0,14,1,30,,67552,15,0,14,1,70,,67573,15,0,14,1,30,,67553,15,0,14,1,70,,67568,15,0,14,1,30,,67554,15,0,14,1,70,,67569,15,0,14,1,31,,67555,15,0,14,1,70,,67570,15,0,14,1,30,,67556,15,0,14,1,70,,67571,15,0,14,1
100,'20261018',917,,67594,15,0,14,1,30,,67578,15,0,14,1,70,,67595,15,0,14,1,30,,67579,15,0,14,1,70,,67596,15,0,14,1,30,,67580,15,0,14,1,70,,67597,15,0,14,1,30,,67581,15,0,14,1,70,,67598,15,0,14,1,30,,67582,15,0,14,1,70,,67599,15,0,14,1,30,,67583,15,0,14,1,70,,67608,15,0,14,1,30,,67584,15,0,14,1,70,,67600,15,0,14,1,30,,67585,15,0,14,1,70,,67601,15,0,14,1,30,,67586,15,0,14,1,70,,67602,15,0,14,1,30,,67587,15,0,14,1,70,,67603,15,0,14,1,30,,67588,15,0,14,1,70,,67604,15,0,14,1,30,,67589,15,0,14,1,70,,67609,15,0,14,1,30,,67590,15,0,14,1,70,,67605,15,0,14,1,30,,67591,15,0,14,1,70,,67606,15,0,14,1,31,,67592,15,0,14,1,70,,67607,15,0,14,1,30,,67593,15,0,14,1
100,'20261019',637,,67614,15,0,10,1,70,,67637,15,0,11 12,1,38,,67615,15,0,10,1,70,,67638,15,0,11 12,1,30,,67616,15,0,10,1,70,,67639,15,0,11 12,1,30,,67617,15,0,10,1,70,,67640,15,0,11 12,1,30,,67618,15,0,10,1,70,,67641,15,0,11 12,1,30,,67619,15,0,10,1,70,,67652,15,0,13,1,30,,67620,15,0,10,1,70,,67642,15,0,11 12,1,30,,67621,15,0,10,1,70,,67643,15,0,11 12,1,30,,67622,15,0,10,1,70,,67644,15,0,11 12,1,30,,67623,15,0,10,1,58,,67634,15,0,14,1,31,,67631,15,0,14,1,70,,67635,15,0,14,1,30,,67632,15,0,14,1,70,,67636,15,0,15,1,17,,67645,15,0,11 12,1,25,,67624,15,0,10,1,70,,67653,15,0,13,1,30,,67625,15,0,10,1,70,,67646,15,0,11 12,1,30,,67626,15,0,10,1,70,,67647,15,0,11 12,1,30,,67627,15,0,10,1,70,,67648,15,0,11 12,1,30,,67628,15,0,10,1,70,,67649,15,0,11 12,1,17,,67633,15,0,10,1,83,,67650,15,0,11 12,1
100,'20261020',637,,67660,15,0,10,1,70,,67683,15,0,11 12,1,38,,67661,15,0,10,1,70,,67684,15,0,11 12,1,30,,67662,15,0,10,1,70,,67685,15,0,11 12,1,30,,67663,15,0,10,1,70,,67686,15,0,11 12,1,30,,67664,15,0,10,1,70,,67687,15,0,11 12,1,30,,67665,15,0,10,1,70,,67698,15,0,13,1,30,,67666,15,0,10,1,70,,67688,15,0,11 12,1,30,,67667,15,0,10,1,70,,67689,15,0,11 12,1,30,,67668,15,0,10,1,70,,67690,15,0,11 12,1,30,,67669,15,0,10,1,58,,67680,15,0,14,1,31,,67677,15,0,14,1,70,,67681,15,0,14,1,30,,67678,15,0,14,1,70,,67682,15,0,15,1,17,,67691,15,0,11 12,1,25,,67670,15,0,10,1,70,,67699,15,0,13,1,30,,67671,15,0,10,1,70,,67692,15,0,11 12,1,30,,67672,15,0,10,1,70,,67693,15,0,11 12,1,30,,67673,15,0,10,1,70,,67694,15,0,11 12,1,30,,67674,15,0,10,1,70,,67695,15,0,11 12,1,17,,67679,15,0,10,1,83,,67696,15,0,11 12,1
100,'20261021',637,,67706,15,0,10,1,70,,67729,15,0,11 12,1,38,,67707,15,0,10,1,70,,67730,15,0,11 12,1,30,,67708,15,0,10,1,70,,67731,15,0,11 12,1,30,,67709,15,0,10,1,70,,67732,15,0,11 12,1,30,,67710,15,0,10,1,70,,67733,15,0,11 12,1,30,,67711,15,0,10,1,70,,67744,15,0,13,1,30,,67712,15,0,10,1,70,,67734,15,0,11 12,1,30,,67713,15,0,10,1,70,,67735,15,0,11 12,1,30,,67714,15,0,10,1,70,,67736,15,0,11 12,1,30,,67715,15,0,10,1,58,,67726,15,0,14,1,31,,67723,15,0,14,1,70,,67727,15,0,14,1,30,,67724,15,0,14,1,70,,67728,15,0,15,1,17,,67737,15,0,11 12,1,25,,67716,15,0,10,1,70,,67745,15,0,13,1,30,,67717,15,0,10,1,70,,67738,15,0,11 12,1,30,,67718,15,0,10,1,70,,67739,15,0,11 12,1,30,,67719,15,0,10,1,70,,67740,15,0,11 12,1,30,,67720,15,0,10,1,70,,67741,15,0,11 12,1,17,,67725,15,0,10,1,83,,67742,15,0,11 12,1
100,'20261022',637,,67752,15,0,10,1,70,,67775,15,0,11 12,1,38,,67753,15,0,10,1,70,,67776,15,0,11 12,1,30,,67754,15,0,10,1,70,,67777,15,0,11 12,1,30,,67755,15,0,10,1,70,,67778,15,0,11 12,1,30,,67756,15,0,10,1,70,,67779,15,0,11 12,1,30,,67757,15,0,10,1,70,,67790,15,0,13,1,30,,67758,15,0,10,1,70,,67780,15,0,11 12,1,30,,67759,15,0,10,1,70,,67781,15,0,11 12,1,30,,67760,15,0,10,1,70,,67782,15,0,11 12,1,30,,67761,15,0,10,1,58,,67772,15,0,14,1,31,,67769,15,0,14,1,70,,67773,15,0,14,1,30,,67770,15,0,14,1,70,,67774,15,0,15,1,17,,67783,15,0,11 12,1,25,,67762,15,0,10,1,70,,67791,15,0,13,1,30,,67763,15,0,10,1,70,,67784,15,0,11 12,1,30,,67764,15,0,10,1,70,,67785,15,0,11 12,1,30,,67765,15,0,10,1,70,,67786,15,0,11 12,1,30,,67766,15,0,10,1,70,,67787,15,0,11 12,1,17,,67771,15,0,10,1,83,,67788,15,0,11 12,1
100,'20261023',637,,67798,15,0,10,1,70,,67822,15,0,11 12,1,38,,67799,15,0,10,1,70,,67823,15,0,11 12,1,30,,67800,15,0,10,1,70,,67824,15,0,11 12,1,30,,67801,15,0,10,1,70,,67825,15,0,11 12,1,30,,67802,15,0,10,1,70,,67826,15,0,11 12,1,30,,67803,15,0,10,1,70,,67838,15,0,13,1,30,,67804,15,0,10,1,70,,67827,15,0,11 12,1,30,,67805,15,0,10,1,70,,67828,15,0,11 12,1,30,,67806,15,0,10,1,70,,67829,15,0,11 12,1,30,,67807,15,0,10,1,58,,67819,15,0,14,1,31,,67817,15,0,14,1,70,,67820,15,0,14,1,30,,67818,15,0,14,1,70,,67821,15,0,15,1,17,,67830,15,0,11 12,1,25,,67808,15,0,10,1,70,,67839,15,0,13,1,30,,67809,15,0,10,1,70,,67831,15,0,11 12,1,30,,67810,15,0,10,1,70,,67832,15,0,11 12,1,30,,67811,15,0,10,1,70,,67833,15,0,11 12,1,30,,67812,15,0,10,1,70,,67834,15,0,11 12,1,30,,67813,15,0,10,1
100,'20261025',917,,67899,15,0,14,1,30,,67883,15,0,14,1,70,,67900,15,0,14,1,30,,67884,15,0,14,1,70,,67901,15,0,14,1,30,,67885,15,0,14,1,70,,67902,15,0,14,1,30,,67886,15,0,14,1,70,,67903,15,0,14,1,30,,67887,15,0,14,1,70,,67904,15,0,14,1,30,,67888,15,0,14,1,70,,67913,15,0,14,1,30,,67889,15,0,14,1,70,,67905,15,0,14,1,30,,67890,15,0,14,1,70,,67906,15,0,14,1,30,,67891,15,0,14,1,70,,67907,15,0,14,1,30,,67892,15,0,14,1,70,,67908,15,0,14,1,30,,67893,15,0,14,1,70,,67909,15,0,14,1,30,,67894,15,0,14,1,70,,67914,15,0,14,1,30,,67895,15,0,14,1,70,,67910,15,0,14,1,30,,67896,15,0,14,1,70,,67911,15,0,14,1,31,,67897,15,0,14,1,70,,67912,15,0,14,1,30,,67898,15,0,14,1
100,'20261026',637,,67919,15,0,10,1,70,,67942,15,0,11 12,1,38,,67920,15,0,10,1,70,,67943,15,0,11 12,1,30,,67921,15,0,10,1,70,,67944,15,0,11 12,1,30,,67922,15,0,10,1,70,,67945,15,0,11 12,1,30,,67923,15,0,10,1,70,,67946,15,0,11 12,1,30,,67924,15,0,10,1,70,,67957,15,0,13,1,30,,67925,15,0,10,1,70,,67947,15,0,11 12,1,30,,67926,15,0,10,1,70,,67948,15,0,11 12,1,30,,67927,15,0,10,1,70,,67949,15,0,11 12,1,30,,67928,15,0,10,1,58,,67939,15,0,14,1,31,,67936,15,0,14,1,70,,67940,15,0,14,1,30,,67937,15,0,14,1,70,,67941,15,0,15,1,17,,67950,15,0,11 12,1,25,,67929,15,0,10,1,70,,67958,15,0,13,1,30,,67930,15,0,10,1,70,,67951,15,0,11 12,1,30,,67931,15,0,10,1,70,,67952,15,0,11 12,1,30,,67932,15,0,10,1,70,,67953,15,0,11 12,1,30,,67933,15,0,10,1,70,,67954,15,0,11 12,1,17,,67938,15,0,10,1,83,,67955,15,0,11 12,1
100,'20261027',637,,67965,15,0,10,1,70,,67988,15,0,11 12,1,38,,67966,15,0,10,1,70,,67989,15,0,11 12,1,30,,67967,15,0,10,1,70,,67990,15,0,11 12,1,30,,67968,15,0,10,1,70,,67991,15,0,11 12,1,30,,67969,15,0,10,1,70,,67992,15,0,11 12,1,30,,67970,15,0,10,1,70,,68003,15,0,13,1,30,,67971,15,0,10,1,70,,67993,15,0,11 12,1,30,,67972,15,0,10,1,70,,67994,15,0,11 12,1,30,,67973,15,0,10,1,70,,67995,15,0,11 12,1,30,,67974,15,0,10,1,58,,67985,15,0,14,1,31,,67982,15,0,14,1,70,,67986,15,0,14,1,30,,67983,15,0,14,1,70,,67987,15,0,15,1,17,,67996,15,0,11 12,1,25,,67975,15,0,10,1,70,,68004,15,0,13,1,30,,67976,15,0,10,1,70,,67997,15,0,11 12,1,30,,67977,15,0,10,1,70,,67998,15,0,11 12,1,30,,67978,15,0,10,1,70,,67999,15,0,11 12,1,30,,67979,15,0,10,1,70,,68000,15,0,11 12,1,17,,67984,15,0,10,1,83,,68001,15,0,11 12,1
100,'20261028',637,,68011,15,0,10,1,70,,68034,15,0,11 12,1,38,,68012,15,0,10,1,70,,68035,15,0,11 12,1,30,,68013,15,0,10,1,70,,68036,15,0,11 12,1,30,,68014,15,0,10,1,70,,68037,15,0,11 12,1,30,,68015,15,0,10,1,70,,68038,15,0,11 12,1,30,,68016,15,0,10,1,70,,68049,15,0,13,1,30,,68017,15,0,10,1,70,,68039,15,0,11 12,1,30,,68018,15,0,10,1,70,,68040,15,0,11 12,1,30,,68019,15,0,10,1,70,,68041,15,0,11 12,1,30,,68020,15,0,10,1,58,,68031,15,0,14,1,31,,68028,15,0,14,1,70,,68032,15,0,14,1,30,,68029,15,0,14,1,70,,68033,15,0,15,1,17,,68042,15,0,11 12,1,25,,68021,15,0,10,1,70,,68050,15,0,13,1,30,,68022,15,0,10,1,70,,68043,15,0,11 12,1,30,,68023,15,0,10,1,70,,68044,15,0,11 12,1,30,,68024,15,0,10,1,70,,68045,15,0,11 12,1,30,,68025,15,0,10,1,70,,68046,15,0,11 12,1,17,,68030,15,0,10,1,83,,68047,15,0,11 12,1
100,'20261029',637,,68057,15,0,10,1,70,,68080,15,0,11 12,1,38,,68058,15,0,10,1,70,,68081,15,0,11 12,1,30,,68059,15,0,10,1,70,,68082,15,0,11 12,1,30,,68060,15,0,10,1,70,,68083,15,0,11 12,1,30,,68061,15,0,10,1,70,,68084,15,0,11 12,1,30,,68062,15,0,10,1,70,,68095,15,0,13,1,30,,68063,15,0,10,1,70,,68085,15,0,11 12,1,30,,68064,15,0,10,1,70,,68086,15,0,11 12,1,30,,68065,15,0,10,1,70,,68087,15,0,11 12,1,30,,68066,15,0,10,1,58,,68077,15,0,14,1,31,,68074,15,0,14,1,70,,68078,15,0,14,1,30,,68075,15,0,14,1,70,,68079,15,0,15,1,17,,68088,15,0,11 12,1,25,,68067,15,0,10,1,70,,68096,15,0,13,1,30,,68068,15,0,10,1,70,,68089,15,0,11 12,1,30,,68069,15,0,10,1,70,,68090,15,0,11 12,1,30,,68070,15,0,10,1,70,,68091,15,0,11 12,1,30,,68071,15,0,10,1,70,,68092,15,0,11 12,1,17,,68076,15,0,10,1,83,,68093,15,0,11 12,1
100,'20261030',637,,68103,15,0,10,1,70,,68127,15,0,11 12,1,38,,68104,15,0,10,1,70,,68128,15,0,11 12,1,30,,68105,15,0,10,1,70,,68129,15,0,11 12,1,30,,68106,15,0,10,1,70,,68130,15,0,11 12,1,30,,68107,15,0,10,1,70,,68131,15,0,11 12,1,30,,68108,15,0,10,1,70,,68143,15,0,13,1,30,,68109,15,0,10,1,70,,68132,15,0,11 12,1,30,,68110,15,0,10,1,70,,68133,15,0,11 12,1,30,,68111,15,0,10,1,70,,68134,15,0,11 12,1,30,,68112,15,0,10,1,58,,68124,15,0,14,1,31,,68122,15,0,14,1,70,,68125,15,0,14,1,30,,68123,15,0,14,1,70,,68126,15,0,15,1,17,,68135,15,0,11 12,1,25,,68113,15,0,10,1,70,,68144,15,0,13,1,30,,68114,15,0,10,1,70,,68136,15,0,11 12,1,30,,68115,15,0,10,1,70,,68137,15,0,11 12,1,30,,68116,15,0,10,1,70,,68138,15,0,11 12,1,30,,68117,15,0,10,1,70,,68139,15,0,11 12,1,30,,68118,15,0,10,1
100,'20261101',917,,68204,15,0,14,1,30,,68188,15,0,14,1,70,,68205,15,0,14,1,30,,68189,15,0,14,1,70,,68206,15,0,14,1,30,,68190,15,0,14,1,70,,68207,15,0,14,1,30,,68191,15,0,14,1,70,,68208,15,0,14,1,30,,68192,15,0,14,1,70,,68209,15,0,14,1,30,,68193,15,0,14,1,70,,68218,15,0,14,1,30,,68194,15,0,14,1,70,,68210,15,0,14,1,30,,68195,15,0,14,1,70,,68211,15,0,14,1,30,,68196,15,0,14,1,70,,68212,15,0,14,1,30,,68197,15,0,14,1,70,,68213,15,0,14,1,30,,68198,15,0,14,1,70,,68214,15,0,14,1,30,,68199,15,0,14,1,70,,68219,15,0,14,1,30,,68200,15,0,14,1,70,,68215,15,0,14,1,30,,68201,15,0,14,1,70,,68216,15,0,14,1,31,,68202,15,0,14,1,70,,68217,15,0,14,1,30,,68203,15,0,14,1
100,'20261102',637,,68224,15,0,10,1,70,,68247,15,0,11 12,1,38,,68225,15,0,10,1,70,,68248,15,0,11 12,1,30,,68226,15,0,10,1,70,,68249,15,0,11 12,1,30,,68227,15,0,10,1,70,,68250,15,0,11 12,1,30,,68228,15,0,10,1,70,,68251,15,0,11 12,1,30,,68229,15,0,10,1,70,,68262,15,0,13,1,30,,68230,15,0,10,1,70,,68252,15,0,11 12,1,30,,68231,15,0,10,1,70,,68253,15,0,11 12,1,30,,68232,15,0,10,1,70,,68254,15,0,11 12,1,30,,68233,15,0,10,1,58,,68244,15,0,14,1,31,,68241,15,0,14,1,70,,68245,15,0,14,1,30,,68242,15,0,14,1,70,,68246,15,0,15,1,17,,68255,15,0,11 12,1,25,,68234,15,0,10,1,70,,68263,15,0,13,1,30,,68235,15,0,10,1,70,,68256,15,0,11 12,1,30,,68236,15,0,10,1,70,,68257,15,0,11 12,1,30,,68237,15,0,10,1,70,,68258,15,0,11 12,1,30,,68238,15,0,10,1,70,,68259,15,0,11 12,1,17,,68243,15,0,10,1,83,,68260,15,0,11 12,1
100,'20261103',637,,68270,15,0,10,1,70,,68293,15,0,11 12,1,38,,68271,15,0,10,1,70,,68294,15,0,11 12,1,30,,68272,15,0,10,1,70,,68295,15,0,11 12,1,30,,68273,15,0,10,1,70,,68296,15,0,11 12,1,30,,68274,15,0,10,1,70,,68297,15,0,11 12,1,30,,68275,15,0,10,1,70,,68308,15,0,13,1,30,,68276,15,0,10,1,70,,68298,15,0,11 12,1,30,,68277,15,0,10,1,70,,68299,15,0,11 12,1,30,,68278,15,0,10,1,70,,68300,15,0,11 12,1,30,,68279,15,0,10,1,58,,68290,15,0,14,1,31,,68287,15,0,14,1,70,,68291,15,0,14,1,30,,68288,15,0,14,1,70,,68292,15,0,15,1,17,,68301,15,0,11 12,1,25,,68280,15,0,10,1,70,,68309,15,0,13,1,30,,68281,15,0,10,1,70,,68302,15,0,11 12,1,30,,68282,15,0,10,1,70,,68303,15,0,11 12,1,30,,68283,15,0,10,1,70,,68304,15,0,11 12,1,30,,68284,15,0,10,1,70,,68305,15,0,11 12,1,17,,68289,15,0,10,1,83,,68306,15,0,11 12,1
100,'20261104',637,,68316,15,0,10,1,70,,68339,15,0,11 12,1,38,,68317,15,0,10,1,70,,68340,15,0,11 12,1,30,,68318,15,0,10,1,70,,68341,15,0,11 12,1,30,,68319,15,0,10,1,70,,68342,15,0,11 12,1,30,,68320,15,0,10,1,70,,68343,15,0,11 12,1,30,,68321,15,0,10,1,70,,68354,15,0,13,1,30,,68322,15,0,10,1,70,,68344,15,0,11 12,1,30,,68323,15,0,10,1,70,,68345,15,0,11 12,1,30,,68324,15,0,10,1,70,,68346,15,0,11 12,1,30,,68325,15,0,10,1,58,,68336,15,0,14,1,31,,68333,15,0,14,1,70,,68337,15,0,14,1,30,,68334,15,0,14,1,70,,68338,15,0,15,1,17,,68347,15,0,11 12,1,25,,68326,15,0,10,1,70,,68355,15,0,13,1,30,,68327,15,0,10,1,70,,68348,15,0,11 12,1,30,,68328,15,0,10,1,70,,68349,15,0,11 12,1,30,,68329,15,0,10,1,70,,68350,15,0,11 12,1,30,,68330,15,0,10,1,70,,68351,15,0,11 12,1,17,,68335,15,0,10,1,83,,68352,15,0,11 12,1
100,'20261105',637,,68362,15,0,10,1,70,,68385,15,0,11 12,1,38,,68363,15,0,10,1,70,,68386,15,0,11 12,1,30,,68364,15,0,10,1,70,,68387,15,0,11 12,1,30,,68365,15,0,10,1,70,,68388,15,0,11 12,1,30,,68366,15,0,10,1,70,,68389,15,0,11 12,1,30,,68367,15,0,10,1,70,,68400,15,0,13,1,30,,68368,15,0,10,1,70,,68390,15,0,11 12,1,30,,68369,15,0,10,1,70,,68391,15,0,11 12,1,30,,68370,15,0,10,1,70,,68392,15,0,11 12,1,30,,68371,15,0,10,1,58,,68382,15,0,14,1,31,,68379,15,0,14,1,70,,68383,15,0,14,1,30,,68380,15,0,14,1,70,,68384,15,0,15,1,17,,68393,15,0,11 12,1,25,,68372,15,0,10,1,70,,68401,15,0,13,1,30,,68373,15,0,10,1,70,,68394,15,0,11 12,1,30,,68374,15,0,10,1,70,,68395,15,0,11 12,1,30,,68375,15,0,10,1,70,,68396,15,0,11 12,1,30,,68376,15,0,10,1,70,,68397,15,0,11 12,1,17,,68381,15,0,10,1,83,,68398,15,0,11 12,1
100,'20261106',637,,68408,15,0,10,1,70,,68432,15,0,11 12,1,38,,68409,15,0,10,1,70,,68433,15,0,11 12,1,30,,68410,15,0,10,1,70,,68434,15,0,11 12,1,30,,68411,15,0,10,1,70,,68435,15,0,11 12,1,30,,68412,15,0,10,1,70,,68436,15,0,11 12,1,30,,68413,15,0,10,1,70,,68448,15,0,13,1,30,,68414,15,0,10,1,70,,68437,15,0,11 12,1,30,,68415,15,0,10,1,70,,68438,15,0,11 12,1,30,,68416,15,0,10,1,70,,68439,15,0,11 12,1,30,,68417,15,0,10,1,58,,68429,15,0,14,1,31,,68427,15,0,14,1,70,,68430,15,0,14,1,30,,68428,15,0,14,1,70,,68431,15,0,15,1,17,,68440,15,0,11 12,1,25,,68418,15,0,10,1,70,,68449,15,0,13,1,30,,68419,15,0,10,1,70,,68441,15,0,11 12,1,30,,68420,15,0,10,1,70,,68442,15,0,11 12,1,30,,68421,15,0,10,1,70,,68443,15,0,11 12,1,30,,68422,15,0,10,1,70,,68444,15,0,11 12,1,30,,68423,15,0,10,1
100,'20261108',917,,68509,15,0,14,1,30,,68493,15,0,14,1,70,,68510,15,0,14,1,30,,68494,15,0,14,1,70,,68511,15,0,14,1,30,,68495,15,0,14,1,70,,68512,15,0,14,1,30,,68496,15,0,14,1,70,,68513,15,0,14,1,30,,68497,15,0,14,1,70,,68514,15,0,14,1,30,,68498,15,0,14,1,70,,68523,15,0,14,1,30,,68499,15,0,14,1,70,,68515,15,0,14,1,30,,68500,15,0,14,1,70,,68516,15,0,14,1,30,,68501,15,0,14,1,70,,68517,15,0,14,1,30,,68502,15,0,14,1,70,,68518,15,0,14,1,30,,68503,15,0,14,1,70,,68519,15,0,14,1,30,,68504,15,0,14,1,70,,68524,15,0,14,1,30,,68505,15,0,14,1,70,,68520,15,0,14,1,30,,68506,15,0,14,1,70,,68521,15,0,14,1,31,,68507,15,0,14,1,70,,68522,15,0,14,1,30,,68508,15,0,14,1
100,'20261109',637,,68529,15,0,10,1,70,,68552,15,0,11 12,1,38,,68530,15,0,10,1,70,,68553,15,0,11 12,1,30,,68531,15,0,10,1,70,,68554,15,0,11 12,1,30,,68532,15,0,10,1,70,,68555,15,0,11 12,1,30,,68533,15,0,10,1,70,,68556,15,0,11 12,1,30,,68534,15,0,10,1,70,,68567,15,0,13,1,30,,68535,15,0,10,1,70,,68557,15,0,11 12,1,30,,68536,15,0,10,1,70,,68558,15,0,11 12,1,30,,68537,15,0,10,1,70,,68559,15,0,11 12,1,30,,68538,15,0,10,1,58,,68549,15,0,14,1,31,,68546,15,0,14,1,70,,68550,15,0,14,1,30,,68547,15,0,14,1,70,,68551,15,0,15,1,17,,68560,15,0,11 12,1,25,,68539,15,0,10,1,70,,68568,15,0,13,1,30,,68540,15,0,10,1,70,,68561,15,0,11 12,1,30,,68541,15,0,10,1,70,,68562,15,0,11 12,1,30,,68542,15,0,10,1,70,,68563,15,0,11 12,1,30,,68543,15,0,10,1,70,,68564,15,0,11 12,1,17,,68548,15,0,10,1,83,,68565,15,0,11 12,1
100,'20261110',637,,68575,15,0,10,1,70,,68598,15,0,11 12,1,38,,68576,15,0,10,1,70,,68599,15,0,11 12,1,30,,68577,15,0,10,1,70,,68600,15,0,11 12,1,30,,68578,15,0,10,1,70,,68601,15,0,11 12,1,30,,68579,15,0,10,1,70,,68602,15,0,11 12,1,30,,68580,15,0,10,1,70,,68613,15,0,13,1,30,,68581,15,0,10,1,70,,68603,15,0,11 12,1,30,,68582,15,0,10,1,70,,68604,15,0,11 12,1,30,,68583,15,0,10,1,70,,68605,15,0,11 12,1,30,,68584,15,0,10,1,58,,68595,15,0,14,1,31,,68592,15,0,14,1,70,,68596,15,0,14,1,30,,68593,15,0,14,1,70,,68597,15,0,15,1,17,,68606,15,0,11 12,1,25,,68585,15,0,10,1,70,,68614,15,0,13,1,30,,68586,15,0,10,1,70,,68607,15,0,11 12,1,30,,68587,15,0,10,1,70,,68608,15,0,11 12,1,30,,68588,15,0,10,1,70,,68609,15,0,11 12,1,30,,68589,15,0,10,1,70,,68610,15,0,11 12,1,17,,68594,15,0,10,1,83,,68611,15,0,11 12,1
100,'20261111',637,,68621,15,0,10,1,70,,68644,15,0,11 12,1,38,,68622,15,0,10,1,70,,68645,15,0,11 12,1,30,,68623,15,0,10,1,70,,68646,15,0,11 12,1,30,,68624,15,0,10,1,70,,68647,15,0,11 12,1,30,,68625,15,0,10,1,70,,68648,15,0,11 12,1,30,,68626,15,0,10,1,70,,68659,15,0,13,1,30,,68627,15,0,10,1,70,,68649,15,0,11 12,1,30,,68628,15,0,10,1,70,,68650,15,0,11 12,1,30,,68629,15,0,10,1,70,,68651,15,0,11 12,1,30,,68630,15,0,10,1,58,,68641,15,0,14,1,31,,68638,15,0,14,1,70,,68642,15,0,14,1,30,,68639,15,0,14,1,70,,68643,15,0,15,1,17,,68652,15,0,11 12,1,25,,68631,15,0,10,1,70,,68660,15,0,13,1,30,,68632,15,0,10,1,70,,68653,15,0,11 12,1,30,,68633,15,0,10,1,70,,68654,15,0,11 12,1,30,,68634,15,0,10,1,70,,68655,15,0,11 12,1,30,,68635,15,0,10,1,70,,68656,15,0,11 12,1,17,,68640,15,0,10,1,83,,68657,15,0,11 12,1
100,'20261112',637,,68667,15,0,10,1,70,,68690,15,0,11 12,1,38,,68668,15,0,10,1,70,,68691,15,0,11 12,1,30,,68669,15,0,10,1,70,,68692,15,0,11 12,1,30,,68670,15,0,10,1,70,,68693,15,0,11 12,1,30,,68671,15,0,10,1,70,,68694,15,0,11 12,1,30,,68672,15,0,10,1,70,,68705,15,0,13,1,30,,68673,15,0,10,1,70,,68695,15,0,11 12,1,30,,68674,15,0,10,1,70,,68696,15,0,11 12,1,30,,68675,15,0,10,1,70,,68697,15,0,11 12,1,30,,68676,15,0,10,1,58,,68687,15,0,14,1,31,,68684,15,0,14,1,70,,68688,15,0,14,1,30,,68685,15,0,14,1,70,,68689,15,0,15,1,17,,68698,15,0,11 12,1,25,,68677,15,0,10,1,70,,68706,15,0,13,1,30,,68678,15,0,10,1,70,,68699,15,0,11 12,1,30,,68679,15,0,10,1,70,,68700,15,0,11 12,1,30,,68680,15,0,10,1,70,,68701,15,0,11 12,1,30,,68681,15,0,10,1,70,,68702,15,0,11 12,1,17,,68686,15,0,10,1,83,,68703,15,0,11 12,1
100,'20261113',637,,68713,15,0,10,1,70,,68737,15,0,11 12,1,38,,68714,15,0,10,1,70,,68738,15,0,11 12,1,30,,68715,15,0,10,1,70,,68739,15,0,11 12,1,30,,68716,15,0,10,1,70,,68740,15,0,11 12,1,30,,68717,15,0,10,1,70,,68741,15,0,11 12,1,30,,68718,15,0,10,1,70,,68753,15,0,13,1,30,,68719,15,0,10,1,70,,68742,15,0,11 12,1,30,,68720,15,0,10,1,70,,68743,15,0,11 12,1,30,,68721,15,0,10,1,70,,68744,15,0,11 12,1,30,,68722,15,0,10,1,58,,68734,15,0,14,1,31,,68732,15,0,14,1,70,,68735,15,0,14,1,30,,68733,15,0,14,1,70,,68736,15,0,15,1,17,,68745,15,0,11 12,1,25,,68723,15,0,10,1,70,,68754,15,0,13,1,30,,68724,15,0,10,1,70,,68746,15,0,11 12,1,30,,68725,15,0,10,1,70,,68747,15,0,11 12,1,30,,68726,15,0,10,1,70,,68748,15,0,11 12,1,30,,68727,15,0,10,1,70,,68749,15,0,11 12,1,30,,68728,15,0,10,1
100,'20261115',917,,68814,15,0,14,1,30,,68798,15,0,14,1,70,,68815,15,0,14,1,30,,68799,15,0,14,1,70,,68816,15,0,14,1,30,,68800,15,0,14,1,70,,68817,15,0,14,1,30,,68801,15,0,14,1,70,,68818,15,0,14,1,30,,68802,15,0,14,1,70,,68819,15,0,14,1,30,,68803,15,0,14,1,70,,68828,15,0,14,1,30,,68804,15,0,14,1,70,,68820,15,0,14,1,30,,68805,15,0,14,1,70,,68821,15,0,14,1,30,,68806,15,0,14,1,70,,68822,15,0,14,1,30,,68807,15,0,14,1,70,,68823,15,0,14,1,30,,68808,15,0,14,1,70,,68824,15,0,14,1,30,,68809,15,0,14,1,70,,68829,15,0,14,1,30,,68810,15,0,14,1,70,,68825,15,0,14,1,30,,68811,15,0,14,1,70,,68826,15,0,14,1,31,,68812,15,0,14,1,70,,68827,15,0,14,1,30,,68813,15,0,14,1
100,'20261116',637,,68834,15,0,10,1,70,,68857,15,0,11 12,1,38,,68835,15,0,10,1,70,,68858,15,0,11 12,1,30,,68836,15,0,10,1,70,,68859,15,0,11 12,1,30,,68837,15,0,10,1,70,,68860,15,0,11 12,1,30,,68838,15,0,10,1,70,,68861,15,0,11 12,1,30,,68839,15,0,10,1,70,,68872,15,0,13,1,30,,68840,15,0,10,1,70,,68862,15,0,11 12,1,30,,68841,15,0,10,1,70,,68863,15,0,11 12,1,30,,68842,15,0,10,1,70,,68864,15,0,11 12,1,30,,68843,15,0,10,1,58,,68854,15,0,14,1,31,,68851,15,0,14,1,70,,68855,15,0,14,1,30,,68852,15,0,14,1,70,,68856,15,0,15,1,17,,68865,15,0,11 12,1,25,,68844,15,0,10,1,70,,68873,15,0,13,1,30,,68845,15,0,10,1,70,,68866,15,0,11 12,1,30,,68846,15,0,10,1,70,,68867,15,0,11 12,1,30,,68847,15,0,10,1,70,,68868,15,0,11 12,1,30,,68848,15,0,10,1,70,,68869,15,0,11 12,1,17,,68853,15,0,10,1,83,,68870,15,0,11 12,1
100,'20261117',637,,68880,15,0,10,1,70,,68903,15,0,11 12,1,38,,68881,15,0,10,1,70,,68904,15,0,11 12,1,30,,68882,15,0,10,1,70,,68905,15,0,11 12,1,30,,68883,15,0,10,1,70,,68906,15,0,11 12,1,30,,68884,15,0,10,1,70,,68907,15,0,11 12,1,30,,68885,15,0,10,1,70,,68918,15,0,13,1,30,,68886,15,0,10,1,70,,68908,15,0,11 12,1,30,,68887,15,0,10,1,70,,68909,15,0,11 12,1,30,,68888,15,0,10,1,70,,68910,15,0,11 12,1,30,,68889,15,0,10,1,58,,68900,15,0,14,1,31,,68897,15,0,14,1,70,,68901,15,0,14,1,30,,68898,15,0,14,1,70,,68902,15,0,15,1,17,,68911,15,0,11 12,1,25,,68890,15,0,10,1,70,,68919,15,0,13,1,30,,68891,15,0,10,1,70,,68912,15,0,11 12,1,30,,68892,15,0,10,1,70,,68913,15,0,11 12,1,30,,68893,15,0,10,1,70,,68914,15,0,11 12,1,30,,68894,15,0,10,1,70,,68915,15,0,11 12,1,17,,68899,15,0,10,1,83,,68916,15,0,11 12,1
100,'20261118',637,,68926,15,0,10,1,70,,68949,15,0,11 12,1,38,,68927,15,0,10,1,70,,68950,15,0,11 12,1,30,,68928,15,0,10,1,70,,68951,15,0,11 12,1,30,,68929,15,0,10,1,70,,68952,15,0,11 12,1,30,,68930,15,0,10,1,70,,68953,15,0,11 12,1,30,,68931,15,0,10,1,70,,68964,15,0,13,1,30,,68932,15,0,10,1,70,,68954,15,0,11 12,1,30,,68933,15,0,10,1,70,,68955,15,0,11 12,1,30,,68934,15,0,10,1,70,,68956,15,0,11 12,1,30,,68935,15,0,10,1,58,,68946,15,0,14,1,31,,68943,15,0,14,1,70,,68947,15,0,14,1,30,,68944,15,0,14,1,70,,68948,15,0,15,1,17,,68957,15,0,11 12,1,25,,68936,15,0,10,1,70,,68965,15,0,13,1,30,,68937,15,0,10,1,70,,68958,15,0,11 12,1,30,,68938,15,0,10,1,70,,68959,15,0,11 12,1,30,,68939,15,0,10,1,70,,68960,15,0,11 12,1,30,,68940,15,0,10,1,70,,68961,15,0,11 12,1,17,,68945,15,0,10,1,83,,68962,15,0,11 12,1
100,'20261119',637,,68972,15,0,10,1,70,,68995,15,0,11 12,1,38,,68973,15,0,10,1,70,,68996,15,0,11 12,1,30,,68974,15,0,10,1,70,,68997,15,0,11 12,1,30,,68975,15,0,10,1,70,,68998,15,0,11 12,1,30,,68976,15,0,10,1,70,,68999,15,0,11 12,1,30,,68977,15,0,10,1,70,,69010,15,0,13,1,30,,68978,15,0,10,1,70,,69000,15,0,11 12,1,30,,68979,15,0,10,1,70,,69001,15,0,11 12,1,30,,68980,15,0,10,1,70,,69002,15,0,11 12,1,30,,68981,15,0,10,1,58,,68992,15,0,14,1,31,,68989,15,0,14,1,70,,68993,15,0,14,1,30,,68990,15,0,14,1,70,,68994,15,0,15,1,17,,69003,15,0,11 12,1,25,,68982,15,0,10,1,70,,69011,15,0,13,1,30,,68983,15,0,10,1,70,,69004,15,0,11 12,1,30,,68984,15,0,10,1,70,,69005,15,0,11 12,1,30,,68985,15,0,10,1,70,,69006,15,0,11 12,1,30,,68986,15,0,10,1,70,,69007,15,0,11 12,1,17,,68991,15,0,10,1,83,,69008,15,0,11 12,1
100,'20261120',637,,69018,15,0,10,1,70,,69042,15,0,11 12,1,38,,69019,15,0,10,1,70,,69043,15,0,11 12,1,30,,69020,15,0,10,1,70,,69044,15,0,11 12,1,30,,69021,15,0,10,1,70,,69045,15,0,11 12,1,30,,69022,15,0,10,1,70,,69046,15,0,11 12,1,30,,69023,15,0,10,1,70,,69058,15,0,13,1,30,,69024,15,0,10,1,70,,69047,15,0,11 12,1,30,,69025,15,0,10,1,70,,69048,15,0,11 12,1,30,,69026,15,0,10,1,70,,69049,15,0,11 12,1,30,,69027,15,0,10,1,58,,69039,15,0,14,1,31,,69037,15,0,14,1,70,,69040,15,0,14,1,30,,69038,15,0,14,1,70,,69041,15,0,15,1,17,,69050,15,0,11 12,1,25,,69028,15,0,10,1,70,,69059,15,0,13,1,30,,69029,15,0,10,1,70,,69051,15,0,11 12,1,30,,69030,15,0,10,1,70,,69052,15,0,11 12,1,30,,69031,15,0,10,1,70,,69053,15,0,11 12,1,30,,69032,15,0,10,1,70,,69054,15,0,11 12,1,30,,69033,15,0,10,1
100,'20261122',917,,69119,15,0,14,1,30,,69103,15,0,14,1,70,,69120,15,0,14,1,30,,69104,15,0,14,1,70,,69121,15,0,14,1,30,,69105,15,0,14,1,70,,69122,15,0,14,1,30,,69106,15,0,14,1,70,,69123,15,0,14,1,30,,69107,15,0,14,1,70,,69124,15,0,14,1,30,,69108,15,0,14,1,70,,69133,15,0,14,1,30,,69109,15,0,14,1,70,,69125,15,0,14,1,30,,69110,15,0,14,1,70,,69126,15,0,14,1,30,,69111,15,0,14,1,70,,69127,15,0,14,1,30,,69112,15,0,14,1,70,,69128,15,0,14,1,30,,69113,15,0,14,1,70,,69129,15,0,14,1,30,,69114,15,0,14,1,70,,69134,15,0,14,1,30,,69115,15,0,14,1,70,,69130,15,0,14,1,30,,69116,15,0,14,1,70,,69131,15,0,14,1,31,,69117,15,0,14,1,70,,69132,15,0,14,1,30,,69118,15,0,14,1
100,'20261123',637,,69139,15,0,10,1,70,,69162,15,0,11 12,1,38,,69140,15,0,10,1,70,,69163,15,0,11 12,1,30,,69141,15,0,10,1,70,,69164,15,0,11 12,1,30,,69142,15,0,10,1,70,,69165,15,0,11 12,1,30,,69143,15,0,10,1,70,,69166,15,0,11 12,1,30,,69144,15,0,10,1,70,,69177,15,0,13,1,30,,69145,15,0,10,1,70,,69167,15,0,11 12,1,30,,69146,15,0,10,1,70,,69168,15,0,11 12,1,30,,69147,15,0,10,1,70,,69169,15,0,11 12,1,30,,69148,15,0,10,1,58,,69159,15,0,14,1,31,,69156,15,0,14,1,70,,69160,15,0,14,1,30,,69157,15,0,14,1,70,,69161,15,0,15,1,17,,69170,15,0,11 12,1,25,,69149,15,0,10,1,70,,69178,15,0,13,1,30,,69150,15,0,10,1,70,,69171,15,0,11 12,1,30,,69151,15,0,10,1,70,,69172,15,0,11 12,1,30,,69152,15,0,10,1,70,,69173,15,0,11 12,1,30,,69153,15,0,10,1,70,,69174,15,0,11 12,1,17,,69158,15,0,10,1,83,,69175,15,0,11 12,1
100,'20261124',637,,69185,15,0,10,1,70,,69208,15,0,11 12,1,38,,69186,15,0,10,1,70,,69209,15,0,11 12,1,30,,69187,15,0,10,1,70,,69210,15,0,11 12,1,30,,69188,15,0,10,1,70,,69211,15,0,11 12,1,30,,69189,15,0,10,1,70,,69212,15,0,11 12,1,30,,69190,15,0,10,1,70,,69223,15,0,13,1,30,,69191,15,0,10,1,70,,69213,15,0,11 12,1,30,,69192,15,0,10,1,70,,69214,15,0,11 12,1,30,,69193,15,0,10,1,70,,69215,15,0,11 12,1,30,,69194,15,0,10,1,58,,69205,15,0,14,1,31,,69202,15,0,14,1,70,,69206,15,0,14,1,30,,69203,15,0,14,1,70,,69207,15,0,15,1,17,,69216,15,0,11 12,1,25,,69195,15,0,10,1,70,,69224,15,0,13,1,30,,69196,15,0,10,1,70,,69217,15,0,11 12,1,30,,69197,15,0,10,1,70,,69218,15,0,11 12,1,30,,69198,15,0,10,1,70,,69219,15,0,11 12,1,30,,69199,15,0,10,1,70,,69220,15,0,11 12,1,17,,69204,15,0,10,1,83,,69221,15,0,11 12,1
100,'20261125',637,,69231,15,0,10,1,70,,69254,15,0,11 12,1,38,,69232,15,0,10,1,70,,69255,15,0,11 12,1,30,,69233,15,0,10,1,70,,69256,15,0,11 12,1,30,,69234,15,0,10,1,70,,69257,15,0,11 12,1,30,,69235,15,0,10,1,70,,69258,15,0,11 12,1,30,,69236,15,0,10,1,70,,69269,15,0,13,1,30,,69237,15,0,10,1,70,,69259,15,0,11 12,1,30,,69238,15,0,10,1,70,,69260,15,0,11 12,1,30,,69239,15,0,10,1,70,,69261,15,0,11 12,1,30,,69240,15,0,10,1,58,,69251,15,0,14,1,31,,69248,15,0,14,1,70,,69252,15,0,14,1,30,,69249,15,0,14,1,70,,69253,15,0,15,1,17,,69262,15,0,11 12,1,25,,69241,15,0,10,1,70,,69270,15,0,13,1,30,,69242,15,0,10,1,70,,69263,15,0,11 12,1,30,,69243,15,0,10,1,70,,69264,15,0,11 12,1,30,,69244,15,0,10,1,70,,69265,15,0,11 12,1,30,,69245,15,0,10,1,70,,69266,15,0,11 12,1,17,,69250,15,0,10,1,83,,69267,15,0,11 12,1
100,'20261126',637,,69277,15,0,10,1,70,,69300,15,0,11 12,1,38,,69278,15,0,10,1,70,,69301,15,0,11 12,1,30,,69279,15,0,10,1,70,,69302,15,0,11 12,1,30,,69280,15,0,10,1,70,,69303,15,0,11 12,1,30,,69281,15,0,10,1,70,,69304,15,0,11 12,1,30,,69282,15,0,10,1,70,,69315,15,0,13,1,30,,69283,15,0,10,1,70,,69305,15,0,11 12,1,30,,69284,15,0,10,1,70,,69306,15,0,11 12,1,30,,69285,15,0,10,1,70,,69307,15,0,11 12,1,30,,69286,15,0,10,1,58,,69297,15,0,14,1,31,,69294,15,0,14,1,70,,69298,15,0,14,1,30,,69295,15,0,14,1,70,,69299,15,0,15,1,17,,69308,15,0,11 12,1,25,,69287,15,0,10,1,70,,69316,15,0,13,1,30,,69288,15,0,10,1,70,,69309,15,0,11 12,1,30,,69289,15,0,10,1,70,,69310,15,0,11 12,1,30,,69290,15,0,10,1,70,,69311,15,0,11 12,1,30,,69291,15,0,10,1,70,,69312,15,0,11 12,1,17,,69296,15,0,10,1,83,,69313,15,0,11 12,1
100,'20261127',637,,69323,15,0,10,1,70,,69347,15,0,11 12,1,38,,69324,15,0,10,1,70,,69348,15,0,11 12,1,30,,69325,15,0,10,1,70,,69349,15,0,11 12,1,30,,69326,15,0,10,1,70,,69350,15,0,11 12,1,30,,69327,15,0,10,1,70,,69351,15,0,11 12,1,30,,69328,15,0,10,1,70,,69363,15,0,13,1,30,,69329,15,0,10,1,70,,69352,15,0,11 12,1,30,,69330,15,0,10,1,70,,69353,15,0,11 12,1,30,,69331,15,0,10,1,70,,69354,15,0,11 12,1,30,,69332,15,0,10,1,58,,69344,15,0,14,1,31,,69342,15,0,14,1,70,,69345,15,0,14,1,30,,69343,15,0,14,1,70,,69346,15,0,15,1,17,,69355,15,0,11 12,1,25,,69333,15,0,10,1,70,,69364,15,0,13,1,30,,69334,15,0,10,1,70,,69356,15,0,11 12,1,30,,69335,15,0,10,1,70,,69357,15,0,11 12,1,30,,69336,15,0,10,1,70,,69358,15,0,11 12,1,30,,69337,15,0,10,1,70,,69359,15,0,11 12,1,30,,69338,15,0,10,1
101,'20261005',530,,70710,20,,,1,70,,70734,27,,,1,30,,70711,20,,,1,74,,70731,12,,,1,30,,70727,12,,,1,71,,70732,12,,,1,29,,70728,12,,,1,16,,70733,12,,,1,64,,70735,27,,,1,30,,70712,20,,,1,70,,70736,27,,,1,30,,70713,20,,,1,70,,70737,27,,,1,30,,70714,20,,,1,70,,70747,31,,,1,30,,70715,20,,,1,70,,70738,27,,,1,30,,70716,20,,,1,70,,70739,27,,,1,30,,70717,20,,,1,70,,70740,27,,,1,30,,70718,20,,,1,71,,70741,27,,,1,30,,70719,20,,,1,69,,70742,27,,,1,31,,70720,20,,,1,69,,70743,27,,,1,29,,70721,20,,,1,71,,70744,27,,,1,29,,70722,20,,,1,70,,70748,31,,,1,30,,70723,20,,,1,70,,70745,27,,,1,30,,70724,20,,,1,70,,70746,27,,,1,30,,70725,20,,,1,100,,70726,20,,,1
101,'20261006',530,,70756,20,,,1,70,,70780,27,,,1,30,,70757,20,,,1,74,,70777,12,,,1,30,,70773,12,,,1,71,,70778,12,,,1,29,,70774,12,,,1,16,,70779,12,,,1,64,,70781,27,,,1,30,,70758,20,,,1,70,,70782,27,,,1,30,,70759,20,,,1,70,,70783,27,,,1,30,,70760,20,,,1,70,,70793,31,,,1,30,,70761,20,,,1,70,,70784,27,,,1,30,,70762,20,,,1,70,,70785,27,,,1,30,,70763,20,,,1,70,,70786,27,,,1,30,,70764,20,,,1,71,,70787,27,,,1,30,,70765,20,,,1,69,,70788,27,,,1,31,,70766,20,,,1,69,,70789,27,,,1,29,,70767,20,,,1,71,,70790,27,,,1,29,,70768,20,,,1,70,,70794,31,,,1,30,,70769,20,,,1,70,,70791,27,,,1,30,,70770,20,,,1,70,,70792,27,,,1,30,,70771,20,,,1,100,,70772,20,,,1
101,'20261007',530,,70802,20,,,1,70,,70826,27,,,1,30,,70803,20,,,1,74,,70823,12,,,1,30,,70819,12,,,1,71,,70824,12,,,1,29,,70820,12,,,1,16,,70825,12,,,1,64,,70827,27,,,1,30,,70804,20,,,1,70,,70828,27,,,1,30,,70805,20,,,1,70,,70829,27,,,1,30,,70806,20,,,1,70,,70839,31,,,1,30,,70807,20,,,1,70,,70830,27,,,1,30,,70808,20,,,1,70,,70831,27,,,1,30,,70809,20,,,1,70,,70832,27,,,1,30,,70810,20,,,1,71,,70833,27,,,1,30,,70811,20,,,1,69,,70834,27,,,1,31,,70812,20,,,1,69,,70835,27,,,1,29,,70813,20,,,1,71,,70836,27,,,1,29,,70814,20,,,1,70,,70840,31,,,1,30,,70815,20,,,1,70,,70837,27,,,1,30,,70816,20,,,1,70,,70838,27,,,1,30,,70817,20,,,1,100,,70818,20,,,1
101,'20261008',530,,70848,20,,,1,70,,70872,27,,,1,30,,70849,20,,,1,74,,70869,12,,,1,30,,70865,12,,,1,71,,70870,12,,,1,29,,70866,12,,,1,16,,70871,12,,,1,64,,70873,27,,,1,30,,70850,20,,,1,70,,70874,27,,,1,30,,70851,20,,,1,70,,70875,27,,,1,30,,70852,20,,,1,70,,70885,31,,,1,30,,70853,20,,,1,70,,70876,27,,,1,30,,70854,20,,,1,70,,70877,27,,,1,30,,70855,20,,,1,70,,70878,27,,,1,30,,70856,20,,,1,71,,70879,27,,,1,30,,70857,20,,,1,69,,70880,27,,,1,31,,70858,20,,,1,69,,70881,27,,,1,29,,70859,20,,,1,71,,70882,27,,,1,29,,70860,20,,,1,70,,70886,31,,,1,30,,70861,20,,,1,70,,70883,27,,,1,30,,70862,20,,,1,70,,70884,27,,,1,30,,70863,20,,,1,100,,70864,20,,,1
101,'20261009',530,,70894,20,,,1,70,,70918,27,,,1,30,,70895,20,,,1,74,,70915,12,,,1,30,,70911,12,,,1,71,,70916,12,,,1,29,,70912,12,,,1,16,,70917,12,,,1,64,,70919,27,,,1,30,,70896,20,,,1,70,,70920,27,,,1,30,,70897,20,,,1,70,,70921,27,,,1,30,,70898,20,,,1,70,,70933,31,,,1,30,,70899,20,,,1,70,,70922,27,,,1,30,,70900,20,,,1,70,,70923,27,,,1,30,,70901,20,,,1,70,,70924,27,,,1,30,,70902,20,,,1,71,,70925,27,,,1,30,,70903,20,,,1,69,,70926,27,,,1,31,,70904,20,,,1,69,,70927,27,,,1,29,,70905,20,,,1,71,,70928,27,,,1,29,,70906,20,,,1,70,,70934,31,,,1,30,,70907,20,,,1,70,,70929,27,,,1,30,,70908,20,,,1,70,,70930,27,,,1,30,,70909,20,,,1,70,,70931,27,,,1,30,,70910,20,,,1,70,,70932,27,,,1
101,'20261010',814,,70970,31,,,1,30,,70942,20,,,1,70,,70971,31,,,1,30,,70943,20,,,1,70,,70972,31,,,1,30,,70944,20,,,1,70,,70958,27,,,1,30,,70945,20,,,1,70,,70973,31,,,1,30,,70946,20,,,1,70,,70959,27,,,1,30,,70947,20,,,1,56,,70975,44,,,1,14,,70960,27,,,1,30,,70948,20,,,1,70,,70961,27,,,1,30,,70949,20,,,1,70,,70962,27,,,1,30,,70950,20,,,1,70,,70963,27,,,1,30,,70951,20,,,1,15,,70976,44,,,1,55,,70964,27,,,1,30,,70952,20,,,1,70,,70965,27,,,1,30,,70953,20,,,1,70,,70974,31,,,1,30,,70954,20,,,1,70,,70966,27,,,1,30,,70955,20,,,1,14,,70977,44,,,1,56,,70967,27,,,1,30,,70956,20,,,1,70,,70968,27,,,1,30,,70957,20,,,1,68,,70978,44,,,1,2,,70969,27,,,1
101,'20261011',814,,71006,31,,,1,30,,70979,20,,,1,70,,71007,31,,,1,30,,70980,20,,,1,70,,71008,31,,,1,30,,70981,20,,,1,70,,70995,27,,,1,30,,70982,20,,,1,70,,71009,31,,,1,30,,70983,20,,,1,70,,70996,27,,,1,30,,70984,20,,,1,56,,71011,44,,,1,14,,70997,27,,,1,30,,70985,20,,,1,70,,70998,27,,,1,30,,70986,20,,,1,70,,70999,27,,,1,30,,70987,20,,,1,70,,71000,27,,,1,30,,70988,20,,,1,15,,71012,44,,,1,55,,71001,27,,,1,30,,70989,20,,,1,70,,71002,27,,,1,30,,70990,20,,,1,70,,71010,31,,,1,30,,70991,20,,,1,70,,71003,27,,,1,30,,70992,20,,,1,14,,71013,44,,,1,56,,71004,27,,,1,30,,70993,20,,,1,70,,71005,27,,,1,30,,70994,20,,,1,68,,71014,44,,,1,2,,92418,27,,,1
101,'20261012',814,,92422,31,,,1,30,,92419,20,,,1,70,,92423,31,,,1,30,,71017,20,,,1,70,,92424,31,,,1,30,,71018,20,,,1,70,,71042,27,,,1,30,,71019,20,,,1,70,,71052,31,,,1,30,,71020,20,,,1,70,,71043,27,,,1,30,,71021,20,,,1,56,,92425,44,,,1,14,,71044,27,,,1,30,,71022,20,,,1,70,,71045,27,,,1,30,,71023,20,,,1,70,,71046,27,,,1,30,,71024,20,,,1,70,,71047,27,,,1,30,,71025,20,,,1,15,,92426,44,,,1,55,,71048,27,,,1,30,,71026,20,,,1,70,,71049,27,,,1,30,,71027,20,,,1,70,,71053,31,,,1,30,,71028,20,,,1,70,,71050,27,,,1,30,,71029,20,,,1,14,,92427,44,,,1,56,,71051,27,,,1,30,,71030,20,,,1,70,,92420,27,,,1,30,,71031,20,,,1,68,,92428,44,,,1,2,,92421,27,,,1
101,'20261013',530,,71061,20,,,1,70,,71085,27,,,1,30,,71062,20,,,1,74,,71082,12,,,1,30,,71078,12,,,1,71,,71083,12,,,1,29,,71079,12,,,1,16,,71084,12,,,1,64,,71086,27,,,1,30,,71063,20,,,1,70,,71087,27,,,1,30,,71064,20,,,1,70,,71088,27,,,1,30,,71065,20,,,1,70,,71098,31,,,1,30,,71066,20,,,1,70,,71089,27,,,1,30,,71067,20,,,1,70,,71090,27,,,1,30,,71068,20,,,1,70,,71091,27,,,1,30,,71069,20,,,1,71,,71092,27,,,1,30,,71070,20,,,1,69,,71093,27,,,1,31,,71071,20,,,1,69,,71094,27,,,1,29,,71072,20,,,1,71,,71095,27,,,1,29,,71073,20,,,1,70,,71099,31,,,1,30,,71074,20,,,1,70,,71096,27,,,1,30,,71075,20,,,1,70,,71097,27,,,1,30,,71076,20,,,1,100,,71077,20,,,1
101,'20261014',530,,71107,20,,,1,70,,71131,27,,,1,30,,71108,20,,,1,74,,71128,12,,,1,30,,71124,12,,,1,71,,71129,12,,,1,29,,71125,12,,,1,16,,71130,12,,,1,64,,71132,27,,,1,30,,71109,20,,,1,70,,71133,27,,,1,30,,71110,20,,,1,70,,71134,27,,,1,30,,71111,20,,,1,70,,71144,31,,,1,30,,71112,20,,,1,70,,71135,27,,,1,30,,71113,20,,,1,70,,71136,27,,,1,30,,71114,20,,,1,70,,71137,27,,,1,30,,71115,20,,,1,71,,71138,27,,,1,30,,71116,20,,,1,69,,71139,27,,,1,31,,71117,20,,,1,69,,71140,27,,,1,29,,71118,20,,,1,71,,71141,27,,,1,29,,71119,20,,,1,70,,71145,31,,,1,30,,71120,20,,,1,70,,71142,27,,,1,30,,71121,20,,,1,70,,71143,27,,,1,30,,71122,20,,,1,100,,71123,20,,,1
101,'20261015',530,,71153,20,,,1,70,,71177,27,,,1,30,,71154,20,,,1,74,,71174,12,,,1,30,,71170,12,,,1,71,,71175,12,,,1,29,,71171,12,,,1,16,,71176,12,,,1,64,,71178,27,,,1,30,,71155,20,,,1,70,,71179,27,,,1,30,,71156,20,,,1,70,,71180,27,,,1,30,,71157,20,,,1,70,,71190,31,,,1,30,,71158,20,,,1,70,,71181,27,,,1,30,,71159,20,,,1,70,,71182,27,,,1,30,,71160,20,,,1,70,,71183,27,,,1,30,,71161,20,,,1,71,,71184,27,,,1,30,,71162,20,,,1,69,,71185,27,,,1,31,,71163,20,,,1,69,,71186,27,,,1,29,,71164,20,,,1,71,,71187,27,,,1,29,,71165,20,,,1,70,,71191,31,,,1,30,,71166,20,,,1,70,,71188,27,,,1,30,,71167,20,,,1,70,,71189,27,,,1,30,,71168,20,,,1,100,,71169,20,,,1
101,'20261016',530,,71199,20,,,1,70,,71223,27,,,1,30,,71200,20,,,1,74,,71220,12,,,1,30,,71216,12,,,1,71,,71221,12,,,1,29,,71217,12,,,1,16,,71222,12,,,1,64,,71224,27,,,1,30,,71201,20,,,1,70,,71225,27,,,1,30,,71202,20,,,1,70,,71226,27,,,1,30,,71203,20,,,1,70,,71238,31,,,1,30,,71204,20,,,1,70,,71227,27,,,1,30,,71205,20,,,1,70,,71228,27,,,1,30,,71206,20,,,1,70,,71229,27,,,1,30,,71207,20,,,1,71,,71230,27,,,1,30,,71208,20,,,1,69,,71231,27,,,1,31,,71209,20,,,1,69,,71232,27,,,1,29,,71210,20,,,1,71,,71233,27,,,1,29,,71211,20,,,1,70,,71239,31,,,1,30,,71212,20,,,1,70,,71234,27,,,1,30,,71213,20,,,1,70,,71235,27,,,1,30,,71214,20,,,1,70,,71236,27,,,1,30,,71215,20,,,1,70,,71237,27,,,1
101,'20261017',814,,71275,8,,,1,30,,71247,8,,,1,70,,71276,8,,,1,30,,71248,8,,,1,70,,71277,8,,,1,30,,71249,8,,,1,70,,71263,8,,,1,30,,71250,8,,,1,70,,71278,8,,,1,30,,71251,8,,,1,70,,71264,8,,,1,30,,71252,8,,,1,70,,71265,8,,,1,30,,71253,8,,,1,70,,71266,8,,,1,30,,71254,8,,,1,70,,71267,8,,,1,30,,71255,8,,,1,70,,71268,8,,,1,30,,71256,8,,,1,70,,71269,8,,,1,30,,71257,8,,,1,70,,71270,8,,,1,30,,71258,8,,,1,70,,71279,8,,,1,30,,71259,8,,,1,70,,71271,8,,,1,30,,71260,8,,,1,70,,71272,8,,,1,30,,71261,8,,,1,70,,71273,8,,,1,30,,71262,8,,,1,70,,71274,8,,,1
101,'20261018',814,,71311,8,,,1,30,,71284,8,,,1,70,,71312,8,,,1,30,,71285,8,,,1,70,,71313,8,,,1,30,,71286,8,,,1,70,,71300,8,,,1,30,,71287,8,,,1,70,,71314,8,,,1,30,,71288,8,,,1,70,,71301,8,,,1,30,,71289,8,,,1,70,,71302,8,,,1,30,,71290,8,,,1,70,,71303,8,,,1,30,,71291,8,,,1,70,,71304,8,,,1,30,,71292,8,,,1,70,,71305,8,,,1,30,,71293,8,,,1,70,,71306,8,,,1,30,,71294,8,,,1,70,,71307,8,,,1,30,,71295,8,,,1,70,,71315,8,,,1,30,,71296,8,,,1,70,,71308,8,,,1,30,,71297,8,,,1,70,,71309,8,,,1,30,,71298,8,,,1,70,,71310,8,,,1,30,,71299,8,,,1
101,'20261019',530,,71320,20,,,1,70,,71344,27,,,1,30,,71321,20,,,1,74,,71341,12,,,1,30,,71337,12,,,1,71,,71342,12,,,1,29,,71338,12,,,1,16,,71343,12,,,1,64,,71345,27,,,1,30,,71322,20,,,1,70,,71346,27,,,1,30,,71323,20,,,1,70,,71347,27,,,1,30,,71324,20,,,1,70,,71357,31,,,1,30,,71325,20,,,1,70,,71348,27,,,1,30,,71326,20,,,1,70,,71349,27,,,1,30,,71327,20,,,1,70,,71350,27,,,1,30,,71328,20,,,1,71,,71351,27,,,1,30,,71329,20,,,1,69,,71352,27,,,1,31,,71330,20,,,1,69,,71353,27,,,1,29,,71331,20,,,1,71,,71354,27,,,1,29,,71332,20,,,1,70,,71358,31,,,1,30,,71333,20,,,1,70,,71355,27,,,1,30,,71334,20,,,1,70,,71356,27,,,1,30,,71335,20,,,1,100,,71336,20,,,1
101,'20261020',530,,71366,20,,,1,70,,71390,27,,,1,30,,71367,20,,,1,74,,71387,12,,,1,30,,71383,12,,,1,71,,71388,12,,,1,29,,71384,12,,,1,16,,71389,12,,,1,64,,71391,27,,,1,30,,71368,20,,,1,70,,71392,27,,,1,30,,71369,20,,,1,70,,71393,27,,,1,30,,71370,20,,,1,70,,71403,31,,,1,30,,71371,20,,,1,70,,71394,27,,,1,30,,71372,20,,,1,70,,71395,27,,,1,30,,71373,20,,,1,70,,71396,27,,,1,30,,71374,20,,,1,71,,71397,27,,,1,30,,71375,20,,,1,69,,71398,27,,,1,31,,71376,20,,,1,69,,71399,27,,,1,29,,71377,20,,,1,71,,71400,27,,,1,29,,71378,20,,,1,70,,71404,31,,,1,30,,71379,20,,,1,70,,71401,27,,,1,30,,71380,20,,,1,70,,71402,27,,,1,30,,71381,20,,,1,100,,71382,20,,,1
101,'20261021',530,,71412,20,,,1,70,,71436,27,,,1,30,,71413,20,,,1,74,,71433,12,,,1,30,,71429,12,,,1,71,,71434,12,,,1,29,,71430,12,,,1,16,,71435,12,,,1,64,,71437,27,,,1,30,,71414,20,,,1,70,,71438,27,,,1,30,,71415,20,,,1,70,,71439,27,,,1,30,,71416,20,,,1,70,,71449,31,,,1,30,,71417,20,,,1,70,,71440,27,,,1,30,,71418,20,,,1,70,,71441,27,,,1,30,,71419,20,,,1,70,,71442,27,,,1,30,,71420,20,,,1,71,,71443,27,,,1,30,,71421,20,,,1,69,,71444,27,,,1,31,,71422,20,,,1,69,,71445,27,,,1,29,,71423,20,,,1,71,,71446,27,,,1,29,,71424,20,,,1,70,,71450,31,,,1,30,,71425,20,,,1,70,,71447,27,,,1,30,,71426,20,,,1,70,,71448,27,,,1,30,,71427,20,,,1,100,,71428,20,,,1
101,'20261022',530,,71458,20,,,1,70,,71482,27,,,1,30,,71459,20,,,1,74,,71479,12,,,1,30,,71475,12,,,1,71,,71480,12,,,1,29,,71476,12,,,1,16,,71481,12,,,1,64,,71483,27,,,1,30,,71460,20,,,1,70,,71484,27,,,1,30,,71461,20,,,1,70,,71485,27,,,1,30,,71462,20,,,1,70,,71495,31,,,1,30,,71463,20,,,1,70,,71486,27,,,1,30,,71464,20,,,1,70,,71487,27,,,1,30,,71465,20,,,1,70,,71488,27,,,1,30,,71466,20,,,1,71,,71489,27,,,1,30,,71467,20,,,1,69,,71490,27,,,1,31,,71468,20,,,1,69,,71491,27,,,1,29,,71469,20,,,1,71,,71492,27,,,1,29,,71470,20,,,1,70,,71496,31,,,1,30,,71471,20,,,1,70,,71493,27,,,1,30,,71472,20,,,1,70,,71494,27,,,1,30,,71473,20,,,1,100,,71474,20,,,1
101,'20261023',530,,71504,20,,,1,70,,71528,27,,,1,30,,71505,20,,,1,74,,71525,12,,,1,30,,71521,12,,,1,71,,71526,12,,,1,29,,71522,12,,,1,16,,71527,12,,,1,64,,71529,27,,,1,30,,71506,20,,,1,70,,71530,27,,,1,30,,71507,20,,,1,70,,71531,27,,,1,30,,71508,20,,,1,70,,71543,31,,,1,30,,71509,20,,,1,70,,71532,27,,,1,30,,71510,20,,,1,70,,71533,27,,,1,30,,71511,20,,,1,70,,71534,27,,,1,30,,71512,20,,,1,71,,71535,27,,,1,30,,71513,20,,,1,69,,71536,27,,,1,31,,71514,20,,,1,69,,71537,27,,,1,29,,71515,20,,,1,71,,71538,27,,,1,29,,71516,20,,,1,70,,71544,31,,,1,30,,71517,20,,,1,70,,71539,27,,,1,30,,71518,20,,,1,70,,71540,27,,,1,30,,71519,20,,,1,70,,71541,27,,,1,30,,71520,20,,,1
101,'20261025',814,,71616,8,,,1,30,,71589,8,,,1,70,,71617,8,,,1,30,,71590,8,,,1,70,,71618,8,,,1,30,,71591,8,,,1,70,,71605,8,,,1,30,,71592,8,,,1,70,,71619,8,,,1,30,,71593,8,,,1,70,,71606,8,,,1,30,,71594,8,,,1,70,,71607,8,,,1,30,,71595,8,,,1,70,,71608,8,,,1,30,,71596,8,,,1,70,,71609,8,,,1,30,,71597,8,,,1,70,,71610,8,,,1,30,,71598,8,,,1,70,,71611,8,,,1,30,,71599,8,,,1,70,,71612,8,,,1,30,,71600,8,,,1,70,,71620,8,,,1,30,,71601,8,,,1,70,,71613,8,,,1,30,,71602,8,,,1,70,,71614,8,,,1,30,,71603,8,,,1,70,,71615,8,,,1,30,,71604,8,,,1
101,'20261026',530,,71625,20,,,1,70,,71649,27,,,1,30,,71626,20,,,1,74,,71646,12,,,1,30,,71642,12,,,1,71,,71647,12,,,1,29,,71643,12,,,1,16,,71648,12,,,1,64,,71650,27,,,1,30,,71627,20,,,1,70,,71651,27,,,1,30,,71628,20,,,1,70,,71652,27,,,1,30,,71629,20,,,1,70,,71662,31,,,1,30,,71630,20,,,1,70,,71653,27,,,1,30,,71631,20,,,1,70,,71654,27,,,1,30,,71632,20,,,1,70,,71655,27,,,1,30,,71633,20,,,1,71,,71656,27,,,1,30,,71634,20,,,1,69,,71657,27,,,1,31,,71635,20,,,1,69,,71658,27,,,1,29,,71636,20,,,1,71,,71659,27,,,1,29,,71637,20,,,1,70,,71663,31,,,1,30,,71638,20,,,1,70,,71660,27,,,1,30,,71639,20,,,1,70,,71661,27,,,1,30,,71640,20,,,1,100,,71641,20,,,1
101,'20261027',530,,71671,20,,,1,70,,71695,27,,,1,30,,71672,20,,,1,74,,71692,12,,,1,30,,71688,12,,,1,71,,71693,12,,,1,29,,71689,12,,,1,16,,71694,12,,,1,64,,71696,27,,,1,30,,71673,20,,,1,70,,71697,27,,,1,30,,71674,20,,,1,70,,71698,27,,,1,30,,71675,20,,,1,70,,71708,31,,,1,30,,71676,20,,,1,70,,71699,27,,,1,30,,71677,20,,,1,70,,71700,27,,,1,30,,71678,20,,,1,70,,71701,27,,,1,30,,71679,20,,,1,71,,71702,27,,,1,30,,71680,20,,,1,69,,71703,27,,,1,31,,71681,20,,,1,69,,71704,27,,,1,29,,71682,20,,,1,71,,71705,27,,,1,29,,71683,20,,,1,70,,71709,31,,,1,30,,71684,20,,,1,70,,71706,27,,,1,30,,71685,20,,,1,70,,71707,27,,,1,30,,71686,20,,,1,100,,71687,20,,,1
101,'20261028',530,,71717,20,,,1,70,,71741,27,,,1,30,,71718,20,,,1,74,,71738,12,,,1,30,,71734,12,,,1,71,,71739,12,,,1,29,,71735,12,,,1,16,,71740,12,,,1,64,,71742,27,,,1,30,,71719,20,,,1,70,,71743,27,,,1,30,,71720,20,,,1,70,,71744,27,,,1,30,,71721,20,,,1,70,,71754,31,,,1,30,,71722,20,,,1,70,,71745,27,,,1,30,,71723,20,,,1,70,,71746,27,,,1,30,,71724,20,,,1,70,,71747,27,,,1,30,,71725,20,,,1,71,,71748,27,,,1,30,,71726,20,,,1,69,,71749,27,,,1,31,,71727,20,,,1,69,,71750,27,,,1,29,,71728,20,,,1,71,,71751,27,,,1,29,,71729,20,,,1,70,,71755,31,,,1,30,,71730,20,,,1,70,,71752,27,,,1,30,,71731,20,,,1,70,,71753,27,,,1,30,,71732,20,,,1,100,,71733,20,,,1
101,'20261029',530,,71763,20,,,1,70,,71787,27,,,1,30,,71764,20,,,1,74,,71784,12,,,1,30,,71780,12,,,1,71,,71785,12,,,1,29,,71781,12,,,1,16,,71786,12,,,1,64,,71788,27,,,1,30,,71765,20,,,1,70,,71789,27,,,1,30,,71766,20,,,1,70,,71790,27,,,1,30,,71767,20,,,1,70,,71800,31,,,1,30,,71768,20,,,1,70,,71791,27,,,1,30,,71769,20,,,1,70,,71792,27,,,1,30,,71770,20,,,1,70,,71793,27,,,1,30,,71771,20,,,1,71,,71794,27,,,1,30,,71772,20,,,1,69,,71795,27,,,1,31,,71773,20,,,1,69,,71796,27,,,1,29,,71774,20,,,1,71,,71797,27,,,1,29,,71775,20,,,1,70,,71801,31,,,1,30,,71776,20,,,1,70,,71798,27,,,1,30,,71777,20,,,1,70,,71799,27,,,1,30,,71778,20,,,1,100,,71779,20,,,1
101,'20261030',530,,71809,20,,,1,70,,71833,27,,,1,30,,71810,20,,,1,74,,71830,12,,,1,30,,71826,12,,,1,71,,71831,12,,,1,29,,71827,12,,,1,16,,71832,12,,,1,64,,71834,27,,,1,30,,71811,20,,,1,70,,71835,27,,,1,30,,71812,20,,,1,70,,71836,27,,,1,30,,71813,20,,,1,70,,71848,31,,,1,30,,71814,20,,,1,70,,71837,27,,,1,30,,71815,20,,,1,70,,71838,27,,,1,30,,71816,20,,,1,70,,71839,27,,,1,30,,71817,20,,,1,71,,71840,27,,,1,30,,71818,20,,,1,69,,71841,27,,,1,31,,71819,20,,,1,69,,71842,27,,,1,29,,71820,20,,,1,71,,71843,27,,,1,29,,71821,20,,,1,70,,71849,31,,,1,30,,71822,20,,,1,70,,71844,27,,,1,30,,71823,20,,,1,70,,71845,27,,,1,30,,71824,20,,,1,70,,71846,27,,,1,30,,71825,20,,,1
101,'20261101',814,,71921,8,,,1,30,,71894,8,,,1,70,,71922,8,,,1,30,,71895,8,,,1,70,,71923,8,,,1,30,,71896,8,,,1,70,,71910,8,,,1,30,,71897,8,,,1,70,,71924,8,,,1,30,,71898,8,,,1,70,,71911,8,,,1,30,,71899,8,,,1,70,,71912,8,,,1,30,,71900,8,,,1,70,,71913,8,,,1,30,,71901,8,,,1,70,,71914,8,,,1,30,,71902,8,,,1,70,,71915,8,,,1,30,,71903,8,,,1,70,,71916,8,,,1,30,,71904,8,,,1,70,,71917,8,,,1,30,,71905,8,,,1,70,,71925,8,,,1,30,,71906,8,,,1,70,,71918,8,,,1,30,,71907,8,,,1,70,,71919,8,,,1,30,,71908,8,,,1,70,,71920,8,,,1,30,,71909,8,,,1
101,'20261102',530,,71930,20,,,1,70,,71954,27,,,1,30,,71931,20,,,1,74,,71951,12,,,1,30,,71947,12,,,1,71,,71952,12,,,1,29,,71948,12,,,1,16,,71953,12,,,1,64,,71955,27,,,1,30,,71932,20,,,1,70,,71956,27,,,1,30,,71933,20,,,1,70,,71957,27,,,1,30,,71934,20,,,1,70,,71967,31,,,1,30,,71935,20,,,1,70,,71958,27,,,1,30,,71936,20,,,1,70,,71959,27,,,1,30,,71937,20,,,1,70,,71960,27,,,1,30,,71938,20,,,1,71,,71961,27,,,1,30,,71939,20,,,1,69,,71962,27,,,1,31,,71940,20,,,1,69,,71963,27,,,1,29,,71941,20,,,1,71,,71964,27,,,1,29,,71942,20,,,1,70,,71968,31,,,1,30,,71943,20,,,1,70,,71965,27,,,1,30,,71944,20,,,1,70,,71966,27,,,1,30,,71945,20,,,1,100,,71946,20,,,1
101,'20261103',530,,71976,20,,,1,70,,72000,27,,,1,30,,71977,20,,,1,74,,71997,12,,,1,30,,71993,12,,,1,71,,71998,12,,,1,29,,71994,12,,,1,16,,71999,12,,,1,64,,72001,27,,,1,30,,71978,20,,,1,70,,72002,27,,,1,30,,71979,20,,,1,70,,72003,27,,,1,30,,71980,20,,,1,70,,72013,31,,,1,30,,71981,20,,,1,70,,72004,27,,,1,30,,71982,20,,,1,70,,72005,27,,,1,30,,71983,20,,,1,70,,72006,27,,,1,30,,71984,20,,,1,71,,72007,27,,,1,30,,71985,20,,,1,69,,72008,27,,,1,31,,71986,20,,,1,69,,72009,27,,,1,29,,71987,20,,,1,71,,72010,27,,,1,29,,71988,20,,,1,70,,72014,31,,,1,30,,71989,20,,,1,70,,72011,27,,,1,30,,71990,20,,,1,70,,72012,27,,,1,30,,71991,20,,,1,100,,71992,20,,,1
101,'20261104',530,,72022,20,,,1,70,,72046,27,,,1,30,,72023,20,,,1,74,,72043,12,,,1,30,,72039,12,,,1,71,,72044,12,,,1,29,,72040,12,,,1,16,,72045,12,,,1,64,,72047,27,,,1,30,,72024,20,,,1,70,,72048,27,,,1,30,,72025,20,,,1,70,,72049,27,,,1,30,,72026,20,,,1,70,,72059,31,,,1,30,,72027,20,,,1,70,,72050,27,,,1,30,,72028,20,,,1,70,,72051,27,,,1,30,,72029,20,,,1,70,,72052,27,,,1,30,,72030,20,,,1,71,,72053,27,,,1,30,,72031,20,,,1,69,,72054,27,,,1,31,,72032,20,,,1,69,,72055,27,,,1,29,,72033,20,,,1,71,,72056,27,,,1,29,,72034,20,,,1,70,,72060,31,,,1,30,,72035,20,,,1,70,,72057,27,,,1,30,,72036,20,,,1,70,,72058,27,,,1,30,,72037,20,,,1,100,,72038,20,,,1
101,'20261105',530,,72068,20,,,1,70,,72092,27,,,1,30,,72069,20,,,1,74,,72089,12,,,1,30,,72085,12,,,1,71,,72090,12,,,1,29,,72086,12,,,1,16,,72091,12,,,1,64,,72093,27,,,1,30,,72070,20,,,1,70,,72094,27,,,1,30,,72071,20,,,1,70,,72095,27,,,1,30,,72072,20,,,1,70,,72105,31,,,1,30,,72073,20,,,1,70,,72096,27,,,1,30,,72074,20,,,1,70,,72097,27,,,1,30,,72075,20,,,1,70,,72098,27,,,1,30,,72076,20,,,1,71,,72099,27,,,1,30,,72077,20,,,1,69,,72100,27,,,1,31,,72078,20,,,1,69,,72101,27,,,1,29,,72079,20,,,1,71,,72102,27,,,1,29,,72080,20,,,1,70,,72106,31,,,1,30,,72081,20,,,1,70,,72103,27,,,1,30,,72082,20,,,1,70,,72104,27,,,1,30,,72083,20,,,1,100,,72084,20,,,1
101,'20261106',530,,72114,20,,,1,70,,72138,27,,,1,30,,72115,20,,,1,74,,72135,12,,,1,30,,72131,12,,,1,71,,72136,12,,,1,29,,72132,12,,,1,16,,72137,12,,,1,64,,72139,27,,,1,30,,72116,20,,,1,70,,72140,27,,,1,30,,72117,20,,,1,70,,72141,27,,,1,30,,72118,20,,,1,70,,72153,31,,,1,30,,72119,20,,,1,70,,72142,27,,,1,30,,72120,20,,,1,70,,72143,27,,,1,30,,72121,20,,,1,70,,72144,27,,,1,30,,72122,20,,,1,71,,72145,27,,,1,30,,72123,20,,,1,69,,72146,27,,,1,31,,72124,20,,,1,69,,72147,27,,,1,29,,72125,20,,,1,71,,72148,27,,,1,29,,72126,20,,,1,70,,72154,31,,,1,30,,72127,20,,,1,70,,72149,27,,,1,30,,72128,20,,,1,70,,72150,27,,,1,30,,72129,20,,,1,70,,72151,27,,,1,30,,72130,20,,,1
101,'20261108',814,,72226,8,,,1,30,,72199,8,,,1,70,,72227,8,,,1,30,,72200,8,,,1,70,,72228,8,,,1,30,,72201,8,,,1,70,,72215,8,,,1,30,,72202,8,,,1,70,,72229,8,,,1,30,,72203,8,,,1,70,,72216,8,,,1,30,,72204,8,,,1,70,,72217,8,,,1,30,,72205,8,,,1,70,,72218,8,,,1,30,,72206,8,,,1,70,,72219,8,,,1,30,,72207,8,,,1,70,,72220,8,,,1,30,,72208,8,,,1,70,,72221,8,,,1,30,,72209,8,,,1,70,,72222,8,,,1,30,,72210,8,,,1,70,,72230,8,,,1,30,,72211,8,,,1,70,,72223,8,,,1,30,,72212,8,,,1,70,,72224,8,,,1,30,,72213,8,,,1,70,,72225,8,,,1,30,,72214,8,,,1
101,'20261109',530,,72235,20,,,1,70,,72259,27,,,1,30,,72236,20,,,1,74,,72256,12,,,1,30,,72252,12,,,1,71,,72257,12,,,1,29,,72253,12,,,1,16,,72258,12,,,1,64,,72260,27,,,1,30,,72237,20,,,1,70,,72261,27,,,1,30,,72238,20,,,1,70,,72262,27,,,1,30,,72239,20,,,1,70,,72272,31,,,1,30,,72240,20,,,1,70,,72263,27,,,1,30,,72241,20,,,1,70,,72264,27,,,1,30,,72242,20,,,1,70,,72265,27,,,1,30,,72243,20,,,1,71,,72266,27,,,1,30,,72244,20,,,1,69,,72267,27,,,1,31,,72245,20,,,1,69,,72268,27,,,1,29,,72246,20,,,1,71,,72269,27,,,1,29,,72247,20,,,1,70,,72273,31,,,1,30,,72248,20,,,1,70,,72270,27,,,1,30,,72249,20,,,1,70,,72271,27,,,1,30,,72250,20,,,1,100,,72251,20,,,1
101,'20261110',530,,72281,20,,,1,70,,72305,27,,,1,30,,72282,20,,,1,74,,72302,12,,,1,30,,72298,12,,,1,71,,72303,12,,,1,29,,72299,12,,,1,16,,72304,12,,,1,64,,72306,27,,,1,30,,72283,20,,,1,70,,72307,27,,,1,30,,72284,20,,,1,70,,72308,27,,,1,30,,72285,20,,,1,70,,72318,31,,,1,30,,72286,20,,,1,70,,72309,27,,,1,30,,72287,20,,,1,70,,72310,27,,,1,30,,72288,20,,,1,70,,72311,27,,,1,30,,72289,20,,,1,71,,72312,27,,,1,30,,72290,20,,,1,69,,72313,27,,,1,31,,72291,20,,,1,69,,72314,27,,,1,29,,72292,20,,,1,71,,72315,27,,,1,29,,72293,20,,,1,70,,72319,31,,,1,30,,72294,20,,,1,70,,72316,27,,,1,30,,72295,20,,,1,70,,72317,27,,,1,30,,72296,20,,,1,100,,72297,20,,,1
101,'20261111',530,,72327,20,,,1,70,,72351,27,,,1,30,,72328,20,,,1,74,,72348,12,,,1,30,,72344,12,,,1,71,,72349,12,,,1,29,,72345,12,,,1,16,,72350,12,,,1,64,,72352,27,,,1,30,,72329,20,,,1,70,,72353,27,,,1,30,,72330,20,,,1,70,,72354,27,,,1,30,,72331,20,,,1,70,,72364,31,,,1,30,,72332,20,,,1,70,,72355,27,,,1,30,,72333,20,,,1,70,,72356,27,,,1,30,,72334,20,,,1,70,,72357,27,,,1,30,,72335,20,,,1,71,,72358,27,,,1,30,,72336,20,,,1,69,,72359,27,,,1,31,,72337,20,,,1,69,,72360,27,,,1,29,,72338,20,,,1,71,,72361,27,,,1,29,,72339,20,,,1,70,,72365,31,,,1,30,,72340,20,,,1,70,,72362,27,,,1,30,,72341,20,,,1,70,,72363,27,,,1,30,,72342,20,,,1,100,,72343,20,,,1
101,'20261112',530,,72373,20,,,1,70,,72397,27,,,1,30,,72374,20,,,1,74,,72394,12,,,1,30,,72390,12,,,1,71,,72395,12,,,1,29,,72391,12,,,1,16,,72396,12,,,1,64,,72398,27,,,1,30,,72375,20,,,1,70,,72399,27,,,1,30,,72376,20,,,1,70,,72400,27,,,1,30,,72377,20,,,1,70,,72410,31,,,1,30,,72378,20,,,1,70,,72401,27,,,1,30,,72379,20,,,1,70,,72402,27,,,1,30,,72380,20,,,1,70,,72403,27,,,1,30,,72381,20,,,1,71,,72404,27,,,1,30,,72382,20,,,1,69,,72405,27,,,1,31,,72383,20,,,1,69,,72406,27,,,1,29,,72384,20,,,1,71,,72407,27,,,1,29,,72385,20,,,1,70,,72411,31,,,1,30,,72386,20,,,1,70,,72408,27,,,1,30,,72387,20,,,1,70,,72409,27,,,1,30,,72388,20,,,1,100,,72389,20,,,1
101,'20261113',530,,72419,20,,,1,70,,72443,27,,,1,30,,72420,20,,,1,74,,72440,12,,,1,30,,72436,12,,,1,71,,72441,12,,,1,29,,72437,12,,,1,16,,72442,12,,,1,64,,72444,27,,,1,30,,72421,20,,,1,70,,72445,27,,,1,30,,72422,20,,,1,70,,72446,27,,,1,30,,72423,20,,,1,70,,72458,31,,,1,30,,72424,20,,,1,70,,72447,27,,,1,30,,72425,20,,,1,70,,72448,27,,,1,30,,72426,20,,,1,70,,72449,27,,,1,30,,72427,20,,,1,71,,72450,27,,,1,30,,72428,20,,,1,69,,72451,27,,,1,31,,72429,20,,,1,69,,72452,27,,,1,29,,72430,20,,,1,71,,72453,27,,,1,29,,72431,20,,,1,70,,72459,31,,,1,30,,72432,20,,,1,70,,72454,27,,,1,30,,72433,20,,,1,70,,72455,27,,,1,30,,72434,20,,,1,70,,72456,27,,,1,30,,72435,20,,,1
101,'20261115',814,,72531,8,,,1,30,,72504,8,,,1,70,,72532,8,,,1,30,,72505,8,,,1,70,,72533,8,,,1,30,,72506,8,,,1,70,,72520,8,,,1,30,,72507,8,,,1,70,,72534,8,,,1,30,,72508,8,,,1,70,,72521,8,,,1,30,,72509,8,,,1,70,,72522,8,,,1,30,,72510,8,,,1,70,,72523,8,,,1,30,,72511,8,,,1,70,,72524,8,,,1,30,,72512,8,,,1,70,,72525,8,,,1,30,,72513,8,,,1,70,,72526,8,,,1,30,,72514,8,,,1,70,,72527,8,,,1,30,,72515,8,,,1,70,,72535,8,,,1,30,,72516,8,,,1,70,,72528,8,,,1,30,,72517,8,,,1,70,,72529,8,,,1,30,,72518,8,,,1,70,,72530,8,,,1,30,,72519,8,,,1
101,'20261116',530,,72540,20,,,1,70,,72564,27,,,1,30,,72541,20,,,1,74,,72561,12,,,1,30,,72557,12,,,1,71,,72562,12,,,1,29,,72558,12,,,1,16,,72563,12,,,1,64,,72565,27,,,1,30,,72542,20,,,1,70,,72566,27,,,1,30,,72543,20,,,1,70,,72567,27,,,1,30,,72544,20,,,1,70,,72577,31,,,1,30,,72545,20,,,1,70,,72568,27,,,1,30,,72546,20,,,1,70,,72569,27,,,1,30,,72547,20,,,1,70,,72570,27,,,1,30,,72548,20,,,1,71,,72571,27,,,1,30,,72549,20,,,1,69,,72572,27,,,1,31,,72550,20,,,1,69,,72573,27,,,1,29,,72551,20,,,1,71,,72574,27,,,1,29,,72552,20,,,1,70,,72578,31,,,1,30,,72553,20,,,1,70,,72575,27,,,1,30,,72554,20,,,1,70,,72576,27,,,1,30,,72555,20,,,1,100,,72556,20,,,1
101,'20261117',530,,72586,20,,,1,70,,72610,27,,,1,30,,72587,20,,,1,74,,72607,12,,,1,30,,72603,12,,,1,71,,72608,12,,,1,29,,72604,12,,,1,16,,72609,12,,,1,64,,72611,27,,,1,30,,72588,20,,,1,70,,72612,27,,,1,30,,72589,20,,,1,70,,72613,27,,,1,30,,72590,20,,,1,70,,72623,31,,,1,30,,72591,20,,,1,70,,72614,27,,,1,30,,72592,20,,,1,70,,72615,27,,,1,30,,72593,20,,,1,70,,72616,27,,,1,30,,72594,20,,,1,71,,72617,27,,,1,30,,72595,20,,,1,69,,72618,27,,,1,31,,72596,20,,,1,69,,72619,27,,,1,29,,72597,20,,,1,71,,72620,27,,,1,29,,72598,20,,,1,70,,72624,31,,,1,30,,72599,20,,,1,70,,72621,27,,,1,30,,72600,20,,,1,70,,72622,27,,,1,30,,72601,20,,,1,100,,72602,20,,,1
101,'20261118',530,,72632,20,,,1,70,,72656,27,,,1,30,,72633,20,,,1,74,,72653,12,,,1,30,,72649,12,,,1,71,,72654,12,,,1,29,,72650,12,,,1,16,,72655,12,,,1,64,,72657,27,,,1,30,,72634,20,,,1,70,,72658,27,,,1,30,,72635,20,,,1,70,,72659,27,,,1,30,,72636,20,,,1,70,,72669,31,,,1,30,,72637,20,,,1,70,,72660,27,,,1,30,,72638,20,,,1,70,,72661,27,,,1,30,,72639,20,,,1,70,,72662,27,,,1,30,,72640,20,,,1,71,,72663,27,,,1,30,,72641,20,,,1,69,,72664,27,,,1,31,,72642,20,,,1,69,,72665,27,,,1,29,,72643,20,,,1,71,,72666,27,,,1,29,,72644,20,,,1,70,,72670,31,,,1,30,,72645,20,,,1,70,,72667,27,,,1,30,,72646,20,,,1,70,,72668,27,,,1,30,,72647,20,,,1,100,,72648,20,,,1
101,'20261119',530,,72678,20,,,1,70,,72702,27,,,1,30,,72679,20,,,1,74,,72699,12,,,1,30,,72695,12,,,1,71,,72700,12,,,1,29,,72696,12,,,1,16,,72701,12,,,1,64,,72703,27,,,1,30,,72680,20,,,1,70,,72704,27,,,1,30,,72681,20,,,1,70,,72705,27,,,1,30,,72682,20,,,1,70,,72715,31,,,1,30,,72683,20,,,1,70,,72706,27,,,1,30,,72684,20,,,1,70,,72707,27,,,1,30,,72685,20,,,1,70,,72708,27,,,1,30,,72686,20,,,1,71,,72709,27,,,1,30,,72687,20,,,1,69,,72710,27,,,1,31,,72688,20,,,1,69,,72711,27,,,1,29,,72689,20,,,1,71,,72712,27,,,1,29,,72690,20,,,1,70,,72716,31,,,1,30,,72691,20,,,1,70,,72713,27,,,1,30,,72692,20,,,1,70,,72714,27,,,1,30,,72693,20,,,1,100,,72694,20,,,1
101,'20261120',530,,72724,20,,,1,70,,72748,27,,,1,30,,72725,20,,,1,74,,72745,12,,,1,30,,72741,12,,,1,71,,72746,12,,,1,29,,72742,12,,,1,16,,72747,12,,,1,64,,72749,27,,,1,30,,72726,20,,,1,70,,72750,27,,,1,30,,72727,20,,,1,70,,72751,27,,,1,30,,72728,20,,,1,70,,72763,31,,,1,30,,72729,20,,,1,70,,72752,27,,,1,30,,72730,20,,,1,70,,72753,27,,,1,30,,72731,20,,,1,70,,72754,27,,,1,30,,72732,20,,,1,71,,72755,27,,,1,30,,72733,20,,,1,69,,72756,27,,,1,31,,72734,20,,,1,69,,72757,27,,,1,29,,72735,20,,,1,71,,72758,27,,,1,29,,72736,20,,,1,70,,72764,31,,,1,30,,72737,20,,,1,70,,72759,27,,,1,30,,72738,20,,,1,70,,72760,27,,,1,30,,72739,20,,,1,70,,72761,27,,,1,30,,72740,20,,,1
101,'20261122',814,,72836,8,,,1,30,,72809,8,,,1,70,,72837,8,,,1,30,,72810,8,,,1,70,,72838,8,,,1,30,,72811,8,,,1,70,,72825,8,,,1,30,,72812,8,,,1,70,,72839,8,,,1,30,,72813,8,,,1,70,,72826,8,,,1,30,,72814,8,,,1,70,,72827,8,,,1,30,,72815,8,,,1,70,,72828,8,,,1,30,,72816,8,,,1,70,,72829,8,,,1,30,,72817,8,,,1,70,,72830,8,,,1,30,,72818,8,,,1,70,,72831,8,,,1,30,,72819,8,,,1,70,,72832,8,,,1,30,,72820,8,,,1,70,,72840,8,,,1,30,,72821,8,,,1,70,,72833,8,,,1,30,,72822,8,,,1,70,,72834,8,,,1,30,,72823,8,,,1,70,,72835,8,,,1,30,,72824,8,,,1
101,'20261123',530,,72845,20,,,1,70,,72869,27,,,1,30,,72846,20,,,1,74,,72866,12,,,1,30,,72862,12,,,1,71,,72867,12,,,1,29,,72863,12,,,1,16,,72868,12,,,1,64,,72870,27,,,1,30,,72847,20,,,1,70,,72871,27,,,1,30,,72848,20,,,1,70,,72872,27,,,1,30,,72849,20,,,1,70,,72882,31,,,1,30,,72850,20,,,1,70,,72873,27,,,1,30,,72851,20,,,1,70,,72874,27,,,1,30,,72852,20,,,1,70,,72875,27,,,1,30,,72853,20,,,1,71,,72876,27,,,1,30,,72854,20,,,1,69,,72877,27,,,1,31,,72855,20,,,1,69,,72878,27,,,1,29,,72856,20,,,1,71,,72879,27,,,1,29,,72857,20,,,1,70,,72883,31,,,1,30,,72858,20,,,1,70,,72880,27,,,1,30,,72859,20,,,1,70,,72881,27,,,1,30,,72860,20,,,1,100,,72861,20,,,1
101,'20261124',530,,72891,20,,,1,70,,72915,27,,,1,30,,72892,20,,,1,74,,72912,12,,,1,30,,72908,12,,,1,71,,72913,12,,,1,29,,72909,12,,,1,16,,72914,12,,,1,64,,72916,27,,,1,30,,72893,20,,,1,70,,72917,27,,,1,30,,72894,20,,,1,70,,72918,27,,,1,30,,72895,20,,,1,70,,72928,31,,,1,30,,72896,20,,,1,70,,72919,27,,,1,30,,72897,20,,,1,70,,72920,27,,,1,30,,72898,20,,,1,70,,72921,27,,,1,30,,72899,20,,,1,71,,72922,27,,,1,30,,72900,20,,,1,69,,72923,27,,,1,31,,72901,20,,,1,69,,72924,27,,,1,29,,72902,20,,,1,71,,72925,27,,,1,29,,72903,20,,,1,70,,72929,31,,,1,30,,72904,20,,,1,70,,72926,27,,,1,30,,72905,20,,,1,70,,72927,27,,,1,30,,72906,20,,,1,100,,72907,20,,,1
101,'20261125',530,,72937,20,,,1,70,,72961,27,,,1,30,,72938,20,,,1,74,,72958,12,,,1,30,,72954,12,,,1,71,,72959,12,,,1,29,,72955,12,,,1,16,,72960,12,,,1,64,,72962,27,,,1,30,,72939,20,,,1,70,,72963,27,,,1,30,,72940,20,,,1,70,,72964,27,,,1,30,,72941,20,,,1,70,,72974,31,,,1,30,,72942,20,,,1,70,,72965,27,,,1,30,,72943,20,,,1,70,,72966,27,,,1,30,,72944,20,,,1,70,,72967,27,,,1,30,,72945,20,,,1,71,,72968,27,,,1,30,,72946,20,,,1,69,,72969,27,,,1,31,,72947,20,,,1,69,,72970,27,,,1,29,,72948,20,,,1,71,,72971,27,,,1,29,,72949,20,,,1,70,,72975,31,,,1,30,,72950,20,,,1,70,,72972,27,,,1,30,,72951,20,,,1,70,,72973,27,,,1,30,,72952,20,,,1,100,,72953,20,,,1
101,'20261126',530,,72983,20,,,1,70,,73007,27,,,1,30,,72984,20,,,1,74,,73004,12,,,1,30,,73000,12,,,1,71,,73005,12,,,1,29,,73001,12,,,1,16,,73006,12,,,1,64,,73008,27,,,1,30,,72985,20,,,1,70,,73009,27,,,1,30,,72986,20,,,1,70,,73010,27,,,1,30,,72987,20,,,1,70,,73020,31,,,1,30,,72988,20,,,1,70,,73011,27,,,1,30,,72989,20,,,1,70,,73012,27,,,1,30,,72990,20,,,1,70,,73013,27,,,1,30,,72991,20,,,1,71,,73014,27,,,1,30,,72992,20,,,1,69,,73015,27,,,1,31,,72993,20,,,1,69,,73016,27,,,1,29,,72994,20,,,1,71,,73017,27,,,1,29,,72995,20,,,1,70,,73021,31,,,1,30,,72996,20,,,1,70,,73018,27,,,1,30,,72997,20,,,1,70,,73019,27,,,1,30,,72998,20,,,1,100,,72999,20,,,1
101,'20261127',530,,73029,20,,,1,70,,73053,27,,,1,30,,73030,20,,,1,74,,73050,12,,,1,30,,73046,12,,,1,71,,73051,12,,,1,29,,73047,12,,,1,16,,73052,12,,,1,64,,73054,27,,,1,30,,73031,20,,,1,70,,73055,27,,,1,30,,73032,20,,,1,70,,73056,27,,,1,30,,73033,20,,,1,70,,73068,31,,,1,30,,73034,20,,,1,70,,73057,27,,,1,30,,73035,20,,,1,70,,73058,27,,,1,30,,73036,20,,,1,70,,73059,27,,,1,30,,73037,20,,,1,71,,73060,27,,,1,30,,73038,20,,,1,69,,73061,27,,,1,31,,73039,20,,,1,69,,73062,27,,,1,29,,73040,20,,,1,71,,73063,27,,,1,29,,73041,20,,,1,70,,73069,31,,,1,30,,73042,20,,,1,70,,73064,27,,,1,30,,73043,20,,,1,70,,73065,27,,,1,30,,73044,20,,,1,70,,73066,27,,,1,30,,73045,20,,,1
