700,'20260819',918,,53425,13,0,23 24,1,100,,53426,13,0,23 24,1,100,,53427,13,0,23 24,1,100,,53428,13,0,23 24,1,100,,53429,13,0,23 24,1,100,,53430,13,0,23 24,1,100,,53436,13,,,1,32,,53423,13,0,25,1,68,,53437,13,,,1,30,,53441,13,,,1,60,,53424,13,0,25,1,10,,53438,13,,,1,32,,53442,13,,,1,83,,53431,13,0,23 24,1,85,,53432,13,0,23 24,1,100,,53433,13,0,23 24,1,100,,53434,13,0,23 24,1,100,,53435,13,0,23 24,1,100,,53439,13,,,1,100,,53440,13,,,1
700,'20260820',918,,53445,13,0,23 24,1,100,,53446,13,0,23 24,1,100,,53447,13,0,23 24,1,100,,53448,13,0,23 24,1,100,,53449,13,0,23 24,1,100,,53450,13,0,23 24,1,100,,53456,13,,,1,32,,53443,13,0,25,1,68,,53457,13,,,1,30,,53461,13,,,1,60,,53444,13,0,25,1,10,,53458,13,,,1,32,,53462,13,,,1,83,,53451,13,0,23 24,1,85,,53452,13,0,23 24,1,100,,53453,13,0,23 24,1,100,,53454,13,0,23 24,1,100,,53455,13,0,23 24,1,100,,53459,13,,,1,100,,53460,13,,,1
700,'20260821',918,,53465,13,0,23 24,1,100,,53466,13,0,23 24,1,100,,53467,13,0,23 24,1,100,,53468,13,0,23 24,1,100,,53469,13,0,23 24,1,100,,53470,13,0,23 24,1,100,,53476,13,,,1,32,,53463,13,0,25,1,68,,53477,13,,,1,30,,53481,13,,,1,60,,53464,13,0,25,1,10,,53478,13,,,1,32,,53482,13,,,1,83,,53471,13,0,23 24,1,85,,53472,13,0,23 24,1,100,,53473,13,0,23 24,1,100,,53474,13,0,23 24,1,100,,53475,13,0,23 24,1,100,,53479,13,,,1,100,,53480,13,,,1
700,'20260822',918,,53483,13,0,23 24,1,100,,53484,13,0,23 24,1,100,,53485,13,0,23 24,1,100,,53486,13,0,23 24,1,100,,53487,13,0,23 24,1,100,,53488,13,0,23 24,1,100,,53489,13,0,23 24,1,100,,53490,13,0,23 24,1,100,,53491,13,0,23 24,1,100,,53492,13,0,23 24,1,100,,53493,13,0,23 24,1,100,,53494,13,0,23 24,1,100,,53495,13,,,1,100,,53496,13,,,1,103,,53497,13,,,1
700,'20260823',918,,53498,13,0,23 24,1,100,,53499,13,0,23 24,1,100,,53500,13,0,23 24,1,100,,53501,13,0,23 24,1,100,,53502,13,0,23 24,1,100,,53503,13,0,23 24,1,100,,53504,13,0,23 24,1,100,,53505,13,0,23 24,1,100,,53506,13,0,23 24,1,100,,53507,13,0,23 24,1,100,,53508,13,0,23 24,1,100,,53509,13,0,23 24,1,100,,53510,13,,,1,100,,53511,13,,,1,103,,53512,13,,,1
700,'20260824',918,,53515,13,0,23 24,1,100,,53516,13,0,23 24,1,100,,53517,13,0,23 24,1,100,,53518,13,0,23 24,1,100,,53519,13,0,23 24,1,100,,53520,13,0,23 24,1,100,,65275,13,,,1,32,,65271,13,0,25,1,68,,65276,13,,,1,30,,65279,13,,,1,60,,65272,13,0,25,1,10,,65277,13,,,1,32,,65280,13,,,1,83,,53521,13,0,23 24,1,85,,53522,13,0,23 24,1,100,,53523,13,0,23 24,1,100,,65273,13,0,23 24,1,100,,65274,13,0,23 24,1,100,,53529,13,,,1,100,,65278,13,,,1
700,'20260825',918,,53535,13,0,23 24,1,100,,53536,13,0,23 24,1,100,,53537,13,0,23 24,1,100,,53538,13,0,23 24,1,100,,53539,13,0,23 24,1,100,,53540,13,0,23 24,1,100,,53546,13,,,1,32,,53533,13,0,25,1,68,,53547,13,,,1,30,,53551,13,,,1,60,,53534,13,0,25,1,10,,53548,13,,,1,32,,53552,13,,,1,83,,53541,13,0,23 24,1,85,,53542,13,0,23 24,1,100,,53543,13,0,23 24,1,100,,53544,13,0,23 24,1,100,,53545,13,0,23 24,1,100,,53549,13,,,1,100,,53550,13,,,1
700,'20260826',918,,53555,13,0,23 24,1,100,,53556,13,0,23 24,1,100,,53557,13,0,23 24,1,100,,53558,13,0,23 24,1,100,,53559,13,0,23 24,1,100,,53560,13,0,23 24,1,100,,53566,13,,,1,32,,53553,13,0,25,1,68,,53567,13,,,1,30,,53571,13,,,1,60,,53554,13,0,25,1,10,,53568,13,,,1,32,,53572,13,,,1,83,,53561,13,0,23 24,1,85,,53562,13,0,23 24,1,100,,53563,13,0,23 24,1,100,,53564,13,0,23 24,1,100,,53565,13,0,23 24,1,100,,53569,13,,,1,100,,53570,13,,,1
700,'20260827',918,,53575,13,0,23 24,1,100,,53576,13,0,23 24,1,100,,53577,13,0,23 24,1,100,,53578,13,0,23 24,1,100,,53579,13,0,23 24,1,100,,53580,13,0,23 24,1,100,,53586,13,,,1,32,,53573,13,0,25,1,68,,53587,13,,,1,30,,53591,13,,,1,60,,53574,13,0,25,1,10,,53588,13,,,1,32,,53592,13,,,1,83,,53581,13,0,23 24,1,85,,53582,13,0,23 24,1,100,,53583,13,0,23 24,1,100,,53584,13,0,23 24,1,100,,53585,13,0,23 24,1,100,,53589,13,,,1,100,,53590,13,,,1
700,'20260828',918,,53595,13,0,23 24,1,100,,53596,13,0,23 24,1,100,,53597,13,0,23 24,1,100,,53598,13,0,23 24,1,100,,53599,13,0,23 24,1,100,,53600,13,0,23 24,1,100,,53606,13,,,1,32,,53593,13,0,25,1,68,,53607,13,,,1,30,,53611,13,,,1,60,,53594,13,0,25,1,10,,53608,13,,,1,32,,53612,13,,,1,83,,53601,13,0,23 24,1,85,,53602,13,0,23 24,1,100,,53603,13,0,23 24,1,100,,53604,13,0,23 24,1,100,,53605,13,0,23 24,1,100,,53609,13,,,1,100,,53610,13,,,1
700,'20260829',918,,53613,13,0,23 24,1,100,,53614,13,0,23 24,1,100,,53615,13,0,23 24,1,100,,53616,13,0,23 24,1,100,,53617,13,0,23 24,1,100,,53618,13,0,23 24,1,100,,53619,13,0,23 24,1,100,,53620,13,0,23 24,1,100,,53621,13,0,23 24,1,100,,53622,13,0,23 24,1,100,,53623,13,0,23 24,1,100,,53624,13,0,23 24,1,100,,53625,13,,,1,100,,53626,13,,,1,100,,53627,13,,,1
700,'20260830',918,,53628,13,0,23 24,1,100,,53629,13,0,23 24,1,100,,53630,13,0,23 24,1,100,,53631,13,0,23 24,1,100,,53632,13,0,23 24,1,100,,53633,13,0,23 24,1,100,,53634,13,0,23 24,1,100,,53635,13,0,23 24,1,100,,53636,13,0,23 24,1,100,,53637,13,0,23 24,1,100,,53638,13,0,23 24,1,100,,53639,13,0,23 24,1,100,,53640,13,,,1,100,,53641,13,,,1,100,,53642,13,,,1
700,'20260831',918,,53645,13,0,23 24,1,100,,53646,13,0,23 24,1,100,,53647,13,0,23 24,1,100,,53648,13,0,23 24,1,100,,53649,13,0,23 24,1,100,,53650,13,0,23 24,1,100,,65285,13,,,1,32,,65281,13,0,25,1,68,,65286,13,,,1,30,,65289,13,,,1,60,,65282,13,0,25,1,10,,65287,13,,,1,32,,65290,13,,,1,83,,53651,13,0,23 24,1,85,,53652,13,0,23 24,1,100,,53653,13,0,23 24,1,100,,65283,13,0,23 24,1,100,,65284,13,0,23 24,1,100,,53659,13,,,1,100,,65288,13,,,1
700,'20260901',918,,53665,13,0,23 24,1,100,,53666,13,0,23 24,1,100,,53667,13,0,23 24,1,100,,53668,13,0,23 24,1,100,,53669,13,0,23 24,1,100,,53670,13,0,23 24,1,100,,53676,13,,,1,32,,53663,13,0,25,1,68,,53677,13,,,1,30,,53681,13,,,1,60,,53664,13,0,25,1,10,,53678,13,,,1,32,,53682,13,,,1,83,,53671,13,0,23 24,1,85,,53672,13,0,23 24,1,100,,53673,13,0,23 24,1,100,,53674,13,0,23 24,1,100,,53675,13,0,23 24,1,100,,53679,13,,,1,100,,53680,13,,,1
700,'20260902',918,,53685,13,0,23 24,1,100,,53686,13,0,23 24,1,100,,53687,13,0,23 24,1,100,,53688,13,0,23 24,1,100,,53689,13,0,23 24,1,100,,53690,13,0,23 24,1,100,,53696,13,,,1,32,,53683,13,0,25,1,68,,53697,13,,,1,30,,53701,13,,,1,60,,53684,13,0,25,1,10,,53698,13,,,1,32,,53702,13,,,1,83,,53691,13,0,23 24,1,85,,53692,13,0,23 24,1,100,,53693,13,0,23 24,1,100,,53694,13,0,23 24,1,100,,53695,13,0,23 24,1,100,,53699,13,,,1,100,,53700,13,,,1
700,'20260903',918,,53705,13,0,23 24,1,100,,53706,13,0,23 24,1,100,,53707,13,0,23 24,1,100,,53708,13,0,23 24,1,100,,53709,13,0,23 24,1,100,,53710,13,0,23 24,1,100,,53716,13,,,1,32,,53703,13,0,25,1,68,,53717,13,,,1,30,,53721,13,,,1,60,,53704,13,0,25,1,10,,53718,13,,,1,32,,53722,13,,,1,83,,53711,13,0,23 24,1,85,,53712,13,0,23 24,1,100,,53713,13,0,23 24,1,100,,53714,13,0,23 24,1,100,,53715,13,0,23 24,1,100,,53719,13,,,1,100,,53720,13,,,1
700,'20260904',918,,53725,13,0,23 24,1,100,,53726,13,0,23 24,1,100,,53727,13,0,23 24,1,100,,53728,13,0,23 24,1,100,,53729,13,0,23 24,1,100,,53730,13,0,23 24,1,100,,53736,13,,,1,32,,53723,13,0,25,1,68,,53737,13,,,1,30,,53741,13,,,1,60,,53724,13,0,25,1,10,,53738,13,,,1,32,,53742,13,,,1,83,,53731,13,0,23 24,1,85,,53732,13,0,23 24,1,100,,53733,13,0,23 24,1,100,,53734,13,0,23 24,1,100,,53735,13,0,23 24,1,100,,53739,13,,,1,100,,53740,13,,,1
701,'20260819',601,,54961,16,,,1,100,,54962,16,,,1,30,,54966,16,,,1,70,,54963,16,,,1,20,,54950,8,,,1,10,,54967,16,,,1,70,,54964,16,,,1,100,,54965,16,,,1,100,,54951,13,,,1,100,,54952,13,,,1,100,,54953,13,,,1,100,,54954,13,,,1,100,,54955,13,,,1,100,,54956,13,,,1,200,,54949,8,,,1,200,,54957,13,,,1,100,,54958,13,,,1,100,,54959,13,,,1,100,,54960,13,,,1
701,'20260820',601,,54980,16,,,1,100,,54981,16,,,1,30,,54985,16,,,1,70,,54982,16,,,1,20,,54969,8,,,1,10,,54986,16,,,1,70,,54983,16,,,1,100,,54984,16,,,1,100,,54970,13,,,1,100,,54971,13,,,1,100,,54972,13,,,1,100,,54973,13,,,1,100,,54974,13,,,1,100,,54975,13,,,1,200,,54968,8,,,1,200,,54976,13,,,1,100,,54977,13,,,1,100,,54978,13,,,1,100,,54979,13,,,1
701,'20260821',601,,54999,16,,,1,100,,55000,16,,,1,30,,55004,16,,,1,70,,55001,16,,,1,20,,54988,8,,,1,10,,55005,16,,,1,70,,55002,16,,,1,100,,55003,16,,,1,100,,54989,13,,,1,100,,54990,13,,,1,100,,54991,13,,,1,100,,54992,13,,,1,100,,54993,13,,,1,100,,54994,13,,,1,57,,65602,8,,,1,143,,54987,8,,,1,200,,54995,13,,,1,100,,54996,13,,,1,100,,54997,13,,,1,100,,54998,13,,,1
701,'20260822',801,,55018,16,,,1,100,,55019,16,,,1,100,,55020,16,,,1,100,,55006,13,,,1,100,,55007,13,,,1,100,,55008,13,,,1,100,,55009,13,,,1,100,,55010,13,,,1,100,,55011,13,,,1,100,,55012,13,,,1,100,,55013,13,,,1,100,,55014,13,,,1,100,,55015,13,,,1,100,,55016,13,,,1,100,,55017,13,,,1
701,'20260823',801,,55033,16,,,1,100,,55034,16,,,1,100,,55035,16,,,1,100,,55021,13,,,1,100,,55022,13,,,1,100,,55023,13,,,1,100,,55024,13,,,1,100,,55025,13,,,1,100,,55026,13,,,1,100,,55027,13,,,1,100,,55028,13,,,1,100,,55029,13,,,1,100,,55030,13,,,1,100,,55031,13,,,1,100,,55032,13,,,1
701,'20260824',601,,65308,16,,,1,100,,65309,16,,,1,30,,65310,16,,,1,70,,55050,16,,,1,20,,65306,8,,,1,10,,65311,16,,,1,70,,55051,16,,,1,100,,55052,16,,,1,100,,55038,13,,,1,100,,55039,13,,,1,100,,55040,13,,,1,100,,55041,13,,,1,100,,55042,13,,,1,100,,55043,13,,,1,57,,65603,8,,,1,143,,65305,8,,,1,200,,55044,13,,,1,100,,55045,13,,,1,100,,55046,13,,,1,100,,65307,13,,,1
701,'20260825',601,,55067,16,,,1,100,,55068,16,,,1,30,,55072,16,,,1,70,,55069,16,,,1,20,,55056,8,,,1,10,,55073,16,,,1,70,,55070,16,,,1,100,,55071,16,,,1,100,,55057,13,,,1,100,,55058,13,,,1,100,,55059,13,,,1,100,,55060,13,,,1,100,,55061,13,,,1,100,,55062,13,,,1,57,,65604,8,,,1,143,,55055,8,,,1,200,,55063,13,,,1,100,,55064,13,,,1,100,,55065,13,,,1,100,,55066,13,,,1
701,'20260826',601,,55086,16,,,1,100,,55087,16,,,1,30,,55091,16,,,1,70,,55088,16,,,1,20,,55075,8,,,1,10,,55092,16,,,1,70,,55089,16,,,1,100,,55090,16,,,1,100,,55076,13,,,1,100,,55077,13,,,1,100,,55078,13,,,1,100,,55079,13,,,1,100,,55080,13,,,1,100,,55081,13,,,1,57,,65605,8,,,1,143,,55074,8,,,1,200,,55082,13,,,1,100,,55083,13,,,1,100,,55084,13,,,1,100,,55085,13,,,1
701,'20260827',601,,55105,16,,,1,100,,55106,16,,,1,30,,55110,16,,,1,70,,55107,16,,,1,20,,55094,8,,,1,10,,55111,16,,,1,70,,55108,16,,,1,100,,55109,16,,,1,100,,55095,13,,,1,100,,55096,13,,,1,100,,55097,13,,,1,100,,55098,13,,,1,100,,55099,13,,,1,100,,55100,13,,,1,57,,65606,8,,,1,143,,55093,8,,,1,200,,55101,13,,,1,100,,55102,13,,,1,100,,55103,13,,,1,100,,55104,13,,,1
701,'20260828',601,,55124,16,,,1,100,,55125,16,,,1,30,,55129,16,,,1,70,,55126,16,,,1,20,,55113,8,,,1,10,,55130,16,,,1,70,,55127,16,,,1,100,,55128,16,,,1,100,,55114,13,,,1,100,,55115,13,,,1,100,,55116,13,,,1,100,,55117,13,,,1,100,,55118,13,,,1,100,,55119,13,,,1,57,,65607,8,,,1,143,,55112,8,,,1,200,,55120,13,,,1,100,,55121,13,,,1,100,,55122,13,,,1,100,,55123,13,,,1
701,'20260829',801,,55143,16,,,1,100,,55144,16,,,1,100,,55145,16,,,1,100,,55131,13,,,1,100,,55132,13,,,1,100,,55133,13,,,1,100,,55134,13,,,1,100,,55135,13,,,1,100,,55136,13,,,1,100,,55137,13,,,1,100,,55138,13,,,1,100,,55139,13,,,1,100,,55140,13,,,1,100,,55141,13,,,1,100,,55142,13,,,1
701,'20260830',801,,55158,16,,,1,100,,55159,16,,,1,100,,55160,16,,,1,100,,55146,13,,,1,100,,55147,13,,,1,100,,55148,13,,,1,100,,55149,13,,,1,100,,55150,13,,,1,100,,55151,13,,,1,100,,55152,13,,,1,100,,55153,13,,,1,100,,55154,13,,,1,100,,55155,13,,,1,100,,55156,13,,,1,100,,55157,13,,,1
701,'20260831',601,,65315,16,,,1,100,,65316,16,,,1,30,,65317,16,,,1,70,,55175,16,,,1,20,,65313,8,,,1,10,,65318,16,,,1,70,,55176,16,,,1,100,,55177,16,,,1,100,,55163,13,,,1,100,,55164,13,,,1,100,,55165,13,,,1,100,,55166,13,,,1,100,,55167,13,,,1,100,,55168,13,,,1,57,,65608,8,,,1,143,,65312,8,,,1,200,,55169,13,,,1,100,,55170,13,,,1,100,,55171,13,,,1,100,,65314,13,,,1
701,'20260901',601,,55192,16,,,1,100,,55193,16,,,1,30,,55197,16,,,1,70,,55194,16,,,1,20,,55181,8,,,1,10,,55198,16,,,1,70,,55195,16,,,1,100,,55196,16,,,1,100,,55182,13,,,1,100,,55183,13,,,1,100,,55184,13,,,1,100,,55185,13,,,1,100,,55186,13,,,1,100,,55187,13,,,1,57,,65609,8,,,1,143,,55180,8,,,1,200,,55188,13,,,1,100,,55189,13,,,1,100,,55190,13,,,1,100,,55191,13,,,1
701,'20260902',601,,55211,16,,,1,100,,55212,16,,,1,30,,55216,16,,,1,70,,55213,16,,,1,20,,55200,8,,,1,10,,55217,16,,,1,70,,55214,16,,,1,100,,55215,16,,,1,100,,55201,13,,,1,100,,55202,13,,,1,100,,55203,13,,,1,100,,55204,13,,,1,100,,55205,13,,,1,100,,55206,13,,,1,57,,65610,8,,,1,143,,55199,8,,,1,200,,55207,13,,,1,100,,55208,13,,,1,100,,55209,13,,,1,100,,55210,13,,,1
701,'20260903',601,,55230,16,,,1,100,,55231,16,,,1,30,,55235,16,,,1,70,,55232,16,,,1,20,,55219,8,,,1,10,,55236,16,,,1,70,,55233,16,,,1,100,,55234,16,,,1,100,,55220,13,,,1,100,,55221,13,,,1,100,,55222,13,,,1,100,,55223,13,,,1,100,,55224,13,,,1,100,,55225,13,,,1,57,,65611,8,,,1,143,,55218,8,,,1,200,,55226,13,,,1,100,,55227,13,,,1,100,,55228,13,,,1,100,,55229,13,,,1
701,'20260904',601,,55249,16,,,1,100,,55250,16,,,1,30,,55254,16,,,1,70,,55251,16,,,1,20,,55238,8,,,1,10,,55255,16,,,1,70,,55252,16,,,1,100,,55253,16,,,1,100,,55239,13,,,1,100,,55240,13,,,1,100,,55241,13,,,1,100,,55242,13,,,1,100,,55243,13,,,1,100,,55244,13,,,1,57,,65612,8,,,1,143,,55237,8,,,1,200,,55245,13,,,1,100,,55246,13,,,1,100,,55247,13,,,1,100,,55248,13,,,1
