700,'20260821',945,,53465,22,0,23 24,1,100,,53466,22,0,23 24,1,100,,53467,22,0,23 24,1,100,,53468,22,0,23 24,1,100,,53469,22,0,23 24,1,100,,53470,22,0,23 24,1,100,,53476,22,,,1,100,,53477,22,,,1,70,,53481,22,,,1,30,,53478,22,,,1,72,,53482,22,,,1,83,,53471,22,0,23 24,1,45,,53472,22,0,23 24,1,100,,53473,22,0,23 24,1,100,,53474,22,0,23 24,1,100,,53475,22,0,23 24,1,99,,53479,22,,,1,100,,53480,22,,,1
700,'20260822',944,,53483,22,0,23 24,1,100,,53484,22,0,23 24,1,100,,53485,22,0,23 24,1,100,,53486,22,0,23 24,1,100,,53487,22,0,23 24,1,100,,53488,22,0,23 24,1,100,,53489,22,0,23 24,1,100,,53490,22,0,23 24,1,100,,53491,22,0,23 24,1,100,,53492,22,0,23 24,1,100,,53493,22,0,23 24,1,100,,53494,22,0,23 24,1,100,,53495,22,,,1,100,,53496,22,,,1,100,,53497,22,,,1
700,'20260823',944,,53498,22,0,23 24,1,100,,53499,22,0,23 24,1,100,,53500,22,0,23 24,1,100,,53501,22,0,23 24,1,100,,53502,22,0,23 24,1,100,,53503,22,0,23 24,1,100,,53504,22,0,23 24,1,100,,53505,22,0,23 24,1,100,,53506,22,0,23 24,1,100,,53507,22,0,23 24,1,100,,53508,22,0,23 24,1,100,,53509,22,0,23 24,1,100,,53510,22,,,1,100,,53511,22,,,1,100,,53512,22,,,1
700,'20260824',945,,53515,22,0,23 24,1,100,,53516,22,0,23 24,1,100,,53517,22,0,23 24,1,100,,53518,22,0,23 24,1,100,,53519,22,0,23 24,1,100,,53520,22,0,23 24,1,100,,65275,22,,,1,100,,65276,22,,,1,70,,65279,22,,,1,30,,65277,22,,,1,72,,65280,22,,,1,83,,53521,22,0,23 24,1,45,,53522,22,0,23 24,1,100,,53523,22,0,23 24,1,100,,65273,22,0,23 24,1,100,,65274,22,0,23 24,1,99,,53529,22,,,1,100,,65278,22,,,1
700,'20260825',945,,53535,22,0,23 24,1,100,,53536,22,0,23 24,1,100,,53537,22,0,23 24,1,100,,53538,22,0,23 24,1,100,,53539,22,0,23 24,1,100,,53540,22,0,23 24,1,100,,53546,22,,,1,100,,53547,22,,,1,70,,53551,22,,,1,30,,53548,22,,,1,72,,53552,22,,,1,83,,53541,22,0,23 24,1,45,,53542,22,0,23 24,1,100,,53543,22,0,23 24,1,100,,53544,22,0,23 24,1,100,,53545,22,0,23 24,1,99,,53549,22,,,1,100,,53550,22,,,1
700,'20260826',945,,53555,22,0,23 24,1,100,,53556,22,0,23 24,1,100,,53557,22,0,23 24,1,100,,53558,22,0,23 24,1,100,,53559,22,0,23 24,1,100,,53560,22,0,23 24,1,100,,53566,22,,,1,100,,53567,22,,,1,70,,53571,22,,,1,30,,53568,22,,,1,72,,53572,22,,,1,83,,53561,22,0,23 24,1,45,,53562,22,0,23 24,1,100,,53563,22,0,23 24,1,100,,53564,22,0,23 24,1,100,,53565,22,0,23 24,1,99,,53569,22,,,1,100,,53570,22,,,1
700,'20260827',945,,53575,22,0,23 24,1,100,,53576,22,0,23 24,1,100,,53577,22,0,23 24,1,100,,53578,22,0,23 24,1,100,,53579,22,0,23 24,1,100,,53580,22,0,23 24,1,100,,53586,22,,,1,100,,53587,22,,,1,70,,53591,22,,,1,30,,53588,22,,,1,72,,53592,22,,,1,83,,53581,22,0,23 24,1,45,,53582,22,0,23 24,1,100,,53583,22,0,23 24,1,100,,53584,22,0,23 24,1,100,,53585,22,0,23 24,1,99,,53589,22,,,1,100,,53590,22,,,1
700,'20260828',945,,53595,22,0,23 24,1,100,,53596,22,0,23 24,1,100,,53597,22,0,23 24,1,100,,53598,22,0,23 24,1,100,,53599,22,0,23 24,1,100,,53600,22,0,23 24,1,100,,53606,22,,,1,100,,53607,22,,,1,70,,53611,22,,,1,30,,53608,22,,,1,72,,53612,22,,,1,83,,53601,22,0,23 24,1,45,,53602,22,0,23 24,1,100,,53603,22,0,23 24,1,100,,53604,22,0,23 24,1,100,,53605,22,0,23 24,1,99,,53609,22,,,1,100,,53610,22,,,1
700,'20260829',944,,53613,22,0,23 24,1,100,,53614,22,0,23 24,1,100,,53615,22,0,23 24,1,100,,53616,22,0,23 24,1,100,,53617,22,0,23 24,1,100,,53618,22,0,23 24,1,100,,53619,22,0,23 24,1,100,,53620,22,0,23 24,1,100,,53621,22,0,23 24,1,100,,53622,22,0,23 24,1,100,,53623,22,0,23 24,1,100,,53624,22,0,23 24,1,100,,53625,22,,,1,100,,53626,22,,,1,100,,53627,22,,,1
700,'20260830',944,,53628,22,0,23 24,1,100,,53629,22,0,23 24,1,100,,53630,22,0,23 24,1,100,,53631,22,0,23 24,1,100,,53632,22,0,23 24,1,100,,53633,22,0,23 24,1,100,,53634,22,0,23 24,1,100,,53635,22,0,23 24,1,100,,53636,22,0,23 24,1,100,,53637,22,0,23 24,1,100,,53638,22,0,23 24,1,100,,53639,22,0,23 24,1,100,,53640,22,,,1,100,,53641,22,,,1,100,,53642,22,,,1
700,'20260831',945,,53645,22,0,23 24,1,100,,53646,22,0,23 24,1,100,,53647,22,0,23 24,1,100,,53648,22,0,23 24,1,100,,53649,22,0,23 24,1,100,,53650,22,0,23 24,1,100,,65285,22,,,1,100,,65286,22,,,1,70,,65289,22,,,1,30,,65287,22,,,1,72,,65290,22,,,1,83,,53651,22,0,23 24,1,45,,53652,22,0,23 24,1,100,,53653,22,0,23 24,1,100,,65283,22,0,23 24,1,100,,65284,22,0,23 24,1,99,,53659,22,,,1,100,,65288,22,,,1
700,'20260901',945,,53665,22,0,23 24,1,100,,53666,22,0,23 24,1,100,,53667,22,0,23 24,1,100,,53668,22,0,23 24,1,100,,53669,22,0,23 24,1,100,,53670,22,0,23 24,1,100,,53676,22,,,1,100,,53677,22,,,1,70,,53681,22,,,1,30,,53678,22,,,1,72,,53682,22,,,1,83,,53671,22,0,23 24,1,45,,53672,22,0,23 24,1,100,,53673,22,0,23 24,1,100,,53674,22,0,23 24,1,100,,53675,22,0,23 24,1,99,,53679,22,,,1,100,,53680,22,,,1
700,'20260902',945,,53685,22,0,23 24,1,100,,53686,22,0,23 24,1,100,,53687,22,0,23 24,1,100,,53688,22,0,23 24,1,100,,53689,22,0,23 24,1,100,,53690,22,0,23 24,1,100,,53696,22,,,1,100,,53697,22,,,1,70,,53701,22,,,1,30,,53698,22,,,1,72,,53702,22,,,1,83,,53691,22,0,23 24,1,45,,53692,22,0,23 24,1,100,,53693,22,0,23 24,1,100,,53694,22,0,23 24,1,100,,53695,22,0,23 24,1,99,,53699,22,,,1,100,,53700,22,,,1
700,'20260903',945,,53705,22,0,23 24,1,100,,53706,22,0,23 24,1,100,,53707,22,0,23 24,1,100,,53708,22,0,23 24,1,100,,53709,22,0,23 24,1,100,,53710,22,0,23 24,1,100,,53716,22,,,1,100,,53717,22,,,1,70,,53721,22,,,1,30,,53718,22,,,1,72,,53722,22,,,1,83,,53711,22,0,23 24,1,45,,53712,22,0,23 24,1,100,,53713,22,0,23 24,1,100,,53714,22,0,23 24,1,100,,53715,22,0,23 24,1,99,,53719,22,,,1,100,,53720,22,,,1
700,'20260904',945,,53725,22,0,23 24,1,100,,53726,22,0,23 24,1,100,,53727,22,0,23 24,1,100,,53728,22,0,23 24,1,100,,53729,22,0,23 24,1,100,,53730,22,0,23 24,1,100,,53736,22,,,1,100,,53737,22,,,1,70,,53741,22,,,1,30,,53738,22,,,1,72,,53742,22,,,1,83,,53731,22,0,23 24,1,45,,53732,22,0,23 24,1,100,,53733,22,0,23 24,1,100,,53734,22,0,23 24,1,100,,53735,22,0,23 24,1,99,,53739,22,,,1,100,,53740,22,,,1
701,'20260821',534,,54999,7,,,1,100,,55000,7,,,1,70,,55004,7,,,1,30,,55001,7,,,1,70,,55005,7,,,1,30,,55002,7,,,1,100,,55003,7,,,1,100,,54989,4,,,1,100,,54990,4,,,1,100,,54991,4,,,1,100,,54992,4,,,1,100,,54993,4,,,1,100,,54994,4,,,1,400,,54995,4,,,1,100,,54996,4,,,1,100,,54997,4,,,1,100,,54998,4,,,1
701,'20260822',735,,55018,7,,,1,100,,55019,7,,,1,100,,55020,7,,,1,100,,55006,4,,,1,100,,55007,4,,,1,100,,55008,4,,,1,100,,55009,4,,,1,100,,55010,4,,,1,100,,55011,4,,,1,100,,55012,4,,,1,100,,55013,4,,,1,100,,55014,4,,,1,100,,55015,4,,,1,100,,55016,4,,,1,100,,55017,4,,,1
701,'20260823',735,,55033,7,,,1,100,,55034,7,,,1,100,,55035,7,,,1,100,,55021,4,,,1,100,,55022,4,,,1,100,,55023,4,,,1,100,,55024,4,,,1,100,,55025,4,,,1,100,,55026,4,,,1,100,,55027,4,,,1,100,,55028,4,,,1,100,,55029,4,,,1,100,,55030,4,,,1,100,,55031,4,,,1,100,,55032,4,,,1
701,'20260824',534,,65308,7,,,1,100,,65309,7,,,1,70,,65310,7,,,1,30,,55050,7,,,1,70,,65311,7,,,1,30,,55051,7,,,1,100,,55052,7,,,1,100,,55038,4,,,1,100,,55039,4,,,1,100,,55040,4,,,1,100,,55041,4,,,1,100,,55042,4,,,1,100,,55043,4,,,1,400,,55044,4,,,1,100,,55045,4,,,1,100,,55046,4,,,1,100,,65307,4,,,1
701,'20260825',534,,55067,7,,,1,100,,55068,7,,,1,70,,55072,7,,,1,30,,55069,7,,,1,70,,55073,7,,,1,30,,55070,7,,,1,100,,55071,7,,,1,100,,55057,4,,,1,100,,55058,4,,,1,100,,55059,4,,,1,100,,55060,4,,,1,100,,55061,4,,,1,100,,55062,4,,,1,400,,55063,4,,,1,100,,55064,4,,,1,100,,55065,4,,,1,100,,55066,4,,,1
701,'20260826',534,,55086,7,,,1,100,,55087,7,,,1,70,,55091,7,,,1,30,,55088,7,,,1,70,,55092,7,,,1,30,,55089,7,,,1,100,,55090,7,,,1,100,,55076,4,,,1,100,,55077,4,,,1,100,,55078,4,,,1,100,,55079,4,,,1,100,,55080,4,,,1,100,,55081,4,,,1,400,,55082,4,,,1,100,,55083,4,,,1,100,,55084,4,,,1,100,,55085,4,,,1
701,'20260827',534,,55105,7,,,1,100,,55106,7,,,1,70,,55110,7,,,1,30,,55107,7,,,1,70,,55111,7,,,1,30,,55108,7,,,1,100,,55109,7,,,1,100,,55095,4,,,1,100,,55096,4,,,1,100,,55097,4,,,1,100,,55098,4,,,1,100,,55099,4,,,1,100,,55100,4,,,1,400,,55101,4,,,1,100,,55102,4,,,1,100,,55103,4,,,1,100,,55104,4,,,1
701,'20260828',534,,55124,7,,,1,100,,55125,7,,,1,70,,55129,7,,,1,30,,55126,7,,,1,70,,55130,7,,,1,30,,55127,7,,,1,100,,55128,7,,,1,100,,55114,4,,,1,100,,55115,4,,,1,100,,55116,4,,,1,100,,55117,4,,,1,100,,55118,4,,,1,100,,55119,4,,,1,400,,55120,4,,,1,100,,55121,4,,,1,100,,55122,4,,,1,100,,55123,4,,,1
701,'20260829',735,,55143,7,,,1,100,,55144,7,,,1,100,,55145,7,,,1,100,,55131,4,,,1,100,,55132,4,,,1,100,,55133,4,,,1,100,,55134,4,,,1,100,,55135,4,,,1,100,,55136,4,,,1,100,,55137,4,,,1,100,,55138,4,,,1,100,,55139,4,,,1,100,,55140,4,,,1,100,,55141,4,,,1,100,,55142,4,,,1
701,'20260830',735,,55158,7,,,1,100,,55159,7,,,1,100,,55160,7,,,1,100,,55146,4,,,1,100,,55147,4,,,1,100,,55148,4,,,1,100,,55149,4,,,1,100,,55150,4,,,1,100,,55151,4,,,1,100,,55152,4,,,1,100,,55153,4,,,1,100,,55154,4,,,1,100,,55155,4,,,1,100,,55156,4,,,1,100,,55157,4,,,1
701,'20260831',534,,65315,7,,,1,100,,65316,7,,,1,70,,65317,7,,,1,30,,55175,7,,,1,70,,65318,7,,,1,30,,55176,7,,,1,100,,55177,7,,,1,100,,55163,4,,,1,100,,55164,4,,,1,100,,55165,4,,,1,100,,55166,4,,,1,100,,55167,4,,,1,100,,55168,4,,,1,400,,55169,4,,,1,100,,55170,4,,,1,100,,55171,4,,,1,100,,65314,4,,,1
701,'20260901',534,,55192,7,,,1,100,,55193,7,,,1,70,,55197,7,,,1,30,,55194,7,,,1,70,,55198,7,,,1,30,,55195,7,,,1,100,,55196,7,,,1,100,,55182,4,,,1,100,,55183,4,,,1,100,,55184,4,,,1,100,,55185,4,,,1,100,,55186,4,,,1,100,,55187,4,,,1,400,,55188,4,,,1,100,,55189,4,,,1,100,,55190,4,,,1,100,,55191,4,,,1
701,'20260902',534,,55211,7,,,1,100,,55212,7,,,1,70,,55216,7,,,1,30,,55213,7,,,1,70,,55217,7,,,1,30,,55214,7,,,1,100,,55215,7,,,1,100,,55201,4,,,1,100,,55202,4,,,1,100,,55203,4,,,1,100,,55204,4,,,1,100,,55205,4,,,1,100,,55206,4,,,1,400,,55207,4,,,1,100,,55208,4,,,1,100,,55209,4,,,1,100,,55210,4,,,1
701,'20260903',534,,55230,7,,,1,100,,55231,7,,,1,70,,55235,7,,,1,30,,55232,7,,,1,70,,55236,7,,,1,30,,55233,7,,,1,100,,55234,7,,,1,100,,55220,4,,,1,100,,55221,4,,,1,100,,55222,4,,,1,100,,55223,4,,,1,100,,55224,4,,,1,100,,55225,4,,,1,400,,55226,4,,,1,100,,55227,4,,,1,100,,55228,4,,,1,100,,55229,4,,,1
701,'20260904',534,,55249,7,,,1,100,,55250,7,,,1,70,,55254,7,,,1,30,,55251,7,,,1,70,,55255,7,,,1,30,,55252,7,,,1,100,,55253,7,,,1,100,,55239,4,,,1,100,,55240,4,,,1,100,,55241,4,,,1,100,,55242,4,,,1,100,,55243,4,,,1,100,,55244,4,,,1,400,,55245,4,,,1,100,,55246,4,,,1,100,,55247,4,,,1,100,,55248,4,,,1
