100,'20260929',1903,,66790,53,0,19 20,1
100,'20260930',1903,,66836,53,0,19 20,1
100,'20261001',1903,,66882,53,0,19 20,1
100,'20261002',1903,,66930,53,0,19 20,1
100,'20261003',1105,,66964,53,0,19 20,1,205,,66965,53,0,19 20,1,595,,66966,53,0,19 20,1,215,,66967,53,0,19 20,1
100,'20261004',1105,,67000,53,0,19 20,1,205,,67001,53,0,19 20,1,595,,67002,53,0,19 20,1,215,,67003,53,0,19 20,1
100,'20261005',1903,,67049,53,0,19 20,1
100,'20261006',1903,,67095,53,0,19 20,1
100,'20261007',1903,,67141,53,0,19 20,1
100,'20261008',1903,,67187,53,0,19 20,1
100,'20261009',1903,,67235,53,0,19 20,1
100,'20261010',1105,,67269,53,0,19 20,1,205,,67270,53,0,19 20,1,595,,67271,53,0,19 20,1,215,,67272,53,0,19 20,1
100,'20261011',1105,,67305,53,0,19 20,1,205,,67306,53,0,19 20,1,595,,67307,53,0,19 20,1,215,,67308,53,0,19 20,1
100,'20261012',1105,,92415,53,0,19 20,1,205,,92416,53,0,19 20,1,595,,67354,53,0,19 20,1,215,,92417,53,0,19 20,1
100,'20261013',1903,,67400,53,0,19 20,1
100,'20261014',1903,,67446,53,0,19 20,1
100,'20261015',1903,,67492,53,0,19 20,1
100,'20261016',1903,,67540,53,0,19 20,1
100,'20261017',1122,,67574,20,0,19 20,1,205,,67575,20,0,19 20,1,595,,67576,20,0,19 20,1,215,,67577,20,0,19 20,1
100,'20261018',1122,,67610,20,0,19 20,1,205,,67611,20,0,19 20,1,595,,67612,20,0,19 20,1,215,,67613,20,0,19 20,1
100,'20261019',1905,,67659,53,0,19 20,1
100,'20261020',1903,,67705,53,0,19 20,1
100,'20261021',1903,,67751,53,0,19 20,1
100,'20261022',1903,,67797,53,0,19 20,1
100,'20261023',1903,,67845,53,0,19 20,1
100,'20261024',1105,,67879,53,0,19 20,1,205,,67880,53,0,19 20,1,595,,67881,53,0,19 20,1,215,,67882,53,0,19 20,1
100,'20261025',1122,,67915,20,0,19 20,1,205,,67916,20,0,19 20,1,595,,67917,20,0,19 20,1,215,,67918,20,0,19 20,1
100,'20261026',1905,,67964,53,0,19 20,1
100,'20261027',1903,,68010,53,0,19 20,1
100,'20261028',1903,,68056,53,0,19 20,1
100,'20261029',1903,,68102,53,0,19 20,1
100,'20261030',1903,,68150,53,0,19 20,1
100,'20261031',1105,,68184,53,0,19 20,1,205,,68185,53,0,19 20,1,595,,68186,53,0,19 20,1,215,,68187,53,0,19 20,1
100,'20261101',1122,,68220,20,0,19 20,1,205,,68221,20,0,19 20,1,595,,68222,20,0,19 20,1,215,,68223,20,0,19 20,1
100,'20261102',1905,,68269,53,0,19 20,1
100,'20261103',1903,,68315,53,0,19 20,1
100,'20261104',1903,,68361,53,0,19 20,1
100,'20261105',1903,,68407,53,0,19 20,1
100,'20261106',1903,,68455,53,0,19 20,1
100,'20261107',1105,,68489,53,0,19 20,1,205,,68490,53,0,19 20,1,595,,68491,53,0,19 20,1,215,,68492,53,0,19 20,1
100,'20261108',1122,,68525,20,0,19 20,1,205,,68526,20,0,19 20,1,595,,68527,20,0,19 20,1,215,,68528,20,0,19 20,1
100,'20261109',1905,,68574,53,0,19 20,1
100,'20261110',1903,,68620,53,0,19 20,1
100,'20261111',1903,,68666,53,0,19 20,1
100,'20261112',1903,,68712,53,0,19 20,1
100,'20261113',1903,,68760,53,0,19 20,1
100,'20261114',1105,,68794,53,0,19 20,1,205,,68795,53,0,19 20,1,595,,68796,53,0,19 20,1,215,,68797,53,0,19 20,1
100,'20261115',1122,,68830,20,0,19 20,1,205,,68831,20,0,19 20,1,595,,68832,20,0,19 20,1,215,,68833,20,0,19 20,1
100,'20261116',1905,,68879,53,0,19 20,1
100,'20261117',1903,,68925,53,0,19 20,1
100,'20261118',1903,,68971,53,0,19 20,1
100,'20261119',1903,,69017,53,0,19 20,1
100,'20261120',1903,,69065,53,0,19 20,1
100,'20261121',1105,,69099,53,0,19 20,1,205,,69100,53,0,19 20,1,595,,69101,53,0,19 20,1,215,,69102,53,0,19 20,1
100,'20261122',1122,,69135,20,0,19 20,1,205,,69136,20,0,19 20,1,595,,69137,20,0,19 20,1,215,,69138,20,0,19 20,1
100,'20261123',1905,,69184,53,0,19 20,1
100,'20261124',1903,,69230,53,0,19 20,1
100,'20261125',1903,,69276,53,0,19 20,1
100,'20261126',1903,,69322,53,0,19 20,1
100,'20261127',1903,,69370,53,0,19 20,1
101,'20260929',703,,70496,6,0,21,1
101,'20260930',703,,70542,6,0,21,1
101,'20261001',703,,70588,6,0,21,1
101,'20261002',703,,70636,6,0,21,1
101,'20261003',1221,,70670,6,0,21,1,402,,70671,6,0,21,1,398,,70672,6,0,21,1,215,,70673,6,0,21,1
101,'20261004',1221,,70706,6,0,21,1,402,,70707,6,0,21,1,398,,70708,6,0,21,1,215,,70709,6,0,21,1
101,'20261005',703,,70755,6,0,21,1
101,'20261006',703,,70801,6,0,21,1
101,'20261007',703,,70847,6,0,21,1
101,'20261008',703,,70893,6,0,21,1
101,'20261009',703,,70941,6,0,21,1
101,'20261010',1221,,70975,6,0,21,1,402,,70976,6,0,21,1,398,,70977,6,0,21,1,215,,70978,6,0,21,1
101,'20261011',1221,,71011,6,0,21,1,402,,71012,6,0,21,1,398,,71013,6,0,21,1,215,,71014,6,0,21,1
101,'20261012',1221,,92425,6,0,21,1,402,,92426,6,0,21,1,398,,92427,6,0,21,1,215,,92428,6,0,21,1
101,'20261013',703,,71106,6,0,21,1
101,'20261014',703,,71152,6,0,21,1
101,'20261015',703,,71198,6,0,21,1
101,'20261016',703,,71246,6,0,21,1
101,'20261017',1238,,71280,6,0,22,1,402,,71281,6,0,22,1,398,,71282,6,0,22,1,215,,71283,6,0,22,1
101,'20261018',1238,,71316,6,0,22,1,402,,71317,6,0,22,1,398,,71318,6,0,22,1,215,,71319,6,0,22,1
101,'20261019',702,,71365,6,0,21,1
101,'20261020',703,,71411,6,0,21,1
101,'20261021',703,,71457,6,0,21,1
101,'20261022',703,,71503,6,0,21,1
101,'20261023',703,,71551,6,0,21,1
101,'20261024',1221,,71585,6,0,21,1,402,,71586,6,0,21,1,398,,71587,6,0,21,1,215,,71588,6,0,21,1
101,'20261025',1238,,71621,6,0,22,1,402,,71622,6,0,22,1,398,,71623,6,0,22,1,215,,71624,6,0,22,1
101,'20261026',702,,71670,6,0,21,1
101,'20261027',703,,71716,6,0,21,1
101,'20261028',703,,71762,6,0,21,1
101,'20261029',703,,71808,6,0,21,1
101,'20261030',703,,71856,6,0,21,1
101,'20261031',1221,,71890,6,0,21,1,402,,71891,6,0,21,1,398,,71892,6,0,21,1,215,,71893,6,0,21,1
101,'20261101',1238,,71926,6,0,22,1,402,,71927,6,0,22,1,398,,71928,6,0,22,1,215,,71929,6,0,22,1
101,'20261102',702,,71975,6,0,21,1
101,'20261103',703,,72021,6,0,21,1
101,'20261104',703,,72067,6,0,21,1
101,'20261105',703,,72113,6,0,21,1
101,'20261106',703,,72161,6,0,21,1
101,'20261107',1221,,72195,6,0,21,1,402,,72196,6,0,21,1,398,,72197,6,0,21,1,215,,72198,6,0,21,1
101,'20261108',1238,,72231,6,0,22,1,402,,72232,6,0,22,1,398,,72233,6,0,22,1,215,,72234,6,0,22,1
101,'20261109',702,,72280,6,0,21,1
101,'20261110',703,,72326,6,0,21,1
101,'20261111',703,,72372,6,0,21,1
101,'20261112',703,,72418,6,0,21,1
101,'20261113',703,,72466,6,0,21,1
101,'20261114',1221,,72500,6,0,21,1,402,,72501,6,0,21,1,398,,72502,6,0,21,1,215,,72503,6,0,21,1
101,'20261115',1238,,72536,6,0,22,1,402,,72537,6,0,22,1,398,,72538,6,0,22,1,215,,72539,6,0,22,1
101,'20261116',702,,72585,6,0,21,1
101,'20261117',703,,72631,6,0,21,1
101,'20261118',703,,72677,6,0,21,1
101,'20261119',703,,72723,6,0,21,1
101,'20261120',703,,72771,6,0,21,1
101,'20261121',1221,,72805,6,0,21,1,402,,72806,6,0,21,1,398,,72807,6,0,21,1,215,,72808,6,0,21,1
101,'20261122',1238,,72841,6,0,22,1,402,,72842,6,0,22,1,398,,72843,6,0,22,1,215,,72844,6,0,22,1
101,'20261123',702,,72890,6,0,21,1
101,'20261124',703,,72936,6,0,21,1
101,'20261125',703,,72982,6,0,21,1
101,'20261126',703,,73028,6,0,21,1
101,'20261127',703,,73076,6,0,21,1
