300,'20260917',1059,,74665,13,0,23 26,1,100,,74666,13,0,23 26,1,141,,74679,13,0,35,1,59,,74667,13,0,23 26,1,100,,74668,13,0,23 26,1,100,,74680,13,0,35,1,71,,74655,13,0,7,1,70,,74673,13,0,27,1,30,,74674,13,0,27,1,81,,74684,13,0,35,1,18,,74656,13,0,7,1,30,,74669,13,0,23 26,1,100,,74670,13,0,23 26,1,100,,74671,13,0,23 26,1,100,,74681,13,0,35,1,142,,74682,13,0,35,1,58,,74672,13,0,23 26,1
300,'20260918',1059,,74705,13,0,23 26,1,100,,74706,13,0,23 26,1,141,,74719,13,0,35,1,59,,74707,13,0,23 26,1,100,,74708,13,0,23 26,1,100,,74720,13,0,35,1,71,,74695,13,0,7,1,70,,74713,13,0,27,1,30,,74714,13,0,27,1,81,,74724,13,0,35,1,18,,74696,13,0,7,1,30,,74709,13,0,23 26,1,100,,74710,13,0,23 26,1,100,,74711,13,0,23 26,1,100,,74721,13,0,27,1,142,,74722,13,0,35,1
300,'20260921',958,,74810,13,0,35,1,100,,74797,13,0,23 26,1,100,,74798,13,0,23 26,1,101,,74811,13,0,35,1,99,,74799,13,0,23 26,1,100,,74800,13,0,23 26,1,100,,74812,13,0,35,1,101,,74805,13,0,27,1,70,,74806,13,0,27,1,81,,74816,13,0,35,1,18,,74788,13,0,7,1,30,,74801,13,0,23 26,1,100,,74802,13,0,23 26,1,100,,74803,13,0,23 26,1,100,,74813,13,0,35,1,100,,74814,13,0,35,1,100,,74804,13,0,23 26,1
300,'20260922',958,,74850,13,0,35,1,100,,74837,13,0,23 26,1,100,,74838,13,0,23 26,1,100,,74851,13,0,35,1,100,,74839,13,0,23 26,1,100,,74840,13,0,23 26,1,100,,74852,13,0,35,1,70,,74827,13,0,7,1,30,,74845,13,0,27,1,70,,74846,13,0,27,1,81,,74856,13,0,35,1,19,,74828,13,0,7,1,30,,74841,13,0,23 26,1,100,,74842,13,0,23 26,1,100,,74843,13,0,23 26,1,100,,74853,13,0,35,1,100,,74854,13,0,35,1,100,,74844,13,0,23 26,1
300,'20260923',958,,74890,13,0,35,1,100,,74877,13,0,23 26,1,100,,74878,13,0,23 26,1,100,,74891,13,0,35,1,100,,74879,13,0,23 26,1,100,,74880,13,0,23 26,1,100,,74892,13,0,35,1,70,,74867,13,0,7,1,30,,74885,13,0,27,1,70,,74886,13,0,27,1,81,,74896,13,0,35,1,19,,74868,13,0,7,1,30,,74881,13,0,23 26,1,100,,74882,13,0,23 26,1,100,,74883,13,0,23 26,1,100,,74893,13,0,35,1,100,,74894,13,0,35,1,100,,74884,13,0,23 26,1
300,'20260924',958,,74930,13,0,35,1,100,,74917,13,0,23 26,1,100,,74918,13,0,23 26,1,100,,74931,13,0,35,1,100,,74919,13,0,23 26,1,100,,74920,13,0,23 26,1,100,,74932,13,0,35,1,70,,74907,13,0,7,1,30,,74925,13,0,27,1,70,,74926,13,0,27,1,81,,74936,13,0,35,1,19,,74908,13,0,7,1,30,,74921,13,0,23 26,1,100,,74922,13,0,23 26,1,100,,74923,13,0,23 26,1,100,,74933,13,0,35,1,100,,74934,13,0,35,1,100,,74924,13,0,23 26,1
300,'20260925',958,,74970,13,0,35,1,100,,74957,13,0,23 26,1,100,,74958,13,0,23 26,1,100,,74971,13,0,35,1,100,,74959,13,0,23 26,1,100,,74960,13,0,23 26,1,100,,74972,13,0,35,1,70,,74947,13,0,7,1,30,,74965,13,0,27,1,70,,74966,13,0,27,1,81,,74976,13,0,35,1,19,,74948,13,0,7,1,30,,74961,13,0,23 26,1,100,,74962,13,0,23 26,1,100,,74963,13,0,23 26,1,100,,74973,13,0,35,1,100,,74974,13,0,35,1,100,,74964,13,0,23 26,1
300,'20260928',958,,75062,13,0,35,1,100,,75049,13,0,23 26,1,100,,75050,13,0,23 26,1,100,,75063,13,0,35,1,100,,75051,13,0,23 26,1,100,,75052,13,0,23 26,1,100,,75064,13,0,35,1,70,,75039,13,0,7,1,30,,75057,13,0,27,1,70,,75058,13,0,27,1,81,,75068,13,0,35,1,19,,75040,13,0,7,1,30,,75053,13,0,23 26,1,100,,75054,13,0,23 26,1,100,,75055,13,0,23 26,1,100,,75065,13,0,35,1,100,,75066,13,0,35,1,100,,75056,13,0,23 26,1
300,'20260929',958,,75102,13,0,35,1,100,,75089,13,0,23 26,1,100,,75090,13,0,23 26,1,100,,75103,13,0,35,1,100,,75091,13,0,23 26,1,100,,75092,13,0,23 26,1,100,,75104,13,0,35,1,70,,75079,13,0,7,1,30,,75097,13,0,27,1,70,,75098,13,0,27,1,81,,75108,13,0,35,1,19,,75080,13,0,7,1,30,,75093,13,0,23 26,1,100,,75094,13,0,23 26,1,100,,75095,13,0,23 26,1,100,,75105,13,0,35,1,100,,75106,13,0,35,1,100,,75096,13,0,23 26,1
300,'20260930',958,,75142,13,0,35,1,100,,75129,13,0,23 26,1,100,,75130,13,0,23 26,1,100,,75143,13,0,35,1,100,,75131,13,0,23 26,1,100,,75132,13,0,23 26,1,100,,75144,13,0,35,1,70,,75119,13,0,7,1,30,,75137,13,0,27,1,70,,75138,13,0,27,1,81,,75148,13,0,35,1,19,,75120,13,0,7,1,30,,75133,13,0,23 26,1,100,,75134,13,0,23 26,1,100,,75135,13,0,23 26,1,100,,75145,13,0,35,1,100,,75146,13,0,35,1,100,,75136,13,0,23 26,1
300,'20261001',958,,75182,13,0,35,1,100,,75169,13,0,23 26,1,100,,75170,13,0,23 26,1,100,,75183,13,0,35,1,100,,75171,13,0,23 26,1,100,,75172,13,0,23 26,1,100,,75184,13,0,35,1,70,,75159,13,0,7,1,30,,75177,13,0,27,1,70,,75178,13,0,27,1,81,,75188,13,0,35,1,19,,75160,13,0,7,1,30,,75173,13,0,23 26,1,100,,75174,13,0,23 26,1,100,,75175,13,0,23 26,1,100,,75185,13,0,35,1,100,,75186,13,0,35,1,100,,75176,13,0,23 26,1
300,'20261002',958,,75222,13,0,35,1,100,,75209,13,0,23 26,1,100,,75210,13,0,23 26,1,100,,75223,13,0,35,1,100,,75211,13,0,23 26,1,100,,75212,13,0,23 26,1,100,,75224,13,0,35,1,70,,75199,13,0,7,1,30,,75217,13,0,27,1,70,,75218,13,0,27,1,81,,75228,13,0,35,1,19,,75200,13,0,7,1,30,,75213,13,0,23 26,1,100,,75214,13,0,23 26,1,100,,75215,13,0,23 26,1,100,,75225,13,0,27,1,100,,75226,13,0,35,1
300,'20261005',958,,75314,13,0,35,1,100,,75301,13,0,23 26,1,100,,75302,13,0,23 26,1,100,,75315,13,0,35,1,100,,75303,13,0,23 26,1,100,,75304,13,0,23 26,1,100,,75316,13,0,35,1,70,,75291,13,0,7,1,30,,75309,13,0,27,1,70,,75310,13,0,27,1,81,,75320,13,0,35,1,19,,75292,13,0,7,1,30,,75305,13,0,23 26,1,100,,75306,13,0,23 26,1,100,,75307,13,0,23 26,1,100,,75317,13,0,35,1,100,,75318,13,0,35,1,100,,75308,13,0,23 26,1
300,'20261006',958,,75354,13,0,35,1,100,,75341,13,0,23 26,1,100,,75342,13,0,23 26,1,100,,75355,13,0,35,1,100,,75343,13,0,23 26,1,100,,75344,13,0,23 26,1,100,,75356,13,0,35,1,70,,75331,13,0,7,1,30,,75349,13,0,27,1,70,,75350,13,0,27,1,81,,75360,13,0,35,1,19,,75332,13,0,7,1,30,,75345,13,0,23 26,1,100,,75346,13,0,23 26,1,100,,75347,13,0,23 26,1,100,,75357,13,0,35,1,100,,75358,13,0,35,1,100,,75348,13,0,23 26,1
300,'20261007',958,,75394,13,0,35,1,100,,75381,13,0,23 26,1,100,,75382,13,0,23 26,1,100,,75395,13,0,35,1,100,,75383,13,0,23 26,1,100,,75384,13,0,23 26,1,100,,75396,13,0,35,1,70,,75371,13,0,7,1,30,,75389,13,0,27,1,70,,75390,13,0,27,1,81,,75400,13,0,35,1,19,,75372,13,0,7,1,30,,75385,13,0,23 26,1,100,,75386,13,0,23 26,1,100,,75387,13,0,23 26,1,100,,75397,13,0,35,1,100,,75398,13,0,35,1,100,,75388,13,0,23 26,1
300,'20261008',958,,75434,13,0,35,1,100,,75421,13,0,23 26,1,100,,75422,13,0,23 26,1,100,,75435,13,0,35,1,100,,75423,13,0,23 26,1,100,,75424,13,0,23 26,1,100,,75436,13,0,35,1,70,,75411,13,0,7,1,30,,75429,13,0,27,1,70,,75430,13,0,27,1,81,,75440,13,0,35,1,19,,75412,13,0,7,1,30,,75425,13,0,23 26,1,100,,75426,13,0,23 26,1,100,,75427,13,0,23 26,1,100,,75437,13,0,35,1,100,,75438,13,0,35,1,100,,75428,13,0,23 26,1
300,'20261009',958,,75474,13,0,35,1,100,,75461,13,0,23 26,1,100,,75462,13,0,23 26,1,100,,75475,13,0,35,1,100,,75463,13,0,23 26,1,100,,75464,13,0,23 26,1,100,,75476,13,0,35,1,70,,75451,13,0,7,1,30,,75469,13,0,27,1,70,,75470,13,0,27,1,81,,75480,13,0,35,1,19,,75452,13,0,7,1,30,,75465,13,0,23 26,1,100,,75466,13,0,23 26,1,100,,75467,13,0,23 26,1,100,,75477,13,0,35,1,100,,75478,13,0,35,1,100,,75468,13,0,23 26,1
300,'20261012',958,,75566,13,0,35,1,100,,75553,13,0,23 26,1,100,,75554,13,0,23 26,1,100,,75567,13,0,35,1,100,,75555,13,0,23 26,1,100,,75556,13,0,23 26,1,100,,75568,13,0,35,1,70,,75543,13,0,7,1,30,,75561,13,0,27,1,70,,75562,13,0,27,1,81,,75572,13,0,35,1,19,,75544,13,0,7,1,30,,75557,13,0,23 26,1,100,,75558,13,0,23 26,1,100,,75559,13,0,23 26,1,100,,75569,13,0,35,1,100,,75570,13,0,35,1,100,,75560,13,0,23 26,1
300,'20261013',958,,75606,13,0,35,1,100,,75593,13,0,23 26,1,100,,75594,13,0,23 26,1,100,,75607,13,0,35,1,100,,75595,13,0,23 26,1,100,,75596,13,0,23 26,1,100,,75608,13,0,35,1,70,,75583,13,0,7,1,30,,75601,13,0,27,1,70,,75602,13,0,27,1,81,,75612,13,0,35,1,19,,75584,13,0,7,1,30,,75597,13,0,23 26,1,100,,75598,13,0,23 26,1,100,,75599,13,0,23 26,1,100,,75609,13,0,35,1,100,,75610,13,0,35,1,100,,75600,13,0,23 26,1
300,'20261014',958,,75646,13,0,35,1,100,,75633,13,0,23 26,1,100,,75634,13,0,23 26,1,100,,75647,13,0,35,1,100,,75635,13,0,23 26,1,100,,75636,13,0,23 26,1,100,,75648,13,0,35,1,70,,75623,13,0,7,1,30,,75641,13,0,27,1,70,,75642,13,0,27,1,81,,75652,13,0,35,1,19,,75624,13,0,7,1,30,,75637,13,0,23 26,1,100,,75638,13,0,23 26,1,100,,75639,13,0,23 26,1,100,,75649,13,0,35,1,100,,75650,13,0,35,1,100,,75640,13,0,23 26,1
300,'20261015',958,,75686,13,0,35,1,100,,75673,13,0,23 26,1,100,,75674,13,0,23 26,1,100,,75687,13,0,35,1,100,,75675,13,0,23 26,1,100,,75676,13,0,23 26,1,100,,75688,13,0,35,1,70,,75663,13,0,7,1,30,,75681,13,0,27,1,70,,75682,13,0,27,1,81,,75692,13,0,35,1,19,,75664,13,0,7,1,30,,75677,13,0,23 26,1,100,,75678,13,0,23 26,1,100,,75679,13,0,23 26,1,100,,75689,13,0,35,1,100,,75690,13,0,35,1,100,,75680,13,0,23 26,1
300,'20261016',958,,75726,13,0,35,1,100,,75713,13,0,23 26,1,100,,75714,13,0,23 26,1,100,,75727,13,0,35,1,100,,75715,13,0,23 26,1,100,,75716,13,0,23 26,1,100,,75728,13,0,35,1,70,,75703,13,0,7,1,30,,75721,13,0,27,1,70,,75722,13,0,27,1,81,,75732,13,0,35,1,19,,75704,13,0,7,1,30,,75717,13,0,23 26,1,100,,75718,13,0,23 26,1,100,,75719,13,0,23 26,1,100,,75729,13,0,35,1,100,,75730,13,0,35,1,100,,75720,13,0,23 26,1
300,'20261019',958,,75818,13,0,35,1,100,,75805,13,0,23 26,1,100,,75806,13,0,23 26,1,100,,75819,13,0,35,1,100,,75807,13,0,23 26,1,100,,75808,13,0,23 26,1,100,,75820,13,0,35,1,70,,75795,13,0,7,1,30,,75813,13,0,27,1,70,,75814,13,0,27,1,81,,75824,13,0,35,1,19,,75796,13,0,7,1,30,,75809,13,0,23 26,1,100,,75810,13,0,23 26,1,100,,75811,13,0,23 26,1,100,,75821,13,0,35,1,100,,75822,13,0,35,1,100,,75812,13,0,23 26,1
300,'20261020',958,,75858,13,0,35,1,100,,75845,13,0,23 26,1,100,,75846,13,0,23 26,1,100,,75859,13,0,35,1,100,,75847,13,0,23 26,1,100,,75848,13,0,23 26,1,100,,75860,13,0,35,1,70,,75835,13,0,7,1,30,,75853,13,0,27,1,70,,75854,13,0,27,1,81,,75864,13,0,35,1,19,,75836,13,0,7,1,30,,75849,13,0,23 26,1,100,,75850,13,0,23 26,1,100,,75851,13,0,23 26,1,100,,75861,13,0,35,1,100,,75862,13,0,35,1,100,,75852,13,0,23 26,1
300,'20261021',958,,75898,13,0,35,1,100,,75885,13,0,23 26,1,100,,75886,13,0,23 26,1,100,,75899,13,0,35,1,100,,75887,13,0,23 26,1,100,,75888,13,0,23 26,1,100,,75900,13,0,35,1,70,,75875,13,0,7,1,30,,75893,13,0,27,1,70,,75894,13,0,27,1,81,,75904,13,0,35,1,19,,75876,13,0,7,1,30,,75889,13,0,23 26,1,100,,75890,13,0,23 26,1,100,,75891,13,0,23 26,1,100,,75901,13,0,35,1,100,,75902,13,0,35,1,100,,75892,13,0,23 26,1
300,'20261022',958,,75938,13,0,35,1,100,,75925,13,0,23 26,1,100,,75926,13,0,23 26,1,100,,75939,13,0,35,1,100,,75927,13,0,23 26,1,100,,75928,13,0,23 26,1,100,,75940,13,0,35,1,70,,75915,13,0,7,1,30,,75933,13,0,27,1,70,,75934,13,0,27,1,81,,75944,13,0,35,1,19,,75916,13,0,7,1,30,,75929,13,0,23 26,1,100,,75930,13,0,23 26,1,100,,75931,13,0,23 26,1,100,,75941,13,0,35,1,100,,75942,13,0,35,1,100,,75932,13,0,23 26,1
300,'20261023',958,,75978,13,0,35,1,100,,75965,13,0,23 26,1,100,,75966,13,0,23 26,1,100,,75979,13,0,35,1,100,,75967,13,0,23 26,1,100,,75968,13,0,23 26,1,100,,75980,13,0,35,1,70,,75955,13,0,7,1,30,,75973,13,0,27,1,70,,75974,13,0,27,1,81,,75984,13,0,35,1,19,,75956,13,0,7,1,30,,75969,13,0,23 26,1,100,,75970,13,0,23 26,1,100,,75971,13,0,23 26,1,100,,75981,13,0,35,1,100,,75982,13,0,35,1,100,,75972,13,0,23 26,1
300,'20261026',958,,76070,13,0,35,1,100,,76057,13,0,23 26,1,100,,76058,13,0,23 26,1,100,,76071,13,0,35,1,100,,76059,13,0,23 26,1,100,,76060,13,0,23 26,1,100,,76072,13,0,35,1,70,,76047,13,0,7,1,30,,76065,13,0,27,1,70,,76066,13,0,27,1,81,,76076,13,0,35,1,19,,76048,13,0,7,1,30,,76061,13,0,23 26,1,100,,76062,13,0,23 26,1,100,,76063,13,0,23 26,1,100,,76073,13,0,35,1,100,,76074,13,0,35,1,100,,76064,13,0,23 26,1
300,'20261027',958,,76110,13,0,35,1,100,,76097,13,0,23 26,1,100,,76098,13,0,23 26,1,100,,76111,13,0,35,1,100,,76099,13,0,23 26,1,100,,76100,13,0,23 26,1,100,,76112,13,0,35,1,70,,76087,13,0,7,1,30,,76105,13,0,27,1,70,,76106,13,0,27,1,81,,76116,13,0,35,1,19,,76088,13,0,7,1,30,,76101,13,0,23 26,1,100,,76102,13,0,23 26,1,100,,76103,13,0,23 26,1,100,,76113,13,0,35,1,100,,76114,13,0,35,1,100,,76104,13,0,23 26,1
300,'20261028',958,,76150,13,0,35,1,100,,76137,13,0,23 26,1,100,,76138,13,0,23 26,1,100,,76151,13,0,35,1,100,,76139,13,0,23 26,1,100,,76140,13,0,23 26,1,100,,76152,13,0,35,1,70,,76127,13,0,7,1,30,,76145,13,0,27,1,70,,76146,13,0,27,1,81,,76156,13,0,35,1,19,,76128,13,0,7,1,30,,76141,13,0,23 26,1,100,,76142,13,0,23 26,1,100,,76143,13,0,23 26,1,100,,76153,13,0,35,1,100,,76154,13,0,35,1,100,,76144,13,0,23 26,1
300,'20261029',958,,76190,13,0,35,1,100,,76177,13,0,23 26,1,100,,76178,13,0,23 26,1,100,,76191,13,0,35,1,100,,76179,13,0,23 26,1,100,,76180,13,0,23 26,1,100,,76192,13,0,35,1,70,,76167,13,0,7,1,30,,76185,13,0,27,1,70,,76186,13,0,27,1,81,,76196,13,0,35,1,19,,76168,13,0,7,1,30,,76181,13,0,23 26,1,100,,76182,13,0,23 26,1,100,,76183,13,0,23 26,1,100,,76193,13,0,35,1,100,,76194,13,0,35,1,100,,76184,13,0,23 26,1
300,'20261030',958,,76230,13,0,35,1,100,,76217,13,0,23 26,1,100,,76218,13,0,23 26,1,100,,76231,13,0,35,1,100,,76219,13,0,23 26,1,100,,76220,13,0,23 26,1,100,,76232,13,0,35,1,70,,76207,13,0,7,1,30,,76225,13,0,27,1,70,,76226,13,0,27,1,81,,76236,13,0,35,1,19,,76208,13,0,7,1,30,,76221,13,0,23 26,1,100,,76222,13,0,23 26,1,100,,76223,13,0,23 26,1,100,,76233,13,0,35,1,100,,76234,13,0,35,1,100,,76224,13,0,23 26,1
300,'20261102',958,,76322,13,0,35,1,100,,76309,13,0,23 26,1,100,,76310,13,0,23 26,1,100,,76323,13,0,35,1,100,,76311,13,0,23 26,1,100,,76312,13,0,23 26,1,100,,76324,13,0,35,1,70,,76299,13,0,7,1,30,,76317,13,0,27,1,70,,76318,13,0,27,1,81,,76328,13,0,35,1,19,,76300,13,0,7,1,30,,76313,13,0,23 26,1,100,,76314,13,0,23 26,1,100,,76315,13,0,23 26,1,100,,76325,13,0,35,1,100,,76326,13,0,35,1,100,,76316,13,0,23 26,1
300,'20261103',958,,76362,13,0,35,1,100,,76349,13,0,23 26,1,100,,76350,13,0,23 26,1,100,,76363,13,0,35,1,100,,76351,13,0,23 26,1,100,,76352,13,0,23 26,1,100,,76364,13,0,35,1,70,,76339,13,0,7,1,30,,76357,13,0,27,1,70,,76358,13,0,27,1,81,,76368,13,0,35,1,19,,76340,13,0,7,1,30,,76353,13,0,23 26,1,100,,76354,13,0,23 26,1,100,,76355,13,0,23 26,1,100,,76365,13,0,35,1,100,,76366,13,0,35,1,100,,76356,13,0,23 26,1
300,'20261104',958,,76402,13,0,35,1,100,,76389,13,0,23 26,1,100,,76390,13,0,23 26,1,100,,76403,13,0,35,1,100,,76391,13,0,23 26,1,100,,76392,13,0,23 26,1,100,,76404,13,0,35,1,70,,76379,13,0,7,1,30,,76397,13,0,27,1,70,,76398,13,0,27,1,81,,76408,13,0,35,1,19,,76380,13,0,7,1,30,,76393,13,0,23 26,1,100,,76394,13,0,23 26,1,100,,76395,13,0,23 26,1,100,,76405,13,0,35,1,100,,76406,13,0,35,1,100,,76396,13,0,23 26,1
300,'20261105',958,,76442,13,0,35,1,100,,76429,13,0,23 26,1,100,,76430,13,0,23 26,1,100,,76443,13,0,35,1,100,,76431,13,0,23 26,1,100,,76432,13,0,23 26,1,100,,76444,13,0,35,1,70,,76419,13,0,7,1,30,,76437,13,0,27,1,70,,76438,13,0,27,1,81,,76448,13,0,35,1,19,,76420,13,0,7,1,30,,76433,13,0,23 26,1,100,,76434,13,0,23 26,1,100,,76435,13,0,23 26,1,100,,76445,13,0,35,1,100,,76446,13,0,35,1,100,,76436,13,0,23 26,1
300,'20261106',958,,76482,13,0,35,1,100,,76469,13,0,23 26,1,100,,76470,13,0,23 26,1,100,,76483,13,0,35,1,100,,76471,13,0,23 26,1,100,,76472,13,0,23 26,1,100,,76484,13,0,35,1,70,,76459,13,0,7,1,30,,76477,13,0,27,1,70,,76478,13,0,27,1,81,,76488,13,0,35,1,19,,76460,13,0,7,1,30,,76473,13,0,23 26,1,100,,76474,13,0,23 26,1,100,,76475,13,0,23 26,1,100,,76485,13,0,35,1,100,,76486,13,0,35,1,100,,76476,13,0,23 26,1
300,'20261109',958,,76574,13,0,35,1,100,,76561,13,0,23 26,1,100,,76562,13,0,23 26,1,100,,76575,13,0,35,1,100,,76563,13,0,23 26,1,100,,76564,13,0,23 26,1,100,,76576,13,0,35,1,70,,76551,13,0,7,1,30,,76569,13,0,27,1,70,,76570,13,0,27,1,81,,76580,13,0,35,1,19,,76552,13,0,7,1,30,,76565,13,0,23 26,1,100,,76566,13,0,23 26,1,100,,76567,13,0,23 26,1,100,,76577,13,0,35,1,100,,76578,13,0,35,1,100,,76568,13,0,23 26,1
300,'20261110',958,,76614,13,0,35,1,100,,76601,13,0,23 26,1,100,,76602,13,0,23 26,1,100,,76615,13,0,35,1,100,,76603,13,0,23 26,1,100,,76604,13,0,23 26,1,100,,76616,13,0,35,1,70,,76591,13,0,7,1,30,,76609,13,0,27,1,70,,76610,13,0,27,1,81,,76620,13,0,35,1,19,,76592,13,0,7,1,30,,76605,13,0,23 26,1,100,,76606,13,0,23 26,1,100,,76607,13,0,23 26,1,100,,76617,13,0,35,1,100,,76618,13,0,35,1,100,,76608,13,0,23 26,1
300,'20261111',958,,76654,13,0,35,1,100,,76641,13,0,23 26,1,100,,76642,13,0,23 26,1,100,,76655,13,0,35,1,100,,76643,13,0,23 26,1,100,,76644,13,0,23 26,1,100,,76656,13,0,35,1,70,,76631,13,0,7,1,30,,76649,13,0,27,1,70,,76650,13,0,27,1,81,,76660,13,0,35,1,19,,76632,13,0,7,1,30,,76645,13,0,23 26,1,100,,76646,13,0,23 26,1,100,,76647,13,0,23 26,1,100,,76657,13,0,35,1,100,,76658,13,0,35,1,100,,76648,13,0,23 26,1
300,'20261112',958,,76694,13,0,35,1,100,,76681,13,0,23 26,1,100,,76682,13,0,23 26,1,100,,76695,13,0,35,1,100,,76683,13,0,23 26,1,100,,76684,13,0,23 26,1,100,,76696,13,0,35,1,70,,76671,13,0,7,1,30,,76689,13,0,27,1,70,,76690,13,0,27,1,81,,76700,13,0,35,1,19,,76672,13,0,7,1,30,,76685,13,0,23 26,1,100,,76686,13,0,23 26,1,100,,76687,13,0,23 26,1,100,,76697,13,0,35,1,100,,76698,13,0,35,1,100,,76688,13,0,23 26,1
300,'20261113',958,,76734,13,0,35,1,100,,76721,13,0,23 26,1,100,,76722,13,0,23 26,1,100,,76735,13,0,35,1,100,,76723,13,0,23 26,1,100,,76724,13,0,23 26,1,100,,76736,13,0,35,1,70,,76711,13,0,7,1,30,,76729,13,0,27,1,70,,76730,13,0,27,1,81,,76740,13,0,35,1,19,,76712,13,0,7,1,30,,76725,13,0,23 26,1,100,,76726,13,0,23 26,1,100,,76727,13,0,23 26,1,100,,76737,13,0,35,1,100,,76738,13,0,35,1,100,,76728,13,0,23 26,1
300,'20261116',958,,76826,13,0,35,1,100,,76813,13,0,23 26,1,100,,76814,13,0,23 26,1,100,,76827,13,0,35,1,100,,76815,13,0,23 26,1,100,,76816,13,0,23 26,1,100,,76828,13,0,35,1,70,,76803,13,0,7,1,30,,76821,13,0,27,1,70,,76822,13,0,27,1,81,,76832,13,0,35,1,19,,76804,13,0,7,1,30,,76817,13,0,23 26,1,100,,76818,13,0,23 26,1,100,,76819,13,0,23 26,1,100,,76829,13,0,35,1,100,,76830,13,0,35,1,100,,76820,13,0,23 26,1
300,'20261117',958,,76866,13,0,35,1,100,,76853,13,0,23 26,1,100,,76854,13,0,23 26,1,100,,76867,13,0,35,1,100,,76855,13,0,23 26,1,100,,76856,13,0,23 26,1,100,,76868,13,0,35,1,70,,76843,13,0,7,1,30,,76861,13,0,27,1,70,,76862,13,0,27,1,81,,76872,13,0,35,1,19,,76844,13,0,7,1,30,,76857,13,0,23 26,1,100,,76858,13,0,23 26,1,100,,76859,13,0,23 26,1,100,,76869,13,0,35,1,100,,76870,13,0,35,1,100,,76860,13,0,23 26,1
300,'20261118',958,,76906,13,0,35,1,100,,76893,13,0,23 26,1,100,,76894,13,0,23 26,1,100,,76907,13,0,35,1,100,,76895,13,0,23 26,1,100,,76896,13,0,23 26,1,100,,76908,13,0,35,1,70,,76883,13,0,7,1,30,,76901,13,0,27,1,70,,76902,13,0,27,1,81,,76912,13,0,35,1,19,,76884,13,0,7,1,30,,76897,13,0,23 26,1,100,,76898,13,0,23 26,1,100,,76899,13,0,23 26,1,100,,76909,13,0,35,1,100,,76910,13,0,35,1,100,,76900,13,0,23 26,1
300,'20261119',958,,76946,13,0,35,1,100,,76933,13,0,23 26,1,100,,76934,13,0,23 26,1,100,,76947,13,0,35,1,100,,76935,13,0,23 26,1,100,,76936,13,0,23 26,1,100,,76948,13,0,35,1,70,,76923,13,0,7,1,30,,76941,13,0,27,1,70,,76942,13,0,27,1,81,,76952,13,0,35,1,19,,76924,13,0,7,1,30,,76937,13,0,23 26,1,100,,76938,13,0,23 26,1,100,,76939,13,0,23 26,1,100,,76949,13,0,35,1,100,,76950,13,0,35,1,100,,76940,13,0,23 26,1
300,'20261120',958,,76986,13,0,35,1,100,,76973,13,0,23 26,1,100,,76974,13,0,23 26,1,100,,76987,13,0,35,1,100,,76975,13,0,23 26,1,100,,76976,13,0,23 26,1,100,,76988,13,0,35,1,70,,76963,13,0,7,1,30,,76981,13,0,27,1,70,,76982,13,0,27,1,81,,76992,13,0,35,1,19,,76964,13,0,7,1,30,,76977,13,0,23 26,1,100,,76978,13,0,23 26,1,100,,76979,13,0,23 26,1,100,,76989,13,0,35,1,100,,76990,13,0,35,1,100,,76980,13,0,23 26,1
300,'20261123',958,,77078,13,0,35,1,100,,77065,13,0,23 26,1,100,,77066,13,0,23 26,1,100,,77079,13,0,35,1,100,,77067,13,0,23 26,1,100,,77068,13,0,23 26,1,100,,77080,13,0,35,1,70,,77055,13,0,7,1,30,,77073,13,0,27,1,70,,77074,13,0,27,1,81,,77084,13,0,35,1,19,,77056,13,0,7,1,30,,77069,13,0,23 26,1,100,,77070,13,0,23 26,1,100,,77071,13,0,23 26,1,100,,77081,13,0,35,1,100,,77082,13,0,35,1,100,,77072,13,0,23 26,1
300,'20261124',958,,77118,13,0,35,1,100,,77105,13,0,23 26,1,100,,77106,13,0,23 26,1,100,,77119,13,0,35,1,100,,77107,13,0,23 26,1,100,,77108,13,0,23 26,1,100,,77120,13,0,35,1,70,,77095,13,0,7,1,30,,77113,13,0,27,1,70,,77114,13,0,27,1,81,,77124,13,0,35,1,19,,77096,13,0,7,1,30,,77109,13,0,23 26,1,100,,77110,13,0,23 26,1,100,,77111,13,0,23 26,1,100,,77121,13,0,35,1,100,,77122,13,0,35,1,100,,77112,13,0,23 26,1
300,'20261125',958,,77158,13,0,35,1,100,,77145,13,0,23 26,1,100,,77146,13,0,23 26,1,100,,77159,13,0,35,1,100,,77147,13,0,23 26,1,100,,77148,13,0,23 26,1,100,,77160,13,0,35,1,70,,77135,13,0,7,1,30,,77153,13,0,27,1,70,,77154,13,0,27,1,81,,77164,13,0,35,1,19,,77136,13,0,7,1,30,,77149,13,0,23 26,1,100,,77150,13,0,23 26,1,100,,77151,13,0,23 26,1,100,,77161,13,0,35,1,100,,77162,13,0,35,1,100,,77152,13,0,23 26,1
300,'20261126',958,,77198,13,0,35,1,100,,77185,13,0,23 26,1,100,,77186,13,0,23 26,1,100,,77199,13,0,35,1,100,,77187,13,0,23 26,1,100,,77188,13,0,23 26,1,100,,77200,13,0,35,1,70,,77175,13,0,7,1,30,,77193,13,0,27,1,70,,77194,13,0,27,1,81,,77204,13,0,35,1,19,,77176,13,0,7,1,30,,77189,13,0,23 26,1,100,,77190,13,0,23 26,1,100,,77191,13,0,23 26,1,100,,77201,13,0,35,1,100,,77202,13,0,35,1,100,,77192,13,0,23 26,1
300,'20261127',958,,77238,13,0,35,1,100,,77225,13,0,23 26,1,100,,77226,13,0,23 26,1,100,,77239,13,0,35,1,100,,77227,13,0,23 26,1,100,,77228,13,0,23 26,1,100,,77240,13,0,35,1,70,,77215,13,0,7,1,30,,77233,13,0,27,1,70,,77234,13,0,27,1,81,,77244,13,0,35,1,19,,77216,13,0,7,1,30,,77229,13,0,23 26,1,100,,77230,13,0,23 26,1,100,,77231,13,0,23 26,1,100,,77241,13,0,35,1,100,,77242,13,0,35,1,100,,77232,13,0,23 26,1
301,'20260917',608,,77663,17,,,1,30,,77665,30,,,1,70,,77652,6,,,1,30,,77636,6,,,1,70,,77653,6,,,1,30,,77637,6,,,1,70,,77654,6,,,1,30,,77638,6,,,1,70,,77655,6,,,1,30,,77639,6,,,1,100,,77640,6,,,1,100,,77641,6,,,1,100,,77642,6,,,1,100,,77643,6,,,1,100,,77644,6,,,1,500,,77648,6,,,1,100,,77649,6,,,1,100,,77650,6,,,1,100,,77651,6,,,1
301,'20260918',608,,77703,17,,,1,30,,77705,30,,,1,70,,77692,6,,,1,30,,77676,6,,,1,70,,77693,6,,,1,30,,77677,6,,,1,70,,77694,6,,,1,30,,77678,6,,,1,70,,77695,6,,,1,30,,77679,6,,,1,100,,77680,6,,,1,100,,77681,6,,,1,100,,77682,6,,,1,100,,77683,6,,,1,100,,77684,6,,,1,500,,77688,6,,,1,100,,77689,6,,,1,100,,77690,6,,,1,100,,77691,6,,,1
301,'20260921',609,,77795,17,,,1,30,,77797,30,,,1,70,,77784,6,,,1,31,,77768,6,,,1,69,,77785,6,,,1,31,,77769,6,,,1,69,,77786,6,,,1,31,,77770,6,,,1,100,,77771,6,,,1,100,,77772,6,,,1,100,,77773,6,,,1,100,,77774,6,,,1,100,,77775,6,,,1,100,,77776,6,,,1,499,,77780,6,,,1,100,,77781,6,,,1,100,,77782,6,,,1,100,,77783,6,,,1
301,'20260922',610,,77835,17,,,1,30,,77837,30,,,1,70,,77824,6,,,1,30,,77808,6,,,1,70,,77825,6,,,1,30,,77809,6,,,1,70,,77826,6,,,1,30,,77810,6,,,1,70,,77827,6,,,1,30,,77811,6,,,1,100,,77812,6,,,1,100,,77813,6,,,1,100,,77814,6,,,1,100,,77815,6,,,1,100,,77816,6,,,1,500,,77820,6,,,1,100,,77821,6,,,1,100,,77822,6,,,1,100,,77823,6,,,1
301,'20260923',610,,77875,17,,,1,30,,77877,30,,,1,70,,77864,6,,,1,30,,77848,6,,,1,70,,77865,6,,,1,30,,77849,6,,,1,70,,77866,6,,,1,30,,77850,6,,,1,70,,77867,6,,,1,30,,77851,6,,,1,100,,77852,6,,,1,100,,77853,6,,,1,100,,77854,6,,,1,100,,77855,6,,,1,100,,77856,6,,,1,500,,77860,6,,,1,100,,77861,6,,,1,100,,77862,6,,,1,100,,77863,6,,,1
301,'20260924',610,,77915,17,,,1,30,,77917,30,,,1,70,,77904,6,,,1,30,,77888,6,,,1,70,,77905,6,,,1,30,,77889,6,,,1,70,,77906,6,,,1,30,,77890,6,,,1,70,,77907,6,,,1,30,,77891,6,,,1,100,,77892,6,,,1,100,,77893,6,,,1,100,,77894,6,,,1,100,,77895,6,,,1,100,,77896,6,,,1,500,,77900,6,,,1,100,,77901,6,,,1,100,,77902,6,,,1,100,,77903,6,,,1
301,'20260925',610,,77955,17,,,1,30,,77957,30,,,1,70,,77944,6,,,1,30,,77928,6,,,1,70,,77945,6,,,1,30,,77929,6,,,1,70,,77946,6,,,1,30,,77930,6,,,1,70,,77947,6,,,1,30,,77931,6,,,1,100,,77932,6,,,1,100,,77933,6,,,1,100,,77934,6,,,1,100,,77935,6,,,1,100,,77936,6,,,1,500,,77940,6,,,1,100,,77941,6,,,1,100,,77942,6,,,1,100,,77943,6,,,1
301,'20260928',610,,78047,17,,,1,30,,78049,30,,,1,70,,78036,6,,,1,30,,78020,6,,,1,70,,78037,6,,,1,30,,78021,6,,,1,70,,78038,6,,,1,30,,78022,6,,,1,70,,78039,6,,,1,30,,78023,6,,,1,100,,78024,6,,,1,100,,78025,6,,,1,100,,78026,6,,,1,100,,78027,6,,,1,100,,78028,6,,,1,500,,78032,6,,,1,100,,78033,6,,,1,100,,78034,6,,,1,100,,78035,6,,,1
301,'20260929',610,,78087,17,,,1,30,,78089,30,,,1,70,,78076,6,,,1,30,,78060,6,,,1,70,,78077,6,,,1,30,,78061,6,,,1,70,,78078,6,,,1,30,,78062,6,,,1,70,,78079,6,,,1,30,,78063,6,,,1,100,,78064,6,,,1,100,,78065,6,,,1,100,,78066,6,,,1,100,,78067,6,,,1,100,,78068,6,,,1,500,,78072,6,,,1,100,,78073,6,,,1,100,,78074,6,,,1,100,,78075,6,,,1
301,'20260930',610,,78127,17,,,1,30,,78129,30,,,1,70,,78116,6,,,1,30,,78100,6,,,1,70,,78117,6,,,1,30,,78101,6,,,1,70,,78118,6,,,1,30,,78102,6,,,1,70,,78119,6,,,1,30,,78103,6,,,1,100,,78104,6,,,1,100,,78105,6,,,1,100,,78106,6,,,1,100,,78107,6,,,1,100,,78108,6,,,1,500,,78112,6,,,1,100,,78113,6,,,1,100,,78114,6,,,1,100,,78115,6,,,1
301,'20261001',610,,78167,17,,,1,30,,78169,30,,,1,70,,78156,6,,,1,30,,78140,6,,,1,70,,78157,6,,,1,30,,78141,6,,,1,70,,78158,6,,,1,30,,78142,6,,,1,70,,78159,6,,,1,30,,78143,6,,,1,100,,78144,6,,,1,100,,78145,6,,,1,100,,78146,6,,,1,100,,78147,6,,,1,100,,78148,6,,,1,500,,78152,6,,,1,100,,78153,6,,,1,100,,78154,6,,,1,100,,78155,6,,,1
301,'20261002',610,,78207,17,,,1,30,,78209,30,,,1,70,,78196,6,,,1,30,,78180,6,,,1,70,,78197,6,,,1,30,,78181,6,,,1,70,,78198,6,,,1,30,,78182,6,,,1,70,,78199,6,,,1,30,,78183,6,,,1,100,,78184,6,,,1,100,,78185,6,,,1,100,,78186,6,,,1,100,,78187,6,,,1,100,,78188,6,,,1,500,,78192,6,,,1,100,,78193,6,,,1,100,,78194,6,,,1,100,,78195,6,,,1
301,'20261005',610,,78299,17,,,1,30,,78301,30,,,1,70,,78288,6,,,1,30,,78272,6,,,1,70,,78289,6,,,1,30,,78273,6,,,1,70,,78290,6,,,1,30,,78274,6,,,1,70,,78291,6,,,1,30,,78275,6,,,1,100,,78276,6,,,1,100,,78277,6,,,1,100,,78278,6,,,1,100,,78279,6,,,1,100,,78280,6,,,1,500,,78284,6,,,1,100,,78285,6,,,1,100,,78286,6,,,1,100,,78287,6,,,1
301,'20261006',610,,78339,17,,,1,30,,78341,30,,,1,70,,78328,6,,,1,30,,78312,6,,,1,70,,78329,6,,,1,30,,78313,6,,,1,70,,78330,6,,,1,30,,78314,6,,,1,70,,78331,6,,,1,30,,78315,6,,,1,100,,78316,6,,,1,100,,78317,6,,,1,100,,78318,6,,,1,100,,78319,6,,,1,100,,78320,6,,,1,500,,78324,6,,,1,100,,78325,6,,,1,100,,78326,6,,,1,100,,78327,6,,,1
301,'20261007',610,,78379,17,,,1,30,,78381,30,,,1,70,,78368,6,,,1,30,,78352,6,,,1,70,,78369,6,,,1,30,,78353,6,,,1,70,,78370,6,,,1,30,,78354,6,,,1,70,,78371,6,,,1,30,,78355,6,,,1,100,,78356,6,,,1,100,,78357,6,,,1,100,,78358,6,,,1,100,,78359,6,,,1,100,,78360,6,,,1,500,,78364,6,,,1,100,,78365,6,,,1,100,,78366,6,,,1,100,,78367,6,,,1
301,'20261008',610,,78419,17,,,1,30,,78421,30,,,1,70,,78408,6,,,1,30,,78392,6,,,1,70,,78409,6,,,1,30,,78393,6,,,1,70,,78410,6,,,1,30,,78394,6,,,1,70,,78411,6,,,1,30,,78395,6,,,1,100,,78396,6,,,1,100,,78397,6,,,1,100,,78398,6,,,1,100,,78399,6,,,1,100,,78400,6,,,1,500,,78404,6,,,1,100,,78405,6,,,1,100,,78406,6,,,1,100,,78407,6,,,1
301,'20261009',610,,78459,17,,,1,30,,78461,30,,,1,70,,78448,6,,,1,30,,78432,6,,,1,70,,78449,6,,,1,30,,78433,6,,,1,70,,78450,6,,,1,30,,78434,6,,,1,70,,78451,6,,,1,30,,78435,6,,,1,100,,78436,6,,,1,100,,78437,6,,,1,100,,78438,6,,,1,100,,78439,6,,,1,100,,78440,6,,,1,500,,78444,6,,,1,100,,78445,6,,,1,100,,78446,6,,,1,100,,78447,6,,,1
301,'20261012',610,,78551,17,,,1,30,,78553,30,,,1,70,,78540,6,,,1,30,,78524,6,,,1,70,,78541,6,,,1,30,,78525,6,,,1,70,,78542,6,,,1,30,,78526,6,,,1,70,,78543,6,,,1,30,,78527,6,,,1,100,,78528,6,,,1,100,,78529,6,,,1,100,,78530,6,,,1,100,,78531,6,,,1,100,,78532,6,,,1,500,,78536,6,,,1,100,,78537,6,,,1,100,,78538,6,,,1,100,,78539,6,,,1
301,'20261013',610,,78591,17,,,1,30,,78593,30,,,1,70,,78580,6,,,1,30,,78564,6,,,1,70,,78581,6,,,1,30,,78565,6,,,1,70,,78582,6,,,1,30,,78566,6,,,1,70,,78583,6,,,1,30,,78567,6,,,1,100,,78568,6,,,1,100,,78569,6,,,1,100,,78570,6,,,1,100,,78571,6,,,1,100,,78572,6,,,1,500,,78576,6,,,1,100,,78577,6,,,1,100,,78578,6,,,1,100,,78579,6,,,1
301,'20261014',610,,78631,17,,,1,30,,78633,30,,,1,70,,78620,6,,,1,30,,78604,6,,,1,70,,78621,6,,,1,30,,78605,6,,,1,70,,78622,6,,,1,30,,78606,6,,,1,70,,78623,6,,,1,30,,78607,6,,,1,100,,78608,6,,,1,100,,78609,6,,,1,100,,78610,6,,,1,100,,78611,6,,,1,100,,78612,6,,,1,500,,78616,6,,,1,100,,78617,6,,,1,100,,78618,6,,,1,100,,78619,6,,,1
301,'20261015',610,,78671,17,,,1,30,,78673,30,,,1,70,,78660,6,,,1,30,,78644,6,,,1,70,,78661,6,,,1,30,,78645,6,,,1,70,,78662,6,,,1,30,,78646,6,,,1,70,,78663,6,,,1,30,,78647,6,,,1,100,,78648,6,,,1,100,,78649,6,,,1,100,,78650,6,,,1,100,,78651,6,,,1,100,,78652,6,,,1,500,,78656,6,,,1,100,,78657,6,,,1,100,,78658,6,,,1,100,,78659,6,,,1
301,'20261016',610,,78711,17,,,1,30,,78713,30,,,1,70,,78700,6,,,1,30,,78684,6,,,1,70,,78701,6,,,1,30,,78685,6,,,1,70,,78702,6,,,1,30,,78686,6,,,1,70,,78703,6,,,1,30,,78687,6,,,1,100,,78688,6,,,1,100,,78689,6,,,1,100,,78690,6,,,1,100,,78691,6,,,1,100,,78692,6,,,1,500,,78696,6,,,1,100,,78697,6,,,1,100,,78698,6,,,1,100,,78699,6,,,1
301,'20261019',610,,78803,17,,,1,30,,78805,30,,,1,70,,78792,6,,,1,30,,78776,6,,,1,70,,78793,6,,,1,30,,78777,6,,,1,70,,78794,6,,,1,30,,78778,6,,,1,70,,78795,6,,,1,30,,78779,6,,,1,100,,78780,6,,,1,100,,78781,6,,,1,100,,78782,6,,,1,100,,78783,6,,,1,100,,78784,6,,,1,500,,78788,6,,,1,100,,78789,6,,,1,100,,78790,6,,,1,100,,78791,6,,,1
301,'20261020',610,,78843,17,,,1,30,,78845,30,,,1,70,,78832,6,,,1,30,,78816,6,,,1,70,,78833,6,,,1,30,,78817,6,,,1,70,,78834,6,,,1,30,,78818,6,,,1,70,,78835,6,,,1,30,,78819,6,,,1,100,,78820,6,,,1,100,,78821,6,,,1,100,,78822,6,,,1,100,,78823,6,,,1,100,,78824,6,,,1,500,,78828,6,,,1,100,,78829,6,,,1,100,,78830,6,,,1,100,,78831,6,,,1
301,'20261021',610,,78883,17,,,1,30,,78885,30,,,1,70,,78872,6,,,1,30,,78856,6,,,1,70,,78873,6,,,1,30,,78857,6,,,1,70,,78874,6,,,1,30,,78858,6,,,1,70,,78875,6,,,1,30,,78859,6,,,1,100,,78860,6,,,1,100,,78861,6,,,1,100,,78862,6,,,1,100,,78863,6,,,1,100,,78864,6,,,1,500,,78868,6,,,1,100,,78869,6,,,1,100,,78870,6,,,1,100,,78871,6,,,1
301,'20261022',610,,78923,17,,,1,30,,78925,30,,,1,70,,78912,6,,,1,30,,78896,6,,,1,70,,78913,6,,,1,30,,78897,6,,,1,70,,78914,6,,,1,30,,78898,6,,,1,70,,78915,6,,,1,30,,78899,6,,,1,100,,78900,6,,,1,100,,78901,6,,,1,100,,78902,6,,,1,100,,78903,6,,,1,100,,78904,6,,,1,500,,78908,6,,,1,100,,78909,6,,,1,100,,78910,6,,,1,100,,78911,6,,,1
301,'20261023',610,,78963,17,,,1,30,,78965,30,,,1,70,,78952,6,,,1,30,,78936,6,,,1,70,,78953,6,,,1,30,,78937,6,,,1,70,,78954,6,,,1,30,,78938,6,,,1,70,,78955,6,,,1,30,,78939,6,,,1,100,,78940,6,,,1,100,,78941,6,,,1,100,,78942,6,,,1,100,,78943,6,,,1,100,,78944,6,,,1,500,,78948,6,,,1,100,,78949,6,,,1,100,,78950,6,,,1,100,,78951,6,,,1
301,'20261026',610,,79055,17,,,1,30,,79057,30,,,1,70,,79044,6,,,1,30,,79028,6,,,1,70,,79045,6,,,1,30,,79029,6,,,1,70,,79046,6,,,1,30,,79030,6,,,1,70,,79047,6,,,1,30,,79031,6,,,1,100,,79032,6,,,1,100,,79033,6,,,1,100,,79034,6,,,1,100,,79035,6,,,1,100,,79036,6,,,1,500,,79040,6,,,1,100,,79041,6,,,1,100,,79042,6,,,1,100,,79043,6,,,1
301,'20261027',610,,79095,17,,,1,30,,79097,30,,,1,70,,79084,6,,,1,30,,79068,6,,,1,70,,79085,6,,,1,30,,79069,6,,,1,70,,79086,6,,,1,30,,79070,6,,,1,70,,79087,6,,,1,30,,79071,6,,,1,100,,79072,6,,,1,100,,79073,6,,,1,100,,79074,6,,,1,100,,79075,6,,,1,100,,79076,6,,,1,500,,79080,6,,,1,100,,79081,6,,,1,100,,79082,6,,,1,100,,79083,6,,,1
301,'20261028',610,,79135,17,,,1,30,,79137,30,,,1,70,,79124,6,,,1,30,,79108,6,,,1,70,,79125,6,,,1,30,,79109,6,,,1,70,,79126,6,,,1,30,,79110,6,,,1,70,,79127,6,,,1,30,,79111,6,,,1,100,,79112,6,,,1,100,,79113,6,,,1,100,,79114,6,,,1,100,,79115,6,,,1,100,,79116,6,,,1,500,,79120,6,,,1,100,,79121,6,,,1,100,,79122,6,,,1,100,,79123,6,,,1
301,'20261029',610,,79175,17,,,1,30,,79177,30,,,1,70,,79164,6,,,1,30,,79148,6,,,1,70,,79165,6,,,1,30,,79149,6,,,1,70,,79166,6,,,1,30,,79150,6,,,1,70,,79167,6,,,1,30,,79151,6,,,1,100,,79152,6,,,1,100,,79153,6,,,1,100,,79154,6,,,1,100,,79155,6,,,1,100,,79156,6,,,1,500,,79160,6,,,1,100,,79161,6,,,1,100,,79162,6,,,1,100,,79163,6,,,1
301,'20261030',610,,79215,17,,,1,30,,79217,30,,,1,70,,79204,6,,,1,30,,79188,6,,,1,70,,79205,6,,,1,30,,79189,6,,,1,70,,79206,6,,,1,30,,79190,6,,,1,70,,79207,6,,,1,30,,79191,6,,,1,100,,79192,6,,,1,100,,79193,6,,,1,100,,79194,6,,,1,100,,79195,6,,,1,100,,79196,6,,,1,500,,79200,6,,,1,100,,79201,6,,,1,100,,79202,6,,,1,100,,79203,6,,,1
301,'20261102',610,,79307,17,,,1,30,,79309,30,,,1,70,,79296,6,,,1,30,,79280,6,,,1,70,,79297,6,,,1,30,,79281,6,,,1,70,,79298,6,,,1,30,,79282,6,,,1,70,,79299,6,,,1,30,,79283,6,,,1,100,,79284,6,,,1,100,,79285,6,,,1,100,,79286,6,,,1,100,,79287,6,,,1,100,,79288,6,,,1,500,,79292,6,,,1,100,,79293,6,,,1,100,,79294,6,,,1,100,,79295,6,,,1
301,'20261103',610,,79347,17,,,1,30,,79349,30,,,1,70,,79336,6,,,1,30,,79320,6,,,1,70,,79337,6,,,1,30,,79321,6,,,1,70,,79338,6,,,1,30,,79322,6,,,1,70,,79339,6,,,1,30,,79323,6,,,1,100,,79324,6,,,1,100,,79325,6,,,1,100,,79326,6,,,1,100,,79327,6,,,1,100,,79328,6,,,1,500,,79332,6,,,1,100,,79333,6,,,1,100,,79334,6,,,1,100,,79335,6,,,1
301,'20261104',610,,79387,17,,,1,30,,79389,30,,,1,70,,79376,6,,,1,30,,79360,6,,,1,70,,79377,6,,,1,30,,79361,6,,,1,70,,79378,6,,,1,30,,79362,6,,,1,70,,79379,6,,,1,30,,79363,6,,,1,100,,79364,6,,,1,100,,79365,6,,,1,100,,79366,6,,,1,100,,79367,6,,,1,100,,79368,6,,,1,500,,79372,6,,,1,100,,79373,6,,,1,100,,79374,6,,,1,100,,79375,6,,,1
301,'20261105',610,,79427,17,,,1,30,,79429,30,,,1,70,,79416,6,,,1,30,,79400,6,,,1,70,,79417,6,,,1,30,,79401,6,,,1,70,,79418,6,,,1,30,,79402,6,,,1,70,,79419,6,,,1,30,,79403,6,,,1,100,,79404,6,,,1,100,,79405,6,,,1,100,,79406,6,,,1,100,,79407,6,,,1,100,,79408,6,,,1,500,,79412,6,,,1,100,,79413,6,,,1,100,,79414,6,,,1,100,,79415,6,,,1
301,'20261106',610,,79467,17,,,1,30,,79469,30,,,1,70,,79456,6,,,1,30,,79440,6,,,1,70,,79457,6,,,1,30,,79441,6,,,1,70,,79458,6,,,1,30,,79442,6,,,1,70,,79459,6,,,1,30,,79443,6,,,1,100,,79444,6,,,1,100,,79445,6,,,1,100,,79446,6,,,1,100,,79447,6,,,1,100,,79448,6,,,1,500,,79452,6,,,1,100,,79453,6,,,1,100,,79454,6,,,1,100,,79455,6,,,1
301,'20261109',610,,79559,17,,,1,30,,79561,30,,,1,70,,79548,6,,,1,30,,79532,6,,,1,70,,79549,6,,,1,30,,79533,6,,,1,70,,79550,6,,,1,30,,79534,6,,,1,70,,79551,6,,,1,30,,79535,6,,,1,100,,79536,6,,,1,100,,79537,6,,,1,100,,79538,6,,,1,100,,79539,6,,,1,100,,79540,6,,,1,500,,79544,6,,,1,100,,79545,6,,,1,100,,79546,6,,,1,100,,79547,6,,,1
301,'20261110',610,,79599,17,,,1,30,,79601,30,,,1,70,,79588,6,,,1,30,,79572,6,,,1,70,,79589,6,,,1,30,,79573,6,,,1,70,,79590,6,,,1,30,,79574,6,,,1,70,,79591,6,,,1,30,,79575,6,,,1,100,,79576,6,,,1,100,,79577,6,,,1,100,,79578,6,,,1,100,,79579,6,,,1,100,,79580,6,,,1,500,,79584,6,,,1,100,,79585,6,,,1,100,,79586,6,,,1,100,,79587,6,,,1
301,'20261111',610,,79639,17,,,1,30,,79641,30,,,1,70,,79628,6,,,1,30,,79612,6,,,1,70,,79629,6,,,1,30,,79613,6,,,1,70,,79630,6,,,1,30,,79614,6,,,1,70,,79631,6,,,1,30,,79615,6,,,1,100,,79616,6,,,1,100,,79617,6,,,1,100,,79618,6,,,1,100,,79619,6,,,1,100,,79620,6,,,1,500,,79624,6,,,1,100,,79625,6,,,1,100,,79626,6,,,1,100,,79627,6,,,1
301,'20261112',610,,79679,17,,,1,30,,79681,30,,,1,70,,79668,6,,,1,30,,79652,6,,,1,70,,79669,6,,,1,30,,79653,6,,,1,70,,79670,6,,,1,30,,79654,6,,,1,70,,79671,6,,,1,30,,79655,6,,,1,100,,79656,6,,,1,100,,79657,6,,,1,100,,79658,6,,,1,100,,79659,6,,,1,100,,79660,6,,,1,500,,79664,6,,,1,100,,79665,6,,,1,100,,79666,6,,,1,100,,79667,6,,,1
301,'20261113',610,,79719,17,,,1,30,,79721,30,,,1,70,,79708,6,,,1,30,,79692,6,,,1,70,,79709,6,,,1,30,,79693,6,,,1,70,,79710,6,,,1,30,,79694,6,,,1,70,,79711,6,,,1,30,,79695,6,,,1,100,,79696,6,,,1,100,,79697,6,,,1,100,,79698,6,,,1,100,,79699,6,,,1,100,,79700,6,,,1,500,,79704,6,,,1,100,,79705,6,,,1,100,,79706,6,,,1,100,,79707,6,,,1
301,'20261116',610,,79811,17,,,1,30,,79813,30,,,1,70,,79800,6,,,1,30,,79784,6,,,1,70,,79801,6,,,1,30,,79785,6,,,1,70,,79802,6,,,1,30,,79786,6,,,1,70,,79803,6,,,1,30,,79787,6,,,1,100,,79788,6,,,1,100,,79789,6,,,1,100,,79790,6,,,1,100,,79791,6,,,1,100,,79792,6,,,1,500,,79796,6,,,1,100,,79797,6,,,1,100,,79798,6,,,1,100,,79799,6,,,1
301,'20261117',610,,79851,17,,,1,30,,79853,30,,,1,70,,79840,6,,,1,30,,79824,6,,,1,70,,79841,6,,,1,30,,79825,6,,,1,70,,79842,6,,,1,30,,79826,6,,,1,70,,79843,6,,,1,30,,79827,6,,,1,100,,79828,6,,,1,100,,79829,6,,,1,100,,79830,6,,,1,100,,79831,6,,,1,100,,79832,6,,,1,500,,79836,6,,,1,100,,79837,6,,,1,100,,79838,6,,,1,100,,79839,6,,,1
301,'20261118',610,,79891,17,,,1,30,,79893,30,,,1,70,,79880,6,,,1,30,,79864,6,,,1,70,,79881,6,,,1,30,,79865,6,,,1,70,,79882,6,,,1,30,,79866,6,,,1,70,,79883,6,,,1,30,,79867,6,,,1,100,,79868,6,,,1,100,,79869,6,,,1,100,,79870,6,,,1,100,,79871,6,,,1,100,,79872,6,,,1,500,,79876,6,,,1,100,,79877,6,,,1,100,,79878,6,,,1,100,,79879,6,,,1
301,'20261119',610,,79931,17,,,1,30,,79933,30,,,1,70,,79920,6,,,1,30,,79904,6,,,1,70,,79921,6,,,1,30,,79905,6,,,1,70,,79922,6,,,1,30,,79906,6,,,1,70,,79923,6,,,1,30,,79907,6,,,1,100,,79908,6,,,1,100,,79909,6,,,1,100,,79910,6,,,1,100,,79911,6,,,1,100,,79912,6,,,1,500,,79916,6,,,1,100,,79917,6,,,1,100,,79918,6,,,1,100,,79919,6,,,1
301,'20261120',610,,79971,17,,,1,30,,79973,30,,,1,70,,79960,6,,,1,30,,79944,6,,,1,70,,79961,6,,,1,30,,79945,6,,,1,70,,79962,6,,,1,30,,79946,6,,,1,70,,79963,6,,,1,30,,79947,6,,,1,100,,79948,6,,,1,100,,79949,6,,,1,100,,79950,6,,,1,100,,79951,6,,,1,100,,79952,6,,,1,500,,79956,6,,,1,100,,79957,6,,,1,100,,79958,6,,,1,100,,79959,6,,,1
301,'20261123',610,,80063,17,,,1,30,,80065,30,,,1,70,,80052,6,,,1,30,,80036,6,,,1,70,,80053,6,,,1,30,,80037,6,,,1,70,,80054,6,,,1,30,,80038,6,,,1,70,,80055,6,,,1,30,,80039,6,,,1,100,,80040,6,,,1,100,,80041,6,,,1,100,,80042,6,,,1,100,,80043,6,,,1,100,,80044,6,,,1,500,,80048,6,,,1,100,,80049,6,,,1,100,,80050,6,,,1,100,,80051,6,,,1
301,'20261124',610,,80103,17,,,1,30,,80105,30,,,1,70,,80092,6,,,1,30,,80076,6,,,1,70,,80093,6,,,1,30,,80077,6,,,1,70,,80094,6,,,1,30,,80078,6,,,1,70,,80095,6,,,1,30,,80079,6,,,1,100,,80080,6,,,1,100,,80081,6,,,1,100,,80082,6,,,1,100,,80083,6,,,1,100,,80084,6,,,1,500,,80088,6,,,1,100,,80089,6,,,1,100,,80090,6,,,1,100,,80091,6,,,1
301,'20261125',610,,80143,17,,,1,30,,80145,30,,,1,70,,80132,6,,,1,30,,80116,6,,,1,70,,80133,6,,,1,30,,80117,6,,,1,70,,80134,6,,,1,30,,80118,6,,,1,70,,80135,6,,,1,30,,80119,6,,,1,100,,80120,6,,,1,100,,80121,6,,,1,100,,80122,6,,,1,100,,80123,6,,,1,100,,80124,6,,,1,500,,80128,6,,,1,100,,80129,6,,,1,100,,80130,6,,,1,100,,80131,6,,,1
301,'20261126',610,,80183,17,,,1,30,,80185,30,,,1,70,,80172,6,,,1,30,,80156,6,,,1,70,,80173,6,,,1,30,,80157,6,,,1,70,,80174,6,,,1,30,,80158,6,,,1,70,,80175,6,,,1,30,,80159,6,,,1,100,,80160,6,,,1,100,,80161,6,,,1,100,,80162,6,,,1,100,,80163,6,,,1,100,,80164,6,,,1,500,,80168,6,,,1,100,,80169,6,,,1,100,,80170,6,,,1,100,,80171,6,,,1
301,'20261127',610,,80223,17,,,1,30,,80225,30,,,1,70,,80212,6,,,1,30,,80196,6,,,1,70,,80213,6,,,1,30,,80197,6,,,1,70,,80214,6,,,1,30,,80198,6,,,1,70,,80215,6,,,1,30,,80199,6,,,1,100,,80200,6,,,1,100,,80201,6,,,1,100,,80202,6,,,1,100,,80203,6,,,1,100,,80204,6,,,1,500,,80208,6,,,1,100,,80209,6,,,1,100,,80210,6,,,1,100,,80211,6,,,1
