500,'20260819',1039,,49974,20,,,1,91,,49963,20,0,8,1,106,,49964,20,0,8,1,207,,49975,20,,,1,103,,49970,20,0,9,1,92,,49976,20,,,1,85,,49973,20,,,1,15,,49966,20,0,8,1,15,,49971,20,,,1,55,,49972,20,,,1,30,,49977,20,,,1,92,,49967,20,0,8,1,109,,65582,20,,,1
500,'20260820',1039,,49991,20,,,1,91,,49980,20,0,8,1,106,,49981,20,0,8,1,207,,49992,20,,,1,103,,49987,20,0,9,1,92,,49993,20,,,1,85,,49990,20,,,1,15,,49983,20,0,8,1,15,,49988,20,,,1,55,,49989,20,,,1,30,,49994,20,,,1,92,,49984,20,0,8,1,109,,65583,20,,,1
500,'20260821',1029,,50008,20,,,1,103,,49997,20,0,8,1,101,,49998,20,0,8,1,101,,49999,20,0,8,1,106,,50009,20,,,1,106,,50004,20,0,9,1,90,,50010,20,,,1,85,,50007,20,,,1,15,,50000,20,0,8,1,15,,50005,20,,,1,55,,50006,20,,,1,30,,50011,20,,,1,96,,50001,20,0,8,1,101,,50002,20,0,8,1,101,,50003,20,0,8,1,108,,50012,20,,,1,93,,50013,20,,,1
500,'20260822',928,,50023,20,,,1,106,,50014,20,0,8,1,196,,50024,20,,,1,104,,50016,20,0,8,1,196,,50025,20,,,1,104,,50018,20,0,8,1,195,,50026,20,,,1,105,,50020,20,0,8,1,100,,50021,20,0,8,1,106,,50027,20,,,1,103,,50022,20,0,9,1,91,,50028,20,,,1
500,'20260823',928,,50038,20,,,1,106,,50029,20,0,8,1,196,,50039,20,,,1,104,,50031,20,0,8,1,196,,50040,20,,,1,104,,50033,20,0,8,1,195,,50041,20,,,1,105,,50035,20,0,8,1,100,,50036,20,0,8,1,106,,50042,20,,,1,103,,50037,20,0,9,1,91,,50043,20,,,1
500,'20260824',1029,,65153,20,,,1,103,,50044,20,0,8,1,101,,65147,20,0,8,1,101,,50046,20,0,8,1,106,,65154,20,,,1,106,,65149,20,0,9,1,90,,65155,20,,,1,85,,65152,20,,,1,15,,50047,20,0,8,1,15,,65150,20,,,1,55,,65151,20,,,1,30,,50058,20,,,1,96,,50048,20,0,8,1,101,,50049,20,0,8,1,101,,65148,20,0,8,1,108,,65156,20,,,1,93,,50060,20,,,1
500,'20260825',1029,,50072,20,,,1,103,,50061,20,0,8,1,101,,50062,20,0,8,1,101,,50063,20,0,8,1,106,,50073,20,,,1,106,,50068,20,0,9,1,90,,50074,20,,,1,85,,50071,20,,,1,15,,50064,20,0,8,1,15,,50069,20,,,1,55,,50070,20,,,1,30,,50075,20,,,1,96,,50065,20,0,8,1,101,,50066,20,0,8,1,101,,50067,20,0,8,1,108,,50076,20,,,1,93,,50077,20,,,1
500,'20260826',1029,,50089,20,,,1,103,,50078,20,0,8,1,101,,50079,20,0,8,1,101,,50080,20,0,8,1,106,,50090,20,,,1,106,,50085,20,0,9,1,90,,50091,20,,,1,85,,50088,20,,,1,15,,50081,20,0,8,1,15,,50086,20,,,1,55,,50087,20,,,1,30,,50092,20,,,1,96,,50082,20,0,8,1,101,,50083,20,0,8,1,101,,50084,20,0,8,1,108,,50093,20,,,1,93,,50094,20,,,1
500,'20260827',1029,,50106,20,,,1,103,,50095,20,0,8,1,101,,50096,20,0,8,1,101,,50097,20,0,8,1,106,,50107,20,,,1,106,,50102,20,0,9,1,90,,50108,20,,,1,85,,50105,20,,,1,15,,50098,20,0,8,1,15,,50103,20,,,1,55,,50104,20,,,1,30,,50109,20,,,1,96,,50099,20,0,8,1,101,,50100,20,0,8,1,101,,50101,20,0,8,1,108,,50110,20,,,1,93,,50111,20,,,1
500,'20260828',1029,,50123,20,,,1,103,,50112,20,0,8,1,101,,50113,20,0,8,1,101,,50114,20,0,8,1,106,,50124,20,,,1,106,,50119,20,0,9,1,90,,50125,20,,,1,85,,50122,20,,,1,15,,50115,20,0,8,1,15,,50120,20,,,1,55,,50121,20,,,1,30,,50126,20,,,1,96,,50116,20,0,8,1,101,,50117,20,0,8,1,101,,50118,20,0,8,1,108,,50127,20,,,1,93,,50128,20,,,1
500,'20260829',932,,50138,20,,,1,102,,50129,20,0,8,1,100,,50130,20,0,8,1,100,,50139,20,,,1,100,,50131,20,0,8,1,100,,50132,20,0,8,1,100,,50140,20,,,1,100,,50133,20,0,8,1,100,,50134,20,0,8,1,100,,50141,20,,,1,100,,50135,20,0,8,1,100,,50136,20,0,8,1,104,,50142,20,,,1,103,,50137,20,0,9,1,93,,50143,20,,,1
500,'20260830',932,,50153,20,,,1,102,,50144,20,0,8,1,100,,50145,20,0,8,1,100,,50154,20,,,1,100,,50146,20,0,8,1,100,,50147,20,0,8,1,100,,50155,20,,,1,100,,50148,20,0,8,1,100,,50149,20,0,8,1,100,,50156,20,,,1,100,,50150,20,0,8,1,100,,50151,20,0,8,1,104,,50157,20,,,1,103,,50152,20,0,9,1,93,,50158,20,,,1
500,'20260831',1034,,65163,20,,,1,101,,50159,20,0,8,1,99,,65157,20,0,8,1,100,,50161,20,0,8,1,107,,65164,20,,,1,103,,65159,20,0,9,1,92,,65165,20,,,1,85,,65162,20,,,1,15,,50162,20,0,8,1,15,,65160,20,,,1,55,,65161,20,,,1,30,,50173,20,,,1,98,,50163,20,0,8,1,100,,50164,20,0,8,1,100,,65158,20,0,8,1,108,,65166,20,,,1,93,,50175,20,,,1
500,'20260901',1034,,50187,20,,,1,101,,50176,20,0,8,1,99,,50177,20,0,8,1,100,,50178,20,0,8,1,107,,50188,20,,,1,103,,50183,20,0,9,1,92,,50189,20,,,1,85,,50186,20,,,1,15,,50179,20,0,8,1,15,,50184,20,,,1,55,,50185,20,,,1,30,,50190,20,,,1,98,,50180,20,0,8,1,100,,50181,20,0,8,1,100,,50182,20,0,8,1,108,,50191,20,,,1,93,,50192,20,,,1
500,'20260902',1034,,50204,20,,,1,101,,50193,20,0,8,1,99,,50194,20,0,8,1,100,,50195,20,0,8,1,107,,50205,20,,,1,103,,50200,20,0,9,1,92,,50206,20,,,1,85,,50203,20,,,1,15,,50196,20,0,8,1,15,,50201,20,,,1,55,,50202,20,,,1,30,,50207,20,,,1,98,,50197,20,0,8,1,100,,50198,20,0,8,1,100,,50199,20,0,8,1,108,,50208,20,,,1,93,,50209,20,,,1
500,'20260903',1034,,50221,20,,,1,101,,50210,20,0,8,1,99,,50211,20,0,8,1,100,,50212,20,0,8,1,107,,50222,20,,,1,103,,50217,20,0,9,1,92,,50223,20,,,1,85,,50220,20,,,1,15,,50213,20,0,8,1,15,,50218,20,,,1,55,,50219,20,,,1,30,,50224,20,,,1,98,,50214,20,0,8,1,100,,50215,20,0,8,1,100,,50216,20,0,8,1,108,,50225,20,,,1,93,,50226,20,,,1
500,'20260904',1034,,50238,20,,,1,101,,50227,20,0,8,1,99,,50228,20,0,8,1,100,,50229,20,0,8,1,107,,50239,20,,,1,103,,50234,20,0,9,1,92,,50240,20,,,1,85,,50237,20,,,1,15,,50230,20,0,8,1,15,,50235,20,,,1,55,,50236,20,,,1,30,,50241,20,,,1,98,,50231,20,0,8,1,100,,50232,20,0,8,1,100,,50233,20,0,8,1,108,,50242,20,,,1,93,,50243,20,,,1
501,'20260819',545,,51382,9,,,1,69,,51383,16,,,1,30,,51385,16,,,1,70,,51384,16,,,1,20,,51375,3,,,1,20,,51386,16,,,1,55,,51387,16,,,1,93,,51388,16,,,1,99,,51389,16,,,1,201,,51377,3,,,1,106,,51378,3,,,1,100,,51390,16,,,1,594,,51380,3,,,1
501,'20260820',545,,51399,9,,,1,69,,51400,16,,,1,30,,51402,16,,,1,70,,51401,16,,,1,20,,51392,3,,,1,20,,51403,16,,,1,55,,51404,16,,,1,93,,51405,16,,,1,99,,51406,16,,,1,201,,51394,3,,,1,106,,51395,3,,,1,100,,51407,16,,,1,594,,51397,3,,,1
501,'20260821',546,,51416,9,,,1,69,,51417,16,,,1,30,,51419,16,,,1,70,,51418,16,,,1,20,,51409,3,,,1,20,,51420,16,,,1,55,,51421,16,,,1,93,,51422,16,,,1,54,,51423,16,,,1,145,,51410,3,,,1,100,,51411,3,,,1,101,,51412,3,,,1,106,,51424,16,,,1,104,,51413,3,,,1,489,,51414,3,,,1,101,,51415,3,,,1,109,,51425,16,,,1
501,'20260822',800,,51435,16,,,1,57,,51436,16,,,1,146,,51426,3,,,1,101,,51427,3,,,1,96,,51437,16,,,1,103,,51428,3,,,1,101,,51429,3,,,1,96,,51438,16,,,1,103,,51430,3,,,1,101,,51431,3,,,1,96,,51439,16,,,1,103,,51432,3,,,1,101,,51433,3,,,1,105,,51440,16,,,1,106,,51434,3,,,1
501,'20260823',800,,51450,16,,,1,57,,51451,16,,,1,146,,51441,3,,,1,101,,51442,3,,,1,96,,51452,16,,,1,103,,51443,3,,,1,101,,51444,3,,,1,96,,51453,16,,,1,103,,51445,3,,,1,101,,51446,3,,,1,96,,51454,16,,,1,103,,51447,3,,,1,101,,51448,3,,,1,105,,51455,16,,,1,106,,51449,3,,,1
501,'20260824',546,,65195,9,,,1,69,,65196,16,,,1,30,,65198,16,,,1,70,,65197,16,,,1,20,,65191,3,,,1,20,,51467,16,,,1,55,,65199,16,,,1,93,,51469,16,,,1,54,,65200,16,,,1,145,,51457,3,,,1,100,,65192,3,,,1,101,,51459,3,,,1,106,,65201,16,,,1,104,,65193,3,,,1,489,,51461,3,,,1,101,,65194,3,,,1,109,,65202,16,,,1
501,'20260825',546,,51480,9,,,1,69,,51481,16,,,1,30,,51483,16,,,1,70,,51482,16,,,1,20,,51473,3,,,1,20,,51484,16,,,1,55,,51485,16,,,1,93,,51486,16,,,1,54,,51487,16,,,1,145,,51474,3,,,1,100,,51475,3,,,1,101,,51476,3,,,1,106,,51488,16,,,1,104,,51477,3,,,1,489,,51478,3,,,1,101,,51479,3,,,1,109,,51489,16,,,1
501,'20260826',546,,51497,9,,,1,69,,51498,16,,,1,30,,51500,16,,,1,70,,51499,16,,,1,20,,51490,3,,,1,20,,51501,16,,,1,55,,51502,16,,,1,93,,51503,16,,,1,54,,51504,16,,,1,145,,51491,3,,,1,100,,51492,3,,,1,101,,51493,3,,,1,106,,51505,16,,,1,104,,51494,3,,,1,489,,51495,3,,,1,101,,51496,3,,,1,109,,51506,16,,,1
501,'20260827',546,,51514,9,,,1,69,,51515,16,,,1,30,,51517,16,,,1,70,,51516,16,,,1,20,,51507,3,,,1,20,,51518,16,,,1,55,,51519,16,,,1,93,,51520,16,,,1,54,,51521,16,,,1,145,,51508,3,,,1,100,,51509,3,,,1,101,,51510,3,,,1,106,,51522,16,,,1,104,,51511,3,,,1,489,,51512,3,,,1,101,,51513,3,,,1,109,,51523,16,,,1
501,'20260828',546,,51531,9,,,1,69,,51532,16,,,1,30,,51534,16,,,1,70,,51533,16,,,1,20,,51524,3,,,1,20,,51535,16,,,1,55,,51536,16,,,1,93,,51537,16,,,1,54,,51538,16,,,1,145,,51525,3,,,1,100,,51526,3,,,1,101,,51527,3,,,1,106,,51539,16,,,1,104,,51528,3,,,1,489,,51529,3,,,1,101,,51530,3,,,1,109,,51540,16,,,1
501,'20260829',802,,51550,16,,,1,100,,51551,16,,,1,103,,51541,3,,,1,100,,51542,3,,,1,101,,51552,16,,,1,99,,51543,3,,,1,100,,51544,3,,,1,101,,51553,16,,,1,99,,51545,3,,,1,100,,51546,3,,,1,101,,51554,16,,,1,99,,51547,3,,,1,100,,51548,3,,,1,104,,51555,16,,,1,104,,51549,3,,,1
501,'20260830',802,,51565,16,,,1,100,,51566,16,,,1,103,,51556,3,,,1,100,,51557,3,,,1,101,,51567,16,,,1,99,,51558,3,,,1,100,,51559,3,,,1,101,,51568,16,,,1,99,,51560,3,,,1,100,,51561,3,,,1,101,,51569,16,,,1,99,,51562,3,,,1,100,,51563,3,,,1,104,,51570,16,,,1,104,,51564,3,,,1
501,'20260831',548,,65207,9,,,1,69,,65208,16,,,1,30,,65210,16,,,1,70,,65209,16,,,1,20,,65203,3,,,1,20,,51582,16,,,1,55,,65211,16,,,1,93,,51584,16,,,1,99,,65212,16,,,1,103,,51572,3,,,1,98,,65204,3,,,1,100,,51574,3,,,1,106,,65213,16,,,1,103,,65205,3,,,1,491,,51576,3,,,1,100,,65206,3,,,1,107,,65214,16,,,1
501,'20260901',548,,51595,9,,,1,69,,51596,16,,,1,30,,51598,16,,,1,70,,51597,16,,,1,20,,51588,3,,,1,20,,51599,16,,,1,55,,51600,16,,,1,93,,51601,16,,,1,99,,51602,16,,,1,103,,51589,3,,,1,98,,51590,3,,,1,100,,51591,3,,,1,106,,51603,16,,,1,103,,51592,3,,,1,491,,51593,3,,,1,100,,51594,3,,,1,107,,51604,16,,,1
501,'20260902',548,,51612,9,,,1,69,,51613,16,,,1,30,,51615,16,,,1,70,,51614,16,,,1,20,,51605,3,,,1,20,,51616,16,,,1,55,,51617,16,,,1,93,,51618,16,,,1,99,,51619,16,,,1,103,,51606,3,,,1,98,,51607,3,,,1,100,,51608,3,,,1,106,,51620,16,,,1,103,,51609,3,,,1,491,,51610,3,,,1,100,,51611,3,,,1,107,,51621,16,,,1
501,'20260903',548,,51629,9,,,1,69,,51630,16,,,1,30,,51632,16,,,1,70,,51631,16,,,1,20,,51622,3,,,1,20,,51633,16,,,1,55,,51634,16,,,1,93,,51635,16,,,1,99,,51636,16,,,1,103,,51623,3,,,1,98,,51624,3,,,1,100,,51625,3,,,1,106,,51637,16,,,1,103,,51626,3,,,1,491,,51627,3,,,1,100,,51628,3,,,1,107,,51638,16,,,1
501,'20260904',548,,51646,9,,,1,69,,51647,16,,,1,30,,51649,16,,,1,70,,51648,16,,,1,20,,51639,3,,,1,20,,51650,16,,,1,55,,51651,16,,,1,93,,51652,16,,,1,99,,51653,16,,,1,103,,51640,3,,,1,98,,51641,3,,,1,100,,51642,3,,,1,106,,51654,16,,,1,103,,51643,3,,,1,491,,51644,3,,,1,100,,51645,3,,,1,107,,51655,16,,,1
