100,'20260819',630,,36009,13,0,10,1,70,,36032,13,0,11 12,1,38,,36010,13,0,10,1,70,,36033,13,0,11 12,1,30,,36011,13,0,10,1,70,,36034,13,0,11 12,1,30,,36012,13,0,10,1,70,,36035,13,0,11 12,1,30,,36013,13,0,10,1,70,,36036,13,0,11 12,1,30,,36014,13,0,10,1,70,,36047,13,0,13,1,30,,36015,13,0,10,1,70,,36037,13,0,11 12,1,30,,36016,13,0,10,1,70,,36038,13,0,11 12,1,30,,36017,13,0,10,1,70,,36039,13,0,11 12,1,30,,36018,13,0,10,1,18,,36029,13,0,14,1,71,,36026,13,0,14,1,30,,36030,13,0,14,1,70,,36027,13,0,14,1,30,,36031,13,0,15,1,57,,36040,13,0,11 12,1,25,,36019,13,0,10,1,70,,36048,13,0,13,1,30,,36020,13,0,10,1,70,,36041,13,0,11 12,1,30,,36021,13,0,10,1,70,,36042,13,0,11 12,1,30,,36022,13,0,10,1,70,,36043,13,0,11 12,1,30,,36023,13,0,10,1,70,,36044,13,0,11 12,1,17,,36028,13,0,10,1,83,,36045,13,0,11 12,1
100,'20260820',630,,36057,13,0,10,1,70,,36080,13,0,11 12,1,38,,36058,13,0,10,1,70,,36081,13,0,11 12,1,30,,36059,13,0,10,1,70,,36082,13,0,11 12,1,30,,36060,13,0,10,1,70,,36083,13,0,11 12,1,30,,36061,13,0,10,1,70,,36084,13,0,11 12,1,30,,36062,13,0,10,1,70,,36095,13,0,13,1,30,,36063,13,0,10,1,70,,36085,13,0,11 12,1,30,,36064,13,0,10,1,70,,36086,13,0,11 12,1,30,,36065,13,0,10,1,70,,36087,13,0,11 12,1,30,,36066,13,0,10,1,18,,36077,13,0,14,1,71,,36074,13,0,14,1,30,,36078,13,0,14,1,70,,36075,13,0,14,1,30,,36079,13,0,15,1,57,,36088,13,0,11 12,1,25,,36067,13,0,10,1,70,,36096,13,0,13,1,30,,36068,13,0,10,1,70,,36089,13,0,11 12,1,30,,36069,13,0,10,1,70,,36090,13,0,11 12,1,30,,36070,13,0,10,1,70,,36091,13,0,11 12,1,30,,36071,13,0,10,1,70,,36092,13,0,11 12,1,30,,65428,13,0,10,1,70,,36093,13,0,11 12,1
100,'20260821',630,,36105,13,0,10,1,70,,36129,13,0,11 12,1,38,,36106,13,0,10,1,70,,36130,13,0,11 12,1,30,,36107,13,0,10,1,70,,36131,13,0,11 12,1,30,,36108,13,0,10,1,70,,36132,13,0,11 12,1,31,,36109,13,0,10,1,70,,36133,13,0,11 12,1,30,,36110,13,0,10,1,70,,36145,13,0,13,1,30,,36111,13,0,10,1,70,,36134,13,0,11 12,1,30,,36112,13,0,10,1,70,,36135,13,0,11 12,1,30,,36113,13,0,10,1,70,,36136,13,0,11 12,1,30,,36114,13,0,10,1,18,,36126,13,0,14,1,71,,36124,13,0,14,1,30,,36127,13,0,14,1,70,,36125,13,0,14,1,30,,36128,13,0,15,1,57,,36137,13,0,11 12,1,24,,36115,13,0,10,1,70,,36146,13,0,13,1,30,,36116,13,0,10,1,70,,36138,13,0,11 12,1,30,,36117,13,0,10,1,70,,36139,13,0,11 12,1,30,,36118,13,0,10,1,70,,36140,13,0,11 12,1,9,,65431,13,,,1,21,,36119,13,0,10,1,70,,36141,13,0,11 12,1,30,,36120,13,0,10,1,70,,36142,13,0,11 12,1,30,,36121,13,0,10,1,70,,36143,13,0,11 12,1
100,'20260822',909,,36187,13,0,11 12,1,30,,36155,13,0,10,1,70,,36188,13,0,11 12,1,30,,36156,13,0,10,1,70,,36189,13,0,11 12,1,30,,36157,13,0,10,1,70,,36190,13,0,11 12,1,30,,36158,13,0,10,1,70,,36191,13,0,11 12,1,30,,36159,13,0,10,1,70,,36192,13,0,11 12,1,30,,36160,13,0,10,1,70,,36202,13,0,13,1,30,,36161,13,0,10,1,15,,36171,13,0,14,1,55,,36193,13,0,11 12,1,15,,36179,13,0,14,1,15,,36162,13,0,10,1,15,,36172,13,0,14,1,55,,36194,13,0,11 12,1,15,,36180,13,0,14,1,15,,36163,13,0,10,1,15,,36173,13,0,14,1,55,,36195,13,0,11 12,1,15,,36181,13,0,14,1,15,,36164,13,0,10,1,15,,36174,13,0,14,1,55,,36196,13,0,11 12,1,15,,36182,13,0,14,1,15,,36165,13,0,10,1,15,,36175,13,0,14,1,55,,36197,13,0,11 12,1,15,,36183,13,0,14,1,15,,36166,13,0,10,1,15,,36176,13,0,14,1,55,,36203,13,0,13,1,15,,36184,13,0,14,1,15,,36167,13,0,10,1,15,,36177,13,0,14,1,55,,36198,13,0,11 12,1,15,,36185,13,0,14,1,15,,36168,13,0,10,1,15,,36178,13,0,14,1,55,,36199,13,0,11 12,1,15,,36186,13,0,14,1,15,,36169,13,0,10,1,70,,36200,13,0,11 12,1,30,,36170,13,0,10,1,70,,36201,13,0,11 12,1
100,'20260823',909,,36240,13,0,11 12,1,30,,36208,13,0,10,1,70,,36241,13,0,11 12,1,30,,36209,13,0,10,1,70,,36242,13,0,11 12,1,30,,36210,13,0,10,1,70,,36243,13,0,11 12,1,30,,36211,13,0,10,1,70,,36244,13,0,11 12,1,30,,36212,13,0,10,1,70,,36245,13,0,11 12,1,30,,36213,13,0,10,1,70,,36255,13,0,13,1,30,,36214,13,0,10,1,15,,36224,13,0,14,1,55,,36246,13,0,11 12,1,15,,36232,13,0,14,1,15,,36215,13,0,10,1,15,,36225,13,0,14,1,55,,36247,13,0,11 12,1,15,,36233,13,0,14,1,15,,36216,13,0,10,1,15,,36226,13,0,14,1,55,,36248,13,0,11 12,1,15,,36234,13,0,14,1,15,,36217,13,0,10,1,15,,36227,13,0,14,1,55,,36249,13,0,11 12,1,15,,36235,13,0,14,1,15,,36218,13,0,10,1,15,,36228,13,0,14,1,55,,36250,13,0,11 12,1,15,,36236,13,0,14,1,15,,36219,13,0,10,1,15,,36229,13,0,14,1,55,,36256,13,0,13,1,15,,36237,13,0,14,1,15,,36220,13,0,10,1,15,,36230,13,0,14,1,55,,36251,13,0,11 12,1,15,,36238,13,0,14,1,15,,36221,13,0,10,1,15,,36231,13,0,14,1,55,,36252,13,0,11 12,1,15,,36239,13,0,14,1,15,,36222,13,0,10,1,70,,36253,13,0,11 12,1,30,,36223,13,0,10,1
100,'20260824',630,,64673,13,0,10,1,70,,64679,13,0,11 12,1,38,,64674,13,0,10,1,70,,64680,13,0,11 12,1,30,,64675,13,0,10,1,70,,36286,13,0,11 12,1,30,,36264,13,0,10,1,70,,36287,13,0,11 12,1,31,,36265,13,0,10,1,70,,36288,13,0,11 12,1,30,,36266,13,0,10,1,70,,64684,13,0,13,1,30,,36267,13,0,10,1,70,,36289,13,0,11 12,1,30,,36268,13,0,10,1,70,,36290,13,0,11 12,1,30,,36269,13,0,10,1,70,,64681,13,0,11 12,1,30,,36270,13,0,10,1,18,,36281,13,0,14,1,71,,36278,13,0,14,1,30,,36282,13,0,14,1,70,,36279,13,0,14,1,30,,36283,13,0,15,1,57,,36292,13,0,11 12,1,24,,36271,13,0,10,1,70,,64685,13,0,13,1,30,,36272,13,0,10,1,70,,36293,13,0,11 12,1,30,,36273,13,0,10,1,70,,64682,13,0,11 12,1,30,,36274,13,0,10,1,70,,36295,13,0,11 12,1,9,,65440,13,,,1,21,,36275,13,0,10,1,70,,36296,13,0,11 12,1,17,,64678,13,0,10,1,83,,36297,13,0,11 12,1,30,,65439,13,0,14,1
100,'20260825',630,,36309,13,0,10,1,70,,36332,13,0,11 12,1,38,,36310,13,0,10,1,70,,36333,13,0,11 12,1,30,,36311,13,0,10,1,70,,36334,13,0,11 12,1,30,,36312,13,0,10,1,70,,36335,13,0,11 12,1,31,,36313,13,0,10,1,70,,36336,13,0,11 12,1,30,,36314,13,0,10,1,70,,36347,13,0,13,1,30,,36315,13,0,10,1,70,,36337,13,0,11 12,1,30,,36316,13,0,10,1,70,,36338,13,0,11 12,1,30,,36317,13,0,10,1,70,,36339,13,0,11 12,1,30,,36318,13,0,10,1,18,,36329,13,0,14,1,71,,36326,13,0,14,1,30,,36330,13,0,14,1,70,,36327,13,0,14,1,30,,36331,13,0,15,1,57,,36340,13,0,11 12,1,24,,36319,13,0,10,1,70,,36348,13,0,13,1,30,,36320,13,0,10,1,70,,36341,13,0,11 12,1,30,,36321,13,0,10,1,70,,36342,13,0,11 12,1,30,,36322,13,0,10,1,70,,36343,13,0,11 12,1,9,,65443,13,,,1,21,,36323,13,0,10,1,70,,36344,13,0,11 12,1,17,,36328,13,0,10,1,83,,36345,13,0,11 12,1,30,,65442,13,0,14,1
100,'20260826',630,,36357,13,0,10,1,70,,36380,13,0,11 12,1,38,,36358,13,0,10,1,70,,36381,13,0,11 12,1,30,,36359,13,0,10,1,70,,36382,13,0,11 12,1,30,,36360,13,0,10,1,70,,36383,13,0,11 12,1,31,,36361,13,0,10,1,70,,36384,13,0,11 12,1,30,,36362,13,0,10,1,70,,36395,13,0,13,1,30,,36363,13,0,10,1,70,,36385,13,0,11 12,1,30,,36364,13,0,10,1,70,,36386,13,0,11 12,1,30,,36365,13,0,10,1,70,,36387,13,0,11 12,1,30,,36366,13,0,10,1,18,,36377,13,0,14,1,71,,36374,13,0,14,1,30,,36378,13,0,14,1,70,,36375,13,0,14,1,30,,36379,13,0,15,1,57,,36388,13,0,11 12,1,24,,36367,13,0,10,1,70,,36396,13,0,13,1,30,,36368,13,0,10,1,70,,36389,13,0,11 12,1,30,,36369,13,0,10,1,70,,36390,13,0,11 12,1,30,,36370,13,0,10,1,70,,36391,13,0,11 12,1,9,,65446,13,,,1,21,,36371,13,0,10,1,70,,36392,13,0,11 12,1,17,,36376,13,0,10,1,83,,36393,13,0,11 12,1,30,,65445,13,0,14,1
100,'20260827',630,,36405,13,0,10,1,70,,36428,13,0,11 12,1,38,,36406,13,0,10,1,70,,36429,13,0,11 12,1,30,,36407,13,0,10,1,70,,36430,13,0,11 12,1,30,,36408,13,0,10,1,70,,36431,13,0,11 12,1,31,,36409,13,0,10,1,70,,36432,13,0,11 12,1,30,,36410,13,0,10,1,70,,36443,13,0,13,1,30,,36411,13,0,10,1,70,,36433,13,0,11 12,1,30,,36412,13,0,10,1,70,,36434,13,0,11 12,1,30,,36413,13,0,10,1,70,,36435,13,0,11 12,1,30,,36414,13,0,10,1,18,,36425,13,0,14,1,71,,36422,13,0,14,1,30,,36426,13,0,14,1,70,,36423,13,0,14,1,30,,36427,13,0,15,1,57,,36436,13,0,11 12,1,24,,36415,13,0,10,1,70,,36444,13,0,13,1,30,,36416,13,0,10,1,70,,36437,13,0,11 12,1,30,,36417,13,0,10,1,70,,36438,13,0,11 12,1,30,,36418,13,0,10,1,70,,36439,13,0,11 12,1,9,,65449,13,,,1,21,,36419,13,0,10,1,70,,36440,13,0,11 12,1,17,,36424,13,0,10,1,83,,36441,13,0,11 12,1,30,,65448,13,0,14,1
100,'20260828',630,,36453,13,0,10,1,70,,36477,13,0,11 12,1,38,,36454,13,0,10,1,70,,36478,13,0,11 12,1,30,,36455,13,0,10,1,70,,36479,13,0,11 12,1,30,,36456,13,0,10,1,70,,36480,13,0,11 12,1,31,,36457,13,0,10,1,70,,36481,13,0,11 12,1,30,,36458,13,0,10,1,70,,36493,13,0,13,1,30,,36459,13,0,10,1,70,,36482,13,0,11 12,1,30,,36460,13,0,10,1,70,,36483,13,0,11 12,1,30,,36461,13,0,10,1,70,,36484,13,0,11 12,1,30,,36462,13,0,10,1,18,,36474,13,0,14,1,71,,36472,13,0,14,1,30,,36475,13,0,14,1,70,,36473,13,0,14,1,30,,36476,13,0,15,1,57,,36485,13,0,11 12,1,24,,36463,13,0,10,1,70,,36494,13,0,13,1,30,,36464,13,0,10,1,70,,36486,13,0,11 12,1,30,,36465,13,0,10,1,70,,36487,13,0,11 12,1,30,,36466,13,0,10,1,70,,36488,13,0,11 12,1,9,,65451,13,,,1,21,,36467,13,0,10,1,70,,36489,13,0,11 12,1,30,,36468,13,0,10,1,70,,36490,13,0,11 12,1,30,,36469,13,0,10,1,70,,36491,13,0,11 12,1
100,'20260829',909,,36535,13,0,11 12,1,30,,36503,13,0,10,1,70,,36536,13,0,11 12,1,30,,36504,13,0,10,1,70,,36537,13,0,11 12,1,30,,36505,13,0,10,1,70,,36538,13,0,11 12,1,30,,36506,13,0,10,1,70,,36539,13,0,11 12,1,30,,36507,13,0,10,1,70,,36540,13,0,11 12,1,30,,36508,13,0,10,1,70,,36550,13,0,13,1,30,,36509,13,0,10,1,15,,36519,13,0,14,1,55,,36541,13,0,11 12,1,15,,36527,13,0,14,1,15,,36510,13,0,10,1,15,,36520,13,0,14,1,55,,36542,13,0,11 12,1,15,,36528,13,0,14,1,15,,36511,13,0,10,1,15,,36521,13,0,14,1,55,,36543,13,0,11 12,1,15,,36529,13,0,14,1,15,,36512,13,0,10,1,15,,36522,13,0,14,1,55,,36544,13,0,11 12,1,15,,36530,13,0,14,1,15,,36513,13,0,10,1,15,,36523,13,0,14,1,55,,36545,13,0,11 12,1,15,,36531,13,0,14,1,15,,36514,13,0,10,1,15,,36524,13,0,14,1,55,,36551,13,0,13,1,15,,36532,13,0,14,1,15,,36515,13,0,10,1,15,,36525,13,0,14,1,55,,36546,13,0,11 12,1,15,,36533,13,0,14,1,15,,36516,13,0,10,1,15,,36526,13,0,14,1,55,,36547,13,0,11 12,1,15,,36534,13,0,14,1,15,,36517,13,0,10,1,70,,36548,13,0,11 12,1,30,,36518,13,0,10,1,70,,36549,13,0,11 12,1
100,'20260830',909,,36588,13,0,11 12,1,30,,36556,13,0,10,1,70,,36589,13,0,11 12,1,30,,36557,13,0,10,1,70,,36590,13,0,11 12,1,30,,36558,13,0,10,1,70,,36591,13,0,11 12,1,30,,36559,13,0,10,1,70,,36592,13,0,11 12,1,30,,36560,13,0,10,1,70,,36593,13,0,11 12,1,30,,36561,13,0,10,1,70,,36603,13,0,13,1,30,,36562,13,0,10,1,15,,36572,13,0,14,1,55,,36594,13,0,11 12,1,15,,36580,13,0,14,1,15,,36563,13,0,10,1,15,,36573,13,0,14,1,55,,36595,13,0,11 12,1,15,,36581,13,0,14,1,15,,36564,13,0,10,1,15,,36574,13,0,14,1,55,,36596,13,0,11 12,1,15,,36582,13,0,14,1,15,,36565,13,0,10,1,15,,36575,13,0,14,1,55,,36597,13,0,11 12,1,15,,36583,13,0,14,1,15,,36566,13,0,10,1,15,,36576,13,0,14,1,55,,36598,13,0,11 12,1,15,,36584,13,0,14,1,15,,36567,13,0,10,1,15,,36577,13,0,14,1,55,,36604,13,0,13,1,15,,36585,13,0,14,1,15,,36568,13,0,10,1,15,,36578,13,0,14,1,55,,36599,13,0,11 12,1,15,,36586,13,0,14,1,15,,36569,13,0,10,1,15,,36579,13,0,14,1,55,,36600,13,0,11 12,1,15,,36587,13,0,14,1,15,,36570,13,0,10,1,70,,36601,13,0,11 12,1,30,,36571,13,0,10,1
100,'20260831',630,,64692,13,0,10,1,70,,64698,13,0,11 12,1,38,,64693,13,0,10,1,70,,64699,13,0,11 12,1,30,,64694,13,0,10,1,70,,36634,13,0,11 12,1,30,,36612,13,0,10,1,70,,36635,13,0,11 12,1,31,,36613,13,0,10,1,70,,36636,13,0,11 12,1,30,,36614,13,0,10,1,70,,64703,13,0,13,1,30,,36615,13,0,10,1,70,,36637,13,0,11 12,1,30,,36616,13,0,10,1,70,,36638,13,0,11 12,1,30,,36617,13,0,10,1,70,,64700,13,0,11 12,1,30,,36618,13,0,10,1,18,,36629,13,0,14,1,71,,36626,13,0,14,1,30,,36630,13,0,14,1,70,,36627,13,0,14,1,30,,36631,13,0,15,1,57,,36640,13,0,11 12,1,24,,36619,13,0,10,1,70,,64704,13,0,13,1,30,,36620,13,0,10,1,70,,36641,13,0,11 12,1,30,,36621,13,0,10,1,70,,64701,13,0,11 12,1,30,,36622,13,0,10,1,70,,36643,13,0,11 12,1,9,,65460,13,,,1,21,,36623,13,0,10,1,70,,36644,13,0,11 12,1,17,,64697,13,0,10,1,83,,36645,13,0,11 12,1,30,,65459,13,0,14,1
100,'20260901',630,,36657,13,0,10,1,70,,36680,13,0,11 12,1,38,,36658,13,0,10,1,70,,36681,13,0,11 12,1,30,,36659,13,0,10,1,70,,36682,13,0,11 12,1,30,,36660,13,0,10,1,70,,36683,13,0,11 12,1,31,,36661,13,0,10,1,70,,36684,13,0,11 12,1,30,,36662,13,0,10,1,70,,36695,13,0,13,1,30,,36663,13,0,10,1,70,,36685,13,0,11 12,1,30,,36664,13,0,10,1,70,,36686,13,0,11 12,1,30,,36665,13,0,10,1,70,,36687,13,0,11 12,1,30,,36666,13,0,10,1,18,,36677,13,0,14,1,71,,36674,13,0,14,1,30,,36678,13,0,14,1,70,,36675,13,0,14,1,30,,36679,13,0,15,1,57,,36688,13,0,11 12,1,24,,36667,13,0,10,1,70,,36696,13,0,13,1,30,,36668,13,0,10,1,70,,36689,13,0,11 12,1,30,,36669,13,0,10,1,70,,36690,13,0,11 12,1,30,,36670,13,0,10,1,70,,36691,13,0,11 12,1,9,,65463,13,,,1,21,,36671,13,0,10,1,70,,36692,13,0,11 12,1,17,,36676,13,0,10,1,83,,36693,13,0,11 12,1,30,,65462,13,0,14,1
100,'20260902',630,,36705,13,0,10,1,70,,36728,13,0,11 12,1,38,,36706,13,0,10,1,70,,36729,13,0,11 12,1,30,,36707,13,0,10,1,70,,36730,13,0,11 12,1,30,,36708,13,0,10,1,70,,36731,13,0,11 12,1,31,,36709,13,0,10,1,70,,36732,13,0,11 12,1,30,,36710,13,0,10,1,70,,36743,13,0,13,1,30,,36711,13,0,10,1,70,,36733,13,0,11 12,1,30,,36712,13,0,10,1,70,,36734,13,0,11 12,1,30,,36713,13,0,10,1,70,,36735,13,0,11 12,1,30,,36714,13,0,10,1,18,,36725,13,0,14,1,71,,36722,13,0,14,1,30,,36726,13,0,14,1,70,,36723,13,0,14,1,30,,36727,13,0,15,1,57,,36736,13,0,11 12,1,24,,36715,13,0,10,1,70,,36744,13,0,13,1,30,,36716,13,0,10,1,70,,36737,13,0,11 12,1,30,,36717,13,0,10,1,70,,36738,13,0,11 12,1,30,,36718,13,0,10,1,70,,36739,13,0,11 12,1,9,,65466,13,,,1,21,,36719,13,0,10,1,70,,36740,13,0,11 12,1,17,,36724,13,0,10,1,83,,36741,13,0,11 12,1,30,,65465,13,0,14,1
100,'20260903',630,,36753,13,0,10,1,70,,36776,13,0,11 12,1,38,,36754,13,0,10,1,70,,36777,13,0,11 12,1,30,,36755,13,0,10,1,70,,36778,13,0,11 12,1,30,,36756,13,0,10,1,70,,36779,13,0,11 12,1,31,,36757,13,0,10,1,70,,36780,13,0,11 12,1,30,,36758,13,0,10,1,70,,36791,13,0,13,1,30,,36759,13,0,10,1,70,,36781,13,0,11 12,1,30,,36760,13,0,10,1,70,,36782,13,0,11 12,1,30,,36761,13,0,10,1,70,,36783,13,0,11 12,1,30,,36762,13,0,10,1,18,,36773,13,0,14,1,71,,36770,13,0,14,1,30,,36774,13,0,14,1,70,,36771,13,0,14,1,30,,36775,13,0,15,1,57,,36784,13,0,11 12,1,24,,36763,13,0,10,1,70,,36792,13,0,13,1,30,,36764,13,0,10,1,70,,36785,13,0,11 12,1,30,,36765,13,0,10,1,70,,36786,13,0,11 12,1,30,,36766,13,0,10,1,70,,36787,13,0,11 12,1,9,,65469,13,,,1,21,,36767,13,0,10,1,70,,36788,13,0,11 12,1,17,,36772,13,0,10,1,83,,36789,13,0,11 12,1,30,,65468,13,0,14,1
100,'20260904',630,,36801,13,0,10,1,70,,36825,13,0,11 12,1,38,,36802,13,0,10,1,70,,36826,13,0,11 12,1,30,,36803,13,0,10,1,70,,36827,13,0,11 12,1,30,,36804,13,0,10,1,70,,36828,13,0,11 12,1,31,,36805,13,0,10,1,70,,36829,13,0,11 12,1,30,,36806,13,0,10,1,70,,36841,13,0,13,1,30,,36807,13,0,10,1,70,,36830,13,0,11 12,1,30,,36808,13,0,10,1,70,,36831,13,0,11 12,1,30,,36809,13,0,10,1,70,,36832,13,0,11 12,1,30,,36810,13,0,10,1,18,,36822,13,0,14,1,71,,36820,13,0,14,1,30,,36823,13,0,14,1,70,,36821,13,0,14,1,30,,36824,13,0,15,1,57,,36833,13,0,11 12,1,24,,36811,13,0,10,1,70,,36842,13,0,13,1,30,,36812,13,0,10,1,70,,36834,13,0,11 12,1,30,,36813,13,0,10,1,70,,36835,13,0,11 12,1,30,,36814,13,0,10,1,70,,36836,13,0,11 12,1,9,,65471,13,,,1,21,,36815,13,0,10,1,70,,36837,13,0,11 12,1,30,,36816,13,0,10,1,70,,36838,13,0,11 12,1,30,,36817,13,0,10,1,70,,36839,13,0,11 12,1
101,'20260819',537,,40834,22,,,1,70,,40858,29,,,1,30,,40835,22,,,1,74,,40855,14,,,1,30,,40851,14,,,1,71,,40856,14,,,1,29,,40852,14,,,1,16,,40857,14,,,1,64,,40859,29,,,1,30,,40836,22,,,1,70,,40860,29,,,1,30,,40837,22,,,1,70,,40861,29,,,1,30,,40838,22,,,1,70,,40871,33,,,1,30,,40839,22,,,1,70,,40862,29,,,1,30,,40840,22,,,1,70,,40863,29,,,1,30,,40841,22,,,1,70,,40864,29,,,1,30,,40842,22,,,1,71,,40865,29,,,1,30,,40843,22,,,1,69,,40866,29,,,1,31,,40844,22,,,1,69,,40867,29,,,1,29,,40845,22,,,1,71,,40868,29,,,1,29,,40846,22,,,1,70,,40872,33,,,1,30,,40847,22,,,1,70,,40869,29,,,1,30,,40848,22,,,1,70,,40870,29,,,1,30,,40849,22,,,1,100,,40850,22,,,1
101,'20260820',537,,40882,22,,,1,70,,40906,29,,,1,30,,40883,22,,,1,74,,40903,14,,,1,30,,40899,14,,,1,71,,40904,14,,,1,29,,40900,14,,,1,16,,40905,14,,,1,64,,40907,29,,,1,30,,40884,22,,,1,70,,40908,29,,,1,30,,40885,22,,,1,70,,40909,29,,,1,30,,40886,22,,,1,70,,40919,33,,,1,30,,40887,22,,,1,70,,40910,29,,,1,30,,40888,22,,,1,70,,40911,29,,,1,30,,40889,22,,,1,70,,40912,29,,,1,30,,40890,22,,,1,71,,40913,29,,,1,30,,40891,22,,,1,69,,40914,29,,,1,31,,40892,22,,,1,69,,40915,29,,,1,29,,40893,22,,,1,71,,40916,29,,,1,29,,40894,22,,,1,70,,40920,33,,,1,30,,40895,22,,,1,70,,40917,29,,,1,30,,40896,22,,,1,70,,40918,29,,,1,30,,40897,22,,,1,100,,40898,22,,,1
101,'20260821',537,,40930,22,,,1,70,,40954,29,,,1,30,,40931,22,,,1,74,,40951,14,,,1,30,,40947,14,,,1,71,,40952,14,,,1,29,,40948,14,,,1,16,,40953,14,,,1,64,,40955,29,,,1,29,,40932,22,,,1,70,,40956,29,,,1,30,,40933,22,,,1,70,,40957,29,,,1,30,,40934,22,,,1,70,,40969,33,,,1,30,,40935,22,,,1,70,,40958,29,,,1,30,,40936,22,,,1,70,,40959,29,,,1,30,,40937,22,,,1,70,,40960,29,,,1,30,,40938,22,,,1,71,,40961,29,,,1,30,,40939,22,,,1,70,,40962,29,,,1,30,,40940,22,,,1,70,,40963,29,,,1,29,,40941,22,,,1,71,,40964,29,,,1,29,,40942,22,,,1,70,,40970,33,,,1,30,,40943,22,,,1,70,,40965,29,,,1,30,,40944,22,,,1,70,,40966,29,,,1,30,,40945,22,,,1,70,,40967,29,,,1,30,,40946,22,,,1,70,,40968,29,,,1
101,'20260822',821,,41025,33,,,1,30,,40980,22,,,1,70,,41026,33,,,1,30,,40981,22,,,1,70,,41027,33,,,1,30,,40982,22,,,1,70,,41013,29,,,1,30,,40983,22,,,1,70,,41028,33,,,1,30,,40984,22,,,1,70,,41014,29,,,1,30,,40985,22,,,1,70,,41015,29,,,1,30,,40986,22,,,1,55,,41004,10,,,1,15,,41016,29,,,1,15,,40996,10,,,1,15,,40987,22,,,1,55,,41005,10,,,1,15,,41017,29,,,1,15,,40997,10,,,1,15,,40988,22,,,1,55,,41006,10,,,1,15,,41018,29,,,1,15,,40998,10,,,1,15,,40989,22,,,1,55,,41007,10,,,1,15,,41019,29,,,1,15,,40999,10,,,1,15,,40990,22,,,1,55,,41008,10,,,1,15,,41020,29,,,1,15,,41000,10,,,1,15,,40991,22,,,1,55,,41009,10,,,1,15,,41029,33,,,1,15,,41001,10,,,1,15,,40992,22,,,1,55,,41010,10,,,1,15,,41021,29,,,1,15,,41002,10,,,1,15,,40993,22,,,1,55,,41011,10,,,1,15,,41022,29,,,1,15,,41003,10,,,1,15,,40994,22,,,1,55,,41012,10,,,1,15,,41023,29,,,1,30,,40995,22,,,1,70,,41024,29,,,1
101,'20260823',821,,41079,33,,,1,30,,41034,22,,,1,70,,41080,33,,,1,30,,41035,22,,,1,70,,41081,33,,,1,30,,41036,22,,,1,70,,41067,29,,,1,30,,41037,22,,,1,70,,41082,33,,,1,30,,41038,22,,,1,70,,41068,29,,,1,30,,41039,22,,,1,70,,41069,29,,,1,30,,41040,22,,,1,55,,41058,10,,,1,15,,41070,29,,,1,15,,41050,10,,,1,15,,41041,22,,,1,55,,41059,10,,,1,15,,41071,29,,,1,15,,41051,10,,,1,15,,41042,22,,,1,55,,41060,10,,,1,15,,41072,29,,,1,15,,41052,10,,,1,15,,41043,22,,,1,55,,41061,10,,,1,15,,41073,29,,,1,15,,41053,10,,,1,15,,41044,22,,,1,55,,41062,10,,,1,15,,41074,29,,,1,15,,41054,10,,,1,15,,41045,22,,,1,55,,41063,10,,,1,15,,41083,33,,,1,15,,41055,10,,,1,15,,41046,22,,,1,55,,41064,10,,,1,15,,41075,29,,,1,15,,41056,10,,,1,15,,41047,22,,,1,55,,41065,10,,,1,15,,41076,29,,,1,15,,41057,10,,,1,15,,41048,22,,,1,55,,41066,10,,,1,15,,41077,29,,,1,30,,41049,22,,,1
101,'20260824',537,,64753,22,,,1,70,,64762,29,,,1,30,,64754,22,,,1,74,,64759,14,,,1,30,,64755,14,,,1,71,,64760,14,,,1,29,,64756,14,,,1,16,,64761,14,,,1,64,,64763,29,,,1,29,,41090,22,,,1,70,,64764,29,,,1,30,,41091,22,,,1,70,,41115,29,,,1,30,,41092,22,,,1,70,,41125,33,,,1,30,,41093,22,,,1,70,,41116,29,,,1,30,,41094,22,,,1,70,,41117,29,,,1,30,,41095,22,,,1,70,,41118,29,,,1,30,,41096,22,,,1,71,,41119,29,,,1,30,,41097,22,,,1,70,,41120,29,,,1,30,,41098,22,,,1,70,,41121,29,,,1,29,,41099,22,,,1,71,,41122,29,,,1,29,,41100,22,,,1,70,,41126,33,,,1,30,,41101,22,,,1,70,,41123,29,,,1,30,,41102,22,,,1,70,,41124,29,,,1,30,,41103,22,,,1,70,,65501,29,,,1,30,,41104,22,,,1
101,'20260825',537,,41136,22,,,1,70,,41160,29,,,1,30,,41137,22,,,1,74,,41157,14,,,1,30,,41153,14,,,1,71,,41158,14,,,1,29,,41154,14,,,1,16,,41159,14,,,1,64,,41161,29,,,1,29,,41138,22,,,1,70,,41162,29,,,1,30,,41139,22,,,1,70,,41163,29,,,1,30,,41140,22,,,1,70,,41173,33,,,1,30,,41141,22,,,1,70,,41164,29,,,1,30,,41142,22,,,1,70,,41165,29,,,1,30,,41143,22,,,1,70,,41166,29,,,1,30,,41144,22,,,1,71,,41167,29,,,1,30,,41145,22,,,1,70,,41168,29,,,1,30,,41146,22,,,1,70,,41169,29,,,1,29,,41147,22,,,1,71,,41170,29,,,1,29,,41148,22,,,1,70,,41174,33,,,1,30,,41149,22,,,1,70,,41171,29,,,1,30,,41150,22,,,1,70,,41172,29,,,1,30,,41151,22,,,1,70,,65509,29,,,1,30,,41152,22,,,1
101,'20260826',537,,41184,22,,,1,70,,41208,29,,,1,30,,41185,22,,,1,74,,41205,14,,,1,30,,41201,14,,,1,71,,41206,14,,,1,29,,41202,14,,,1,16,,41207,14,,,1,64,,41209,29,,,1,29,,41186,22,,,1,70,,41210,29,,,1,30,,41187,22,,,1,70,,41211,29,,,1,30,,41188,22,,,1,70,,41221,33,,,1,30,,41189,22,,,1,70,,41212,29,,,1,30,,41190,22,,,1,70,,41213,29,,,1,30,,41191,22,,,1,70,,41214,29,,,1,30,,41192,22,,,1,71,,41215,29,,,1,30,,41193,22,,,1,70,,41216,29,,,1,30,,41194,22,,,1,70,,41217,29,,,1,29,,41195,22,,,1,71,,41218,29,,,1,29,,41196,22,,,1,70,,41222,33,,,1,30,,41197,22,,,1,70,,41219,29,,,1,30,,41198,22,,,1,70,,41220,29,,,1,30,,41199,22,,,1,70,,65517,29,,,1,30,,41200,22,,,1
101,'20260827',537,,41232,22,,,1,70,,41256,29,,,1,30,,41233,22,,,1,74,,41253,14,,,1,30,,41249,14,,,1,71,,41254,14,,,1,29,,41250,14,,,1,16,,41255,14,,,1,64,,41257,29,,,1,29,,41234,22,,,1,70,,41258,29,,,1,30,,41235,22,,,1,70,,41259,29,,,1,30,,41236,22,,,1,70,,41269,33,,,1,30,,41237,22,,,1,70,,41260,29,,,1,30,,41238,22,,,1,70,,41261,29,,,1,30,,41239,22,,,1,70,,41262,29,,,1,30,,41240,22,,,1,71,,41263,29,,,1,30,,41241,22,,,1,70,,41264,29,,,1,30,,41242,22,,,1,70,,41265,29,,,1,29,,41243,22,,,1,71,,41266,29,,,1,29,,41244,22,,,1,70,,41270,33,,,1,30,,41245,22,,,1,70,,41267,29,,,1,30,,41246,22,,,1,70,,41268,29,,,1,30,,41247,22,,,1,70,,65525,29,,,1,30,,41248,22,,,1
101,'20260828',537,,41280,22,,,1,70,,41304,29,,,1,30,,41281,22,,,1,74,,41301,14,,,1,30,,41297,14,,,1,71,,41302,14,,,1,29,,41298,14,,,1,16,,41303,14,,,1,64,,41305,29,,,1,29,,41282,22,,,1,70,,41306,29,,,1,30,,41283,22,,,1,70,,41307,29,,,1,30,,41284,22,,,1,70,,41319,33,,,1,30,,41285,22,,,1,70,,41308,29,,,1,30,,41286,22,,,1,70,,41309,29,,,1,30,,41287,22,,,1,70,,41310,29,,,1,30,,41288,22,,,1,71,,41311,29,,,1,30,,41289,22,,,1,70,,41312,29,,,1,30,,41290,22,,,1,70,,41313,29,,,1,29,,41291,22,,,1,71,,41314,29,,,1,29,,41292,22,,,1,70,,41320,33,,,1,30,,41293,22,,,1,70,,41315,29,,,1,30,,41294,22,,,1,70,,41316,29,,,1,30,,41295,22,,,1,70,,41317,29,,,1,30,,41296,22,,,1,70,,41318,29,,,1
101,'20260829',821,,41375,33,,,1,30,,41330,22,,,1,70,,41376,33,,,1,30,,41331,22,,,1,70,,41377,33,,,1,30,,41332,22,,,1,70,,41363,29,,,1,30,,41333,22,,,1,70,,41378,33,,,1,30,,41334,22,,,1,70,,41364,29,,,1,30,,41335,22,,,1,70,,41365,29,,,1,30,,41336,22,,,1,55,,41354,10,,,1,15,,41366,29,,,1,15,,41346,10,,,1,15,,41337,22,,,1,55,,41355,10,,,1,15,,41367,29,,,1,15,,41347,10,,,1,15,,41338,22,,,1,55,,41356,10,,,1,15,,41368,29,,,1,15,,41348,10,,,1,15,,41339,22,,,1,55,,41357,10,,,1,15,,41369,29,,,1,15,,41349,10,,,1,15,,41340,22,,,1,55,,41358,10,,,1,15,,41370,29,,,1,15,,41350,10,,,1,15,,41341,22,,,1,55,,41359,10,,,1,15,,41379,33,,,1,15,,41351,10,,,1,15,,41342,22,,,1,55,,41360,10,,,1,15,,41371,29,,,1,15,,41352,10,,,1,15,,41343,22,,,1,55,,41361,10,,,1,15,,41372,29,,,1,15,,41353,10,,,1,15,,41344,22,,,1,55,,41362,10,,,1,15,,41373,29,,,1,30,,41345,22,,,1,70,,41374,29,,,1
101,'20260830',821,,41429,33,,,1,30,,41384,22,,,1,70,,41430,33,,,1,30,,41385,22,,,1,70,,41431,33,,,1,30,,41386,22,,,1,70,,41417,29,,,1,30,,41387,22,,,1,70,,41432,33,,,1,30,,41388,22,,,1,70,,41418,29,,,1,30,,41389,22,,,1,70,,41419,29,,,1,30,,41390,22,,,1,55,,41408,10,,,1,15,,41420,29,,,1,15,,41400,10,,,1,15,,41391,22,,,1,55,,41409,10,,,1,15,,41421,29,,,1,15,,41401,10,,,1,15,,41392,22,,,1,55,,41410,10,,,1,15,,41422,29,,,1,15,,41402,10,,,1,15,,41393,22,,,1,55,,41411,10,,,1,15,,41423,29,,,1,15,,41403,10,,,1,15,,41394,22,,,1,55,,41412,10,,,1,15,,41424,29,,,1,15,,41404,10,,,1,15,,41395,22,,,1,55,,41413,10,,,1,15,,41433,33,,,1,15,,41405,10,,,1,15,,41396,22,,,1,55,,41414,10,,,1,15,,41425,29,,,1,15,,41406,10,,,1,15,,41397,22,,,1,55,,41415,10,,,1,15,,41426,29,,,1,15,,41407,10,,,1,15,,41398,22,,,1,55,,41416,10,,,1,15,,41427,29,,,1,30,,41399,22,,,1
101,'20260831',537,,64774,22,,,1,70,,64783,29,,,1,30,,64775,22,,,1,74,,64780,14,,,1,30,,64776,14,,,1,71,,64781,14,,,1,29,,64777,14,,,1,16,,64782,14,,,1,64,,64784,29,,,1,29,,41440,22,,,1,70,,64785,29,,,1,30,,41441,22,,,1,70,,41465,29,,,1,30,,41442,22,,,1,70,,41475,33,,,1,30,,41443,22,,,1,70,,41466,29,,,1,30,,41444,22,,,1,70,,41467,29,,,1,30,,41445,22,,,1,70,,41468,29,,,1,30,,41446,22,,,1,71,,41469,29,,,1,30,,41447,22,,,1,70,,41470,29,,,1,30,,41448,22,,,1,70,,41471,29,,,1,29,,41449,22,,,1,71,,41472,29,,,1,29,,41450,22,,,1,70,,41476,33,,,1,30,,41451,22,,,1,70,,41473,29,,,1,30,,41452,22,,,1,70,,41474,29,,,1,30,,41453,22,,,1,70,,65542,29,,,1,30,,41454,22,,,1
101,'20260901',537,,41486,22,,,1,70,,41510,29,,,1,30,,41487,22,,,1,74,,41507,14,,,1,30,,41503,14,,,1,71,,41508,14,,,1,29,,41504,14,,,1,16,,41509,14,,,1,64,,41511,29,,,1,29,,41488,22,,,1,70,,41512,29,,,1,30,,41489,22,,,1,70,,41513,29,,,1,30,,41490,22,,,1,70,,41523,33,,,1,30,,41491,22,,,1,70,,41514,29,,,1,30,,41492,22,,,1,70,,41515,29,,,1,30,,41493,22,,,1,70,,41516,29,,,1,30,,41494,22,,,1,71,,41517,29,,,1,30,,41495,22,,,1,70,,41518,29,,,1,30,,41496,22,,,1,70,,41519,29,,,1,29,,41497,22,,,1,71,,41520,29,,,1,29,,41498,22,,,1,70,,41524,33,,,1,30,,41499,22,,,1,70,,41521,29,,,1,30,,41500,22,,,1,70,,41522,29,,,1,30,,41501,22,,,1,70,,65550,29,,,1,30,,41502,22,,,1
101,'20260902',537,,41534,22,,,1,70,,41558,29,,,1,30,,41535,22,,,1,74,,41555,14,,,1,30,,41551,14,,,1,71,,41556,14,,,1,29,,41552,14,,,1,16,,41557,14,,,1,64,,41559,29,,,1,29,,41536,22,,,1,70,,41560,29,,,1,30,,41537,22,,,1,70,,41561,29,,,1,30,,41538,22,,,1,70,,41571,33,,,1,30,,41539,22,,,1,70,,41562,29,,,1,30,,41540,22,,,1,70,,41563,29,,,1,30,,41541,22,,,1,70,,41564,29,,,1,30,,41542,22,,,1,71,,41565,29,,,1,30,,41543,22,,,1,70,,41566,29,,,1,30,,41544,22,,,1,70,,41567,29,,,1,29,,41545,22,,,1,71,,41568,29,,,1,29,,41546,22,,,1,70,,41572,33,,,1,30,,41547,22,,,1,70,,41569,29,,,1,30,,41548,22,,,1,70,,41570,29,,,1,30,,41549,22,,,1,70,,65558,29,,,1,30,,41550,22,,,1
101,'20260903',537,,41582,22,,,1,70,,41606,29,,,1,30,,41583,22,,,1,74,,41603,14,,,1,30,,41599,14,,,1,71,,41604,14,,,1,29,,41600,14,,,1,16,,41605,14,,,1,64,,41607,29,,,1,29,,41584,22,,,1,70,,41608,29,,,1,30,,41585,22,,,1,70,,41609,29,,,1,30,,41586,22,,,1,70,,41619,33,,,1,30,,41587,22,,,1,70,,41610,29,,,1,30,,41588,22,,,1,70,,41611,29,,,1,30,,41589,22,,,1,70,,41612,29,,,1,30,,41590,22,,,1,71,,41613,29,,,1,30,,41591,22,,,1,70,,41614,29,,,1,30,,41592,22,,,1,70,,41615,29,,,1,29,,41593,22,,,1,71,,41616,29,,,1,29,,41594,22,,,1,70,,41620,33,,,1,30,,41595,22,,,1,70,,41617,29,,,1,30,,41596,22,,,1,70,,41618,29,,,1,30,,41597,22,,,1,70,,65566,29,,,1,30,,41598,22,,,1
101,'20260904',537,,41630,22,,,1,70,,41654,29,,,1,30,,41631,22,,,1,74,,41651,14,,,1,30,,41647,14,,,1,71,,41652,14,,,1,29,,41648,14,,,1,16,,41653,14,,,1,64,,41655,29,,,1,29,,41632,22,,,1,70,,41656,29,,,1,30,,41633,22,,,1,70,,41657,29,,,1,30,,41634,22,,,1,70,,41669,33,,,1,30,,41635,22,,,1,70,,41658,29,,,1,30,,41636,22,,,1,70,,41659,29,,,1,30,,41637,22,,,1,70,,41660,29,,,1,30,,41638,22,,,1,71,,41661,29,,,1,30,,41639,22,,,1,70,,41662,29,,,1,30,,41640,22,,,1,70,,41663,29,,,1,29,,41641,22,,,1,71,,41664,29,,,1,29,,41642,22,,,1,70,,41670,33,,,1,30,,41643,22,,,1,70,,41665,29,,,1,30,,41644,22,,,1,70,,41666,29,,,1,30,,41645,22,,,1,70,,41667,29,,,1,30,,41646,22,,,1,70,,41668,29,,,1
