900,'20260917',701,,85658,24,,,1,30,,85679,24,,,1,77,,85659,24,,,1,27,,85680,24,,,1,70,,85660,24,,,1,30,,85681,24,,,1,70,,85661,24,,,1,41,,85684,24,,,1,70,,85664,24,,,1,30,,85685,24,,,1,70,,85665,24,,,1,30,,85686,24,,,1,70,,85666,24,,,1,30,,85687,24,,,1,70,,85667,24,,,1,30,,85688,24,,,1,70,,85668,24,,,1,30,,85689,24,,,1,71,,85669,24,,,1,30,,85690,24,,,1,53,,85662,24,,,1,10,,85699,24,4,,1,10,,85670,24,,,1,10,,85682,24,,,1,10,,85701,24,4,,1,10,,85691,24,,,1,50,,85663,24,,,1,10,,85700,24,4,,1,10,,85671,24,,,1,12,,85683,24,,,1,15,,85692,24,,,1,70,,85672,24,,,1,30,,85693,24,,,1,70,,85673,24,,,1,29,,85694,24,,,1,70,,85674,24,,,1,30,,85695,24,,,1,70,,85675,24,,,1,30,,85696,24,,,1,70,,85676,24,,,1,30,,85697,24,,,1,72,,85677,24,,,1,28,,85698,24,,,1,70,,85678,24,,,1
900,'20260918',701,,85702,24,,,1,30,,85723,24,,,1,77,,85703,24,,,1,27,,85724,24,,,1,70,,85704,24,,,1,30,,85725,24,,,1,70,,85705,24,,,1,41,,85728,24,,,1,70,,85708,24,,,1,30,,85729,24,,,1,70,,85709,24,,,1,30,,85730,24,,,1,70,,85710,24,,,1,30,,85731,24,,,1,70,,85711,24,,,1,30,,85732,24,,,1,70,,85712,24,,,1,30,,85733,24,,,1,71,,85713,24,,,1,30,,85734,24,,,1,53,,85706,24,,,1,10,,85744,24,4,,1,10,,85714,24,,,1,10,,85726,24,,,1,10,,85746,24,4,,1,10,,85735,24,,,1,50,,85707,24,,,1,10,,85745,24,4,,1,10,,85715,24,,,1,12,,85727,24,,,1,15,,85736,24,,,1,70,,85716,24,,,1,30,,85737,24,,,1,70,,85717,24,,,1,29,,85738,24,,,1,70,,85718,24,,,1,30,,85739,24,,,1,70,,85719,24,,,1,30,,85740,24,,,1,70,,85720,24,,,1,30,,85741,24,,,1,72,,85721,24,,,1,28,,85742,24,,,1,70,,85722,24,,,1,30,,85743,24,,,1
900,'20260919',946,,85763,24,,,1,70,,85747,24,,,1,30,,85764,24,,,1,70,,85748,24,,,1,30,,85765,24,,,1,70,,85749,24,,,1,30,,85766,24,,,1,70,,85750,24,,,1,30,,85767,24,,,1,70,,85751,24,,,1,30,,85768,24,,,1,70,,85752,24,,,1,30,,85769,24,,,1,70,,85753,24,,,1,30,,85770,24,,,1,70,,85754,24,,,1,30,,85771,24,,,1,70,,85755,24,,,1,30,,85772,24,,,1,70,,85756,24,,,1,30,,85773,24,,,1,70,,85757,24,,,1,30,,85774,24,,,1,70,,85758,24,,,1,30,,85775,24,,,1,70,,85759,24,,,1,30,,85776,24,,,1,70,,85760,24,,,1,30,,85777,24,,,1,70,,85761,24,,,1,30,,85778,24,,,1,70,,85762,24,,,1,30,,85779,24,,,1
900,'20260920',946,,85796,24,,,1,70,,85780,24,,,1,30,,85797,24,,,1,70,,85781,24,,,1,30,,85798,24,,,1,70,,85782,24,,,1,30,,85799,24,,,1,70,,85783,24,,,1,30,,85800,24,,,1,70,,85784,24,,,1,30,,85801,24,,,1,70,,85785,24,,,1,30,,85802,24,,,1,70,,85786,24,,,1,30,,85803,24,,,1,70,,85787,24,,,1,30,,85804,24,,,1,70,,85788,24,,,1,30,,85805,24,,,1,70,,85789,24,,,1,30,,85806,24,,,1,70,,85790,24,,,1,30,,85807,24,,,1,70,,85791,24,,,1,30,,85808,24,,,1,70,,85792,24,,,1,30,,85809,24,,,1,70,,85793,24,,,1,30,,85810,24,,,1,70,,85794,24,,,1,30,,85811,24,,,1,70,,85795,24,,,1
900,'20260921',701,,85812,24,,,1,30,,85833,24,,,1,77,,85813,24,,,1,27,,85834,24,,,1,70,,85814,24,,,1,30,,85835,24,,,1,70,,85815,24,,,1,41,,85838,24,,,1,70,,85818,24,,,1,30,,85839,24,,,1,70,,85819,24,,,1,30,,85840,24,,,1,70,,85820,24,,,1,30,,85841,24,,,1,70,,85821,24,,,1,30,,85842,24,,,1,70,,85822,24,,,1,30,,85843,24,,,1,71,,85823,24,,,1,30,,85844,24,,,1,53,,85816,24,,,1,10,,85853,24,4,,1,10,,85824,24,,,1,10,,85836,24,,,1,10,,85855,24,4,,1,10,,85845,24,,,1,50,,85817,24,,,1,10,,85854,24,4,,1,10,,85825,24,,,1,12,,85837,24,,,1,15,,85846,24,,,1,70,,85826,24,,,1,30,,85847,24,,,1,70,,85827,24,,,1,29,,85848,24,,,1,70,,85828,24,,,1,30,,85849,24,,,1,70,,85829,24,,,1,30,,85850,24,,,1,70,,85830,24,,,1,30,,85851,24,,,1,60,,92146,24,4,,1,12,,85831,24,,,1,28,,85852,24,,,1,70,,85832,24,,,1
900,'20260922',701,,85856,24,,,1,30,,85877,24,,,1,77,,85857,24,,,1,27,,85878,24,,,1,70,,85858,24,,,1,30,,85879,24,,,1,70,,85859,24,,,1,41,,85882,24,,,1,70,,85862,24,,,1,30,,85883,24,,,1,70,,85863,24,,,1,30,,85884,24,,,1,70,,85864,24,,,1,30,,85885,24,,,1,70,,85865,24,,,1,30,,85886,24,,,1,70,,85866,24,,,1,30,,85887,24,,,1,71,,85867,24,,,1,30,,85888,24,,,1,53,,85860,24,,,1,10,,85897,24,4,,1,10,,85868,24,,,1,10,,85880,24,,,1,10,,85899,24,4,,1,10,,85889,24,,,1,50,,85861,24,,,1,10,,85898,24,4,,1,10,,85869,24,,,1,12,,85881,24,,,1,15,,85890,24,,,1,70,,85870,24,,,1,30,,85891,24,,,1,70,,85871,24,,,1,29,,85892,24,,,1,70,,85872,24,,,1,30,,85893,24,,,1,70,,85873,24,,,1,30,,85894,24,,,1,70,,85874,24,,,1,30,,85895,24,,,1,72,,85875,24,,,1,28,,85896,24,,,1,70,,85876,24,,,1
900,'20260923',701,,85900,24,,,1,30,,85921,24,,,1,77,,85901,24,,,1,27,,85922,24,,,1,70,,85902,24,,,1,30,,85923,24,,,1,70,,85903,24,,,1,41,,85926,24,,,1,70,,85906,24,,,1,30,,85927,24,,,1,70,,85907,24,,,1,30,,85928,24,,,1,70,,85908,24,,,1,30,,85929,24,,,1,70,,85909,24,,,1,30,,85930,24,,,1,70,,85910,24,,,1,30,,85931,24,,,1,71,,85911,24,,,1,30,,85932,24,,,1,53,,85904,24,,,1,10,,85941,24,4,,1,10,,85912,24,,,1,10,,85924,24,,,1,10,,85943,24,4,,1,10,,85933,24,,,1,50,,85905,24,,,1,10,,85942,24,4,,1,10,,85913,24,,,1,12,,85925,24,,,1,15,,85934,24,,,1,70,,85914,24,,,1,30,,85935,24,,,1,70,,85915,24,,,1,29,,85936,24,,,1,70,,85916,24,,,1,30,,85937,24,,,1,70,,85917,24,,,1,30,,85938,24,,,1,70,,85918,24,,,1,30,,85939,24,,,1,72,,85919,24,,,1,28,,85940,24,,,1,70,,85920,24,,,1
900,'20260924',701,,85944,24,,,1,30,,85965,24,,,1,77,,85945,24,,,1,27,,85966,24,,,1,70,,85946,24,,,1,30,,85967,24,,,1,70,,85947,24,,,1,41,,85970,24,,,1,70,,85950,24,,,1,30,,85971,24,,,1,70,,85951,24,,,1,30,,85972,24,,,1,70,,85952,24,,,1,30,,85973,24,,,1,70,,85953,24,,,1,30,,85974,24,,,1,70,,85954,24,,,1,30,,85975,24,,,1,71,,85955,24,,,1,30,,85976,24,,,1,53,,85948,24,,,1,10,,85985,24,4,,1,10,,85956,24,,,1,10,,85968,24,,,1,10,,85987,24,4,,1,10,,85977,24,,,1,50,,85949,24,,,1,10,,85986,24,4,,1,10,,85957,24,,,1,12,,85969,24,,,1,15,,85978,24,,,1,70,,85958,24,,,1,30,,85979,24,,,1,70,,85959,24,,,1,29,,85980,24,,,1,70,,85960,24,,,1,30,,85981,24,,,1,70,,85961,24,,,1,30,,85982,24,,,1,70,,85962,24,,,1,30,,85983,24,,,1,72,,85963,24,,,1,28,,85984,24,,,1,70,,85964,24,,,1
900,'20260925',701,,85988,24,,,1,30,,86009,24,,,1,77,,85989,24,,,1,27,,86010,24,,,1,70,,85990,24,,,1,30,,86011,24,,,1,70,,85991,24,,,1,41,,86014,24,,,1,70,,85994,24,,,1,30,,86015,24,,,1,70,,85995,24,,,1,30,,86016,24,,,1,70,,85996,24,,,1,30,,86017,24,,,1,70,,85997,24,,,1,30,,86018,24,,,1,70,,85998,24,,,1,30,,86019,24,,,1,71,,85999,24,,,1,30,,86020,24,,,1,53,,85992,24,,,1,10,,86030,24,4,,1,10,,86000,24,,,1,10,,86012,24,,,1,10,,86032,24,4,,1,10,,86021,24,,,1,50,,85993,24,,,1,10,,86031,24,4,,1,10,,86001,24,,,1,12,,86013,24,,,1,15,,86022,24,,,1,70,,86002,24,,,1,30,,86023,24,,,1,70,,86003,24,,,1,29,,86024,24,,,1,70,,86004,24,,,1,30,,86025,24,,,1,70,,86005,24,,,1,30,,86026,24,,,1,70,,86006,24,,,1,30,,86027,24,,,1,72,,86007,24,,,1
900,'20260926',1016,,86033,4,,,1,100,,86034,4,,,1,100,,86035,4,,,1,100,,86036,4,,,1,100,,86037,4,,,1,100,,86038,4,,,1,100,,86039,4,,,1,100,,86040,4,,,1,100,,86041,4,,,1,100,,86042,4,,,1,100,,86043,4,,,1,100,,86044,4,,,1,100,,86045,4,,,1,100,,86046,4,,,1,100,,86047,4,,,1,100,,86048,4,,,1
900,'20260927',1016,,86066,4,,,1,100,,86067,4,,,1,100,,86068,4,,,1,100,,86069,4,,,1,100,,86070,4,,,1,100,,86071,4,,,1,100,,86072,4,,,1,100,,86073,4,,,1,100,,86074,4,,,1,100,,86075,4,,,1,100,,86076,4,,,1,100,,86077,4,,,1,100,,86078,4,,,1,100,,86079,4,,,1,100,,86080,4,,,1,100,,86081,4,,,1
900,'20260928',701,,86098,24,,,1,30,,86119,24,,,1,77,,86099,24,,,1,27,,86120,24,,,1,70,,86100,24,,,1,30,,86121,24,,,1,70,,86101,24,,,1,41,,86124,24,,,1,70,,86104,24,,,1,30,,86125,24,,,1,70,,86105,24,,,1,30,,86126,24,,,1,70,,86106,24,,,1,30,,86127,24,,,1,70,,86107,24,,,1,30,,86128,24,,,1,70,,86108,24,,,1,30,,86129,24,,,1,71,,86109,24,,,1,30,,86130,24,,,1,53,,86102,24,,,1,10,,86139,24,4,,1,10,,86110,24,,,1,10,,86122,24,,,1,10,,86141,24,4,,1,10,,86131,24,,,1,50,,86103,24,,,1,10,,86140,24,4,,1,10,,86111,24,,,1,12,,86123,24,,,1,15,,86132,24,,,1,70,,86112,24,,,1,30,,86133,24,,,1,70,,86113,24,,,1,29,,86134,24,,,1,70,,86114,24,,,1,30,,86135,24,,,1,70,,86115,24,,,1,30,,86136,24,,,1,70,,86116,24,,,1,30,,86137,24,,,1,72,,86117,24,,,1,28,,86138,24,,,1,70,,86118,24,,,1
900,'20260929',701,,86142,24,,,1,30,,86163,24,,,1,77,,86143,24,,,1,27,,86164,24,,,1,70,,86144,24,,,1,30,,86165,24,,,1,70,,86145,24,,,1,41,,86168,24,,,1,70,,86148,24,,,1,30,,86169,24,,,1,70,,86149,24,,,1,30,,86170,24,,,1,70,,86150,24,,,1,30,,86171,24,,,1,70,,86151,24,,,1,30,,86172,24,,,1,70,,86152,24,,,1,30,,86173,24,,,1,71,,86153,24,,,1,30,,86174,24,,,1,53,,86146,24,,,1,10,,86183,24,4,,1,10,,86154,24,,,1,10,,86166,24,,,1,10,,86185,24,4,,1,10,,86175,24,,,1,50,,86147,24,,,1,10,,86184,24,4,,1,10,,86155,24,,,1,12,,86167,24,,,1,15,,86176,24,,,1,70,,86156,24,,,1,30,,86177,24,,,1,70,,86157,24,,,1,29,,86178,24,,,1,70,,86158,24,,,1,30,,86179,24,,,1,70,,86159,24,,,1,30,,86180,24,,,1,70,,86160,24,,,1,30,,86181,24,,,1,72,,86161,24,,,1,28,,86182,24,,,1,70,,86162,24,,,1
900,'20260930',701,,86186,24,,,1,30,,86207,24,,,1,77,,86187,24,,,1,27,,86208,24,,,1,70,,86188,24,,,1,30,,86209,24,,,1,70,,86189,24,,,1,41,,86212,24,,,1,70,,86192,24,,,1,30,,86213,24,,,1,70,,86193,24,,,1,30,,86214,24,,,1,70,,86194,24,,,1,30,,86215,24,,,1,70,,86195,24,,,1,30,,86216,24,,,1,70,,86196,24,,,1,30,,86217,24,,,1,71,,86197,24,,,1,30,,86218,24,,,1,53,,86190,24,,,1,10,,86227,24,4,,1,10,,86198,24,,,1,10,,86210,24,,,1,10,,86229,24,4,,1,10,,86219,24,,,1,50,,86191,24,,,1,10,,86228,24,4,,1,10,,86199,24,,,1,12,,86211,24,,,1,15,,86220,24,,,1,70,,86200,24,,,1,30,,86221,24,,,1,70,,86201,24,,,1,29,,86222,24,,,1,70,,86202,24,,,1,30,,86223,24,,,1,70,,86203,24,,,1,30,,86224,24,,,1,70,,86204,24,,,1,30,,86225,24,,,1,72,,86205,24,,,1,28,,86226,24,,,1,70,,86206,24,,,1
900,'20261001',701,,86230,24,,,1,30,,86251,24,,,1,77,,86231,24,,,1,27,,86252,24,,,1,70,,86232,24,,,1,30,,86253,24,,,1,70,,86233,24,,,1,41,,86256,24,,,1,70,,86236,24,,,1,30,,86257,24,,,1,70,,86237,24,,,1,30,,86258,24,,,1,70,,86238,24,,,1,30,,86259,24,,,1,70,,86239,24,,,1,30,,86260,24,,,1,70,,86240,24,,,1,30,,86261,24,,,1,71,,86241,24,,,1,30,,86262,24,,,1,53,,86234,24,,,1,10,,86271,24,4,,1,10,,86242,24,,,1,10,,86254,24,,,1,10,,86273,24,4,,1,10,,86263,24,,,1,50,,86235,24,,,1,10,,86272,24,4,,1,10,,86243,24,,,1,12,,86255,24,,,1,15,,86264,24,,,1,70,,86244,24,,,1,30,,86265,24,,,1,70,,86245,24,,,1,29,,86266,24,,,1,70,,86246,24,,,1,30,,86267,24,,,1,70,,86247,24,,,1,30,,86268,24,,,1,70,,86248,24,,,1,30,,86269,24,,,1,72,,86249,24,,,1,28,,86270,24,,,1,70,,86250,24,,,1
900,'20261002',701,,86274,24,,,1,30,,86295,24,,,1,77,,86275,24,,,1,27,,86296,24,,,1,70,,86276,24,,,1,30,,86297,24,,,1,70,,86277,24,,,1,41,,86300,24,,,1,70,,86280,24,,,1,30,,86301,24,,,1,70,,86281,24,,,1,30,,86302,24,,,1,70,,86282,24,,,1,30,,86303,24,,,1,70,,86283,24,,,1,30,,86304,24,,,1,70,,86284,24,,,1,30,,86305,24,,,1,71,,86285,24,,,1,30,,86306,24,,,1,53,,86278,24,,,1,10,,86316,24,4,,1,10,,86286,24,,,1,10,,86298,24,,,1,10,,86318,24,4,,1,10,,86307,24,,,1,50,,86279,24,,,1,10,,86317,24,4,,1,10,,86287,24,,,1,12,,86299,24,,,1,15,,86308,24,,,1,70,,86288,24,,,1,30,,86309,24,,,1,70,,86289,24,,,1,29,,86310,24,,,1,70,,86290,24,,,1,30,,86311,24,,,1,70,,86291,24,,,1,30,,86312,24,,,1,70,,86292,24,,,1,30,,86313,24,,,1,72,,86293,24,,,1,28,,86314,24,,,1,70,,86294,24,,,1,30,,86315,24,,,1
900,'20261003',946,,86335,24,,,1,70,,86319,24,,,1,30,,86336,24,,,1,70,,86320,24,,,1,30,,86337,24,,,1,70,,86321,24,,,1,30,,86338,24,,,1,70,,86322,24,,,1,30,,86339,24,,,1,70,,86323,24,,,1,30,,86340,24,,,1,70,,86324,24,,,1,30,,86341,24,,,1,70,,86325,24,,,1,30,,86342,24,,,1,70,,86326,24,,,1,30,,86343,24,,,1,70,,86327,24,,,1,30,,86344,24,,,1,70,,86328,24,,,1,30,,86345,24,,,1,70,,86329,24,,,1,30,,86346,24,,,1,70,,86330,24,,,1,30,,86347,24,,,1,70,,86331,24,,,1,30,,86348,24,,,1,70,,86332,24,,,1,30,,86349,24,,,1,70,,86333,24,,,1,30,,86350,24,,,1,70,,86334,24,,,1,30,,86351,24,,,1
900,'20261004',946,,92147,24,,,1,70,,86352,24,,,1,30,,92148,24,,,1,70,,86353,24,,,1,30,,92149,24,,,1,70,,86354,24,,,1,30,,92150,24,,,1,70,,86355,24,,,1,30,,92151,24,,,1,70,,86356,24,,,1,30,,92152,24,,,1,70,,86357,24,,,1,30,,92153,24,,,1,70,,86358,24,,,1,30,,92154,24,,,1,70,,86359,24,,,1,30,,92155,24,,,1,70,,86360,24,,,1,30,,92156,24,,,1,70,,86361,24,,,1,30,,92157,24,,,1,70,,86362,24,,,1,30,,92158,24,,,1,70,,86363,24,,,1,30,,92159,24,,,1,70,,86364,24,,,1,30,,92160,24,,,1,70,,86365,24,,,1,30,,92161,24,,,1,70,,86366,24,,,1,30,,92162,24,,,1,70,,86367,24,,,1
900,'20261005',701,,86384,24,,,1,30,,86405,24,,,1,77,,86385,24,,,1,27,,86406,24,,,1,70,,86386,24,,,1,30,,86407,24,,,1,70,,86387,24,,,1,41,,86410,24,,,1,70,,86390,24,,,1,30,,86411,24,,,1,70,,86391,24,,,1,30,,86412,24,,,1,70,,86392,24,,,1,30,,86413,24,,,1,70,,86393,24,,,1,30,,86414,24,,,1,70,,86394,24,,,1,30,,86415,24,,,1,71,,86395,24,,,1,30,,86416,24,,,1,53,,86388,24,,,1,10,,86425,24,4,,1,10,,86396,24,,,1,10,,86408,24,,,1,10,,86427,24,4,,1,10,,86417,24,,,1,50,,86389,24,,,1,10,,86426,24,4,,1,10,,86397,24,,,1,12,,86409,24,,,1,15,,86418,24,,,1,70,,86398,24,,,1,30,,86419,24,,,1,70,,86399,24,,,1,29,,86420,24,,,1,70,,86400,24,,,1,30,,86421,24,,,1,70,,86401,24,,,1,30,,86422,24,,,1,70,,86402,24,,,1,30,,86423,24,,,1,72,,86403,24,,,1,28,,86424,24,,,1,70,,86404,24,,,1
900,'20261006',701,,86428,24,,,1,30,,86449,24,,,1,77,,86429,24,,,1,27,,86450,24,,,1,70,,86430,24,,,1,30,,86451,24,,,1,70,,86431,24,,,1,41,,86454,24,,,1,70,,86434,24,,,1,30,,86455,24,,,1,70,,86435,24,,,1,30,,86456,24,,,1,70,,86436,24,,,1,30,,86457,24,,,1,70,,86437,24,,,1,30,,86458,24,,,1,70,,86438,24,,,1,30,,86459,24,,,1,71,,86439,24,,,1,30,,86460,24,,,1,53,,86432,24,,,1,10,,86469,24,4,,1,10,,86440,24,,,1,10,,86452,24,,,1,10,,86471,24,4,,1,10,,86461,24,,,1,50,,86433,24,,,1,10,,86470,24,4,,1,10,,86441,24,,,1,12,,86453,24,,,1,15,,86462,24,,,1,70,,86442,24,,,1,30,,86463,24,,,1,70,,86443,24,,,1,29,,86464,24,,,1,70,,86444,24,,,1,30,,86465,24,,,1,70,,86445,24,,,1,30,,86466,24,,,1,70,,86446,24,,,1,30,,86467,24,,,1,72,,86447,24,,,1,28,,86468,24,,,1,70,,86448,24,,,1
900,'20261007',701,,86472,24,,,1,30,,86493,24,,,1,77,,86473,24,,,1,27,,86494,24,,,1,70,,86474,24,,,1,30,,86495,24,,,1,70,,86475,24,,,1,41,,86498,24,,,1,70,,86478,24,,,1,30,,86499,24,,,1,70,,86479,24,,,1,30,,86500,24,,,1,70,,86480,24,,,1,30,,86501,24,,,1,70,,86481,24,,,1,30,,86502,24,,,1,70,,86482,24,,,1,30,,86503,24,,,1,71,,86483,24,,,1,30,,86504,24,,,1,53,,86476,24,,,1,10,,86513,24,4,,1,10,,86484,24,,,1,10,,86496,24,,,1,10,,86515,24,4,,1,10,,86505,24,,,1,50,,86477,24,,,1,10,,86514,24,4,,1,10,,86485,24,,,1,12,,86497,24,,,1,15,,86506,24,,,1,70,,86486,24,,,1,30,,86507,24,,,1,70,,86487,24,,,1,29,,86508,24,,,1,70,,86488,24,,,1,30,,86509,24,,,1,70,,86489,24,,,1,30,,86510,24,,,1,70,,86490,24,,,1,30,,86511,24,,,1,72,,86491,24,,,1,28,,86512,24,,,1,70,,86492,24,,,1
900,'20261008',701,,86516,24,,,1,30,,86537,24,,,1,77,,86517,24,,,1,27,,86538,24,,,1,70,,86518,24,,,1,30,,86539,24,,,1,70,,86519,24,,,1,41,,86542,24,,,1,70,,86522,24,,,1,30,,86543,24,,,1,70,,86523,24,,,1,30,,86544,24,,,1,70,,86524,24,,,1,30,,86545,24,,,1,70,,86525,24,,,1,30,,86546,24,,,1,70,,86526,24,,,1,30,,86547,24,,,1,71,,86527,24,,,1,30,,86548,24,,,1,53,,86520,24,,,1,10,,86557,24,4,,1,10,,86528,24,,,1,10,,86540,24,,,1,10,,86559,24,4,,1,10,,86549,24,,,1,50,,86521,24,,,1,10,,86558,24,4,,1,10,,86529,24,,,1,12,,86541,24,,,1,15,,86550,24,,,1,70,,86530,24,,,1,30,,86551,24,,,1,70,,86531,24,,,1,29,,86552,24,,,1,70,,86532,24,,,1,30,,86553,24,,,1,70,,86533,24,,,1,30,,86554,24,,,1,70,,86534,24,,,1,30,,86555,24,,,1,72,,86535,24,,,1,28,,86556,24,,,1,70,,86536,24,,,1
900,'20261009',701,,86560,24,,,1,30,,86581,24,,,1,77,,86561,24,,,1,27,,86582,24,,,1,70,,86562,24,,,1,30,,86583,24,,,1,70,,86563,24,,,1,41,,86586,24,,,1,70,,86566,24,,,1,30,,86587,24,,,1,70,,86567,24,,,1,30,,86588,24,,,1,70,,86568,24,,,1,30,,86589,24,,,1,70,,86569,24,,,1,30,,86590,24,,,1,70,,86570,24,,,1,30,,86591,24,,,1,71,,86571,24,,,1,30,,86592,24,,,1,53,,86564,24,,,1,10,,86602,24,4,,1,10,,86572,24,,,1,10,,86584,24,,,1,10,,86604,24,4,,1,10,,86593,24,,,1,50,,86565,24,,,1,10,,86603,24,4,,1,10,,86573,24,,,1,12,,86585,24,,,1,15,,86594,24,,,1,70,,86574,24,,,1,30,,86595,24,,,1,70,,86575,24,,,1,29,,86596,24,,,1,70,,86576,24,,,1,30,,86597,24,,,1,70,,86577,24,,,1,30,,86598,24,,,1,70,,86578,24,,,1,30,,86599,24,,,1,72,,86579,24,,,1,28,,86600,24,,,1,70,,86580,24,,,1,30,,86601,24,,,1
900,'20261010',946,,86621,24,,,1,70,,86605,24,,,1,30,,86622,24,,,1,70,,86606,24,,,1,30,,86623,24,,,1,70,,86607,24,,,1,30,,86624,24,,,1,70,,86608,24,,,1,30,,86625,24,,,1,70,,86609,24,,,1,30,,86626,24,,,1,70,,86610,24,,,1,30,,86627,24,,,1,70,,86611,24,,,1,30,,86628,24,,,1,70,,86612,24,,,1,30,,86629,24,,,1,70,,86613,24,,,1,30,,86630,24,,,1,70,,86614,24,,,1,30,,86631,24,,,1,70,,86615,24,,,1,30,,86632,24,,,1,70,,86616,24,,,1,30,,86633,24,,,1,70,,86617,24,,,1,30,,86634,24,,,1,70,,86618,24,,,1,30,,86635,24,,,1,70,,86619,24,,,1,30,,86636,24,,,1,70,,86620,24,,,1,30,,86637,24,,,1
900,'20261011',946,,92163,24,,,1,70,,86638,24,,,1,30,,92164,24,,,1,70,,86639,24,,,1,30,,92165,24,,,1,70,,86640,24,,,1,30,,92166,24,,,1,70,,86641,24,,,1,30,,92167,24,,,1,70,,86642,24,,,1,30,,92168,24,,,1,70,,86643,24,,,1,30,,92169,24,,,1,70,,86644,24,,,1,30,,92170,24,,,1,70,,86645,24,,,1,30,,92171,24,,,1,70,,86646,24,,,1,30,,92172,24,,,1,70,,86647,24,,,1,30,,92173,24,,,1,70,,86648,24,,,1,30,,92174,24,,,1,70,,86649,24,,,1,30,,92175,24,,,1,70,,86650,24,,,1,30,,92176,24,,,1,70,,86651,24,,,1,30,,92177,24,,,1,70,,86652,24,,,1,30,,92178,24,,,1,70,,86653,24,,,1
900,'20261012',701,,86670,24,,,1,30,,86691,24,,,1,77,,86671,24,,,1,27,,86692,24,,,1,70,,86672,24,,,1,30,,86693,24,,,1,70,,86673,24,,,1,41,,86696,24,,,1,70,,86676,24,,,1,30,,86697,24,,,1,70,,86677,24,,,1,30,,86698,24,,,1,70,,86678,24,,,1,30,,86699,24,,,1,70,,86679,24,,,1,30,,86700,24,,,1,70,,86680,24,,,1,30,,86701,24,,,1,71,,86681,24,,,1,30,,86702,24,,,1,53,,86674,24,,,1,10,,86711,24,4,,1,10,,86682,24,,,1,10,,86694,24,,,1,10,,86713,24,4,,1,10,,86703,24,,,1,50,,86675,24,,,1,10,,86712,24,4,,1,10,,86683,24,,,1,12,,86695,24,,,1,15,,86704,24,,,1,70,,86684,24,,,1,30,,86705,24,,,1,70,,86685,24,,,1,29,,86706,24,,,1,70,,86686,24,,,1,30,,86707,24,,,1,70,,86687,24,,,1,30,,86708,24,,,1,70,,86688,24,,,1,30,,86709,24,,,1,72,,86689,24,,,1,28,,86710,24,,,1,70,,86690,24,,,1
900,'20261013',701,,86714,24,,,1,30,,86735,24,,,1,77,,86715,24,,,1,27,,86736,24,,,1,70,,86716,24,,,1,30,,86737,24,,,1,70,,86717,24,,,1,41,,86740,24,,,1,70,,86720,24,,,1,30,,86741,24,,,1,70,,86721,24,,,1,30,,86742,24,,,1,70,,86722,24,,,1,30,,86743,24,,,1,70,,86723,24,,,1,30,,86744,24,,,1,70,,86724,24,,,1,30,,86745,24,,,1,71,,86725,24,,,1,30,,86746,24,,,1,53,,86718,24,,,1,10,,86755,24,4,,1,10,,86726,24,,,1,10,,86738,24,,,1,10,,86757,24,4,,1,10,,86747,24,,,1,50,,86719,24,,,1,10,,86756,24,4,,1,10,,86727,24,,,1,12,,86739,24,,,1,15,,86748,24,,,1,70,,86728,24,,,1,30,,86749,24,,,1,70,,86729,24,,,1,29,,86750,24,,,1,70,,86730,24,,,1,30,,86751,24,,,1,70,,86731,24,,,1,30,,86752,24,,,1,70,,86732,24,,,1,30,,86753,24,,,1,72,,86733,24,,,1,28,,86754,24,,,1,70,,86734,24,,,1
900,'20261014',701,,86758,24,,,1,30,,86779,24,,,1,77,,86759,24,,,1,27,,86780,24,,,1,70,,86760,24,,,1,30,,86781,24,,,1,70,,86761,24,,,1,41,,86784,24,,,1,70,,86764,24,,,1,30,,86785,24,,,1,70,,86765,24,,,1,30,,86786,24,,,1,70,,86766,24,,,1,30,,86787,24,,,1,70,,86767,24,,,1,30,,86788,24,,,1,70,,86768,24,,,1,30,,86789,24,,,1,71,,86769,24,,,1,30,,86790,24,,,1,53,,86762,24,,,1,10,,86799,24,4,,1,10,,86770,24,,,1,10,,86782,24,,,1,10,,86801,24,4,,1,10,,86791,24,,,1,50,,86763,24,,,1,10,,86800,24,4,,1,10,,86771,24,,,1,12,,86783,24,,,1,15,,86792,24,,,1,70,,86772,24,,,1,30,,86793,24,,,1,70,,86773,24,,,1,29,,86794,24,,,1,70,,86774,24,,,1,30,,86795,24,,,1,70,,86775,24,,,1,30,,86796,24,,,1,70,,86776,24,,,1,30,,86797,24,,,1,72,,86777,24,,,1,28,,86798,24,,,1,70,,86778,24,,,1
900,'20261015',701,,86802,24,,,1,30,,86823,24,,,1,77,,86803,24,,,1,27,,86824,24,,,1,70,,86804,24,,,1,30,,86825,24,,,1,70,,86805,24,,,1,41,,86828,24,,,1,70,,86808,24,,,1,30,,86829,24,,,1,70,,86809,24,,,1,30,,86830,24,,,1,70,,86810,24,,,1,30,,86831,24,,,1,70,,86811,24,,,1,30,,86832,24,,,1,70,,86812,24,,,1,30,,86833,24,,,1,71,,86813,24,,,1,30,,86834,24,,,1,53,,86806,24,,,1,10,,86843,24,4,,1,10,,86814,24,,,1,10,,86826,24,,,1,10,,86845,24,4,,1,10,,86835,24,,,1,50,,86807,24,,,1,10,,86844,24,4,,1,10,,86815,24,,,1,12,,86827,24,,,1,15,,86836,24,,,1,70,,86816,24,,,1,30,,86837,24,,,1,70,,86817,24,,,1,29,,86838,24,,,1,70,,86818,24,,,1,30,,86839,24,,,1,70,,86819,24,,,1,30,,86840,24,,,1,70,,86820,24,,,1,30,,86841,24,,,1,72,,86821,24,,,1,28,,86842,24,,,1,70,,86822,24,,,1
900,'20261016',701,,86846,24,,,1,30,,86867,24,,,1,77,,86847,24,,,1,27,,86868,24,,,1,70,,86848,24,,,1,30,,86869,24,,,1,70,,86849,24,,,1,41,,86872,24,,,1,70,,86852,24,,,1,30,,86873,24,,,1,70,,86853,24,,,1,30,,86874,24,,,1,70,,86854,24,,,1,30,,86875,24,,,1,70,,86855,24,,,1,30,,86876,24,,,1,70,,86856,24,,,1,30,,86877,24,,,1,71,,86857,24,,,1,30,,86878,24,,,1,53,,86850,24,,,1,10,,86888,24,4,,1,10,,86858,24,,,1,10,,86870,24,,,1,10,,86890,24,4,,1,10,,86879,24,,,1,50,,86851,24,,,1,10,,86889,24,4,,1,10,,86859,24,,,1,12,,86871,24,,,1,15,,86880,24,,,1,70,,86860,24,,,1,30,,86881,24,,,1,70,,86861,24,,,1,29,,86882,24,,,1,70,,86862,24,,,1,30,,86883,24,,,1,70,,86863,24,,,1,30,,86884,24,,,1,70,,86864,24,,,1,30,,86885,24,,,1,72,,86865,24,,,1,28,,86886,24,,,1,70,,86866,24,,,1,30,,86887,24,,,1
900,'20261017',946,,86907,24,,,1,70,,86891,24,,,1,30,,86908,24,,,1,70,,86892,24,,,1,30,,86909,24,,,1,70,,86893,24,,,1,30,,86910,24,,,1,70,,86894,24,,,1,30,,86911,24,,,1,70,,86895,24,,,1,30,,86912,24,,,1,70,,86896,24,,,1,30,,86913,24,,,1,70,,86897,24,,,1,30,,86914,24,,,1,70,,86898,24,,,1,30,,86915,24,,,1,70,,86899,24,,,1,30,,86916,24,,,1,70,,86900,24,,,1,30,,86917,24,,,1,70,,86901,24,,,1,30,,86918,24,,,1,70,,86902,24,,,1,30,,86919,24,,,1,70,,86903,24,,,1,30,,86920,24,,,1,70,,86904,24,,,1,30,,86921,24,,,1,70,,86905,24,,,1,30,,86922,24,,,1,70,,86906,24,,,1,30,,86923,24,,,1
900,'20261018',946,,92179,24,,,1,70,,86924,24,,,1,30,,92180,24,,,1,70,,86925,24,,,1,30,,92181,24,,,1,70,,86926,24,,,1,30,,92182,24,,,1,70,,86927,24,,,1,30,,92183,24,,,1,70,,86928,24,,,1,30,,92184,24,,,1,70,,86929,24,,,1,30,,92185,24,,,1,70,,86930,24,,,1,30,,92186,24,,,1,70,,86931,24,,,1,30,,92187,24,,,1,70,,86932,24,,,1,30,,92188,24,,,1,70,,86933,24,,,1,30,,92189,24,,,1,70,,86934,24,,,1,30,,92190,24,,,1,70,,86935,24,,,1,30,,92191,24,,,1,70,,86936,24,,,1,30,,92192,24,,,1,70,,86937,24,,,1,30,,92193,24,,,1,70,,86938,24,,,1,30,,92194,24,,,1,70,,86939,24,,,1
900,'20261019',701,,86956,24,,,1,30,,86977,24,,,1,77,,86957,24,,,1,27,,86978,24,,,1,70,,86958,24,,,1,30,,86979,24,,,1,70,,86959,24,,,1,41,,86982,24,,,1,70,,86962,24,,,1,30,,86983,24,,,1,70,,86963,24,,,1,30,,86984,24,,,1,70,,86964,24,,,1,30,,86985,24,,,1,70,,86965,24,,,1,30,,86986,24,,,1,70,,86966,24,,,1,30,,86987,24,,,1,71,,86967,24,,,1,30,,86988,24,,,1,53,,86960,24,,,1,10,,86997,24,4,,1,10,,86968,24,,,1,10,,86980,24,,,1,10,,86999,24,4,,1,10,,86989,24,,,1,50,,86961,24,,,1,10,,86998,24,4,,1,10,,86969,24,,,1,12,,86981,24,,,1,15,,86990,24,,,1,70,,86970,24,,,1,30,,86991,24,,,1,70,,86971,24,,,1,29,,86992,24,,,1,70,,86972,24,,,1,30,,86993,24,,,1,70,,86973,24,,,1,30,,86994,24,,,1,70,,86974,24,,,1,30,,86995,24,,,1,72,,86975,24,,,1,28,,86996,24,,,1,70,,86976,24,,,1
900,'20261020',701,,87000,24,,,1,30,,87021,24,,,1,77,,87001,24,,,1,27,,87022,24,,,1,70,,87002,24,,,1,30,,87023,24,,,1,70,,87003,24,,,1,41,,87026,24,,,1,70,,87006,24,,,1,30,,87027,24,,,1,70,,87007,24,,,1,30,,87028,24,,,1,70,,87008,24,,,1,30,,87029,24,,,1,70,,87009,24,,,1,30,,87030,24,,,1,70,,87010,24,,,1,30,,87031,24,,,1,71,,87011,24,,,1,30,,87032,24,,,1,53,,87004,24,,,1,10,,87041,24,4,,1,10,,87012,24,,,1,10,,87024,24,,,1,10,,87043,24,4,,1,10,,87033,24,,,1,50,,87005,24,,,1,10,,87042,24,4,,1,10,,87013,24,,,1,12,,87025,24,,,1,15,,87034,24,,,1,70,,87014,24,,,1,30,,87035,24,,,1,70,,87015,24,,,1,29,,87036,24,,,1,70,,87016,24,,,1,30,,87037,24,,,1,70,,87017,24,,,1,30,,87038,24,,,1,70,,87018,24,,,1,30,,87039,24,,,1,72,,87019,24,,,1,28,,87040,24,,,1,70,,87020,24,,,1
900,'20261021',701,,87044,24,,,1,30,,87065,24,,,1,77,,87045,24,,,1,27,,87066,24,,,1,70,,87046,24,,,1,30,,87067,24,,,1,70,,87047,24,,,1,41,,87070,24,,,1,70,,87050,24,,,1,30,,87071,24,,,1,70,,87051,24,,,1,30,,87072,24,,,1,70,,87052,24,,,1,30,,87073,24,,,1,70,,87053,24,,,1,30,,87074,24,,,1,70,,87054,24,,,1,30,,87075,24,,,1,71,,87055,24,,,1,30,,87076,24,,,1,53,,87048,24,,,1,10,,87085,24,4,,1,10,,87056,24,,,1,10,,87068,24,,,1,10,,87087,24,4,,1,10,,87077,24,,,1,50,,87049,24,,,1,10,,87086,24,4,,1,10,,87057,24,,,1,12,,87069,24,,,1,15,,87078,24,,,1,70,,87058,24,,,1,30,,87079,24,,,1,70,,87059,24,,,1,29,,87080,24,,,1,70,,87060,24,,,1,30,,87081,24,,,1,70,,87061,24,,,1,30,,87082,24,,,1,70,,87062,24,,,1,30,,87083,24,,,1,72,,87063,24,,,1,28,,87084,24,,,1,70,,87064,24,,,1
900,'20261022',701,,87088,24,,,1,30,,87109,24,,,1,77,,87089,24,,,1,27,,87110,24,,,1,70,,87090,24,,,1,30,,87111,24,,,1,70,,87091,24,,,1,41,,87114,24,,,1,70,,87094,24,,,1,30,,87115,24,,,1,70,,87095,24,,,1,30,,87116,24,,,1,70,,87096,24,,,1,30,,87117,24,,,1,70,,87097,24,,,1,30,,87118,24,,,1,70,,87098,24,,,1,30,,87119,24,,,1,71,,87099,24,,,1,30,,87120,24,,,1,53,,87092,24,,,1,10,,87129,24,4,,1,10,,87100,24,,,1,10,,87112,24,,,1,10,,87131,24,4,,1,10,,87121,24,,,1,50,,87093,24,,,1,10,,87130,24,4,,1,10,,87101,24,,,1,12,,87113,24,,,1,15,,87122,24,,,1,70,,87102,24,,,1,30,,87123,24,,,1,70,,87103,24,,,1,29,,87124,24,,,1,70,,87104,24,,,1,30,,87125,24,,,1,70,,87105,24,,,1,30,,87126,24,,,1,70,,87106,24,,,1,30,,87127,24,,,1,72,,87107,24,,,1,28,,87128,24,,,1,70,,87108,24,,,1
900,'20261023',701,,87132,24,,,1,30,,87153,24,,,1,77,,87133,24,,,1,27,,87154,24,,,1,70,,87134,24,,,1,30,,87155,24,,,1,70,,87135,24,,,1,41,,87158,24,,,1,70,,87138,24,,,1,30,,87159,24,,,1,70,,87139,24,,,1,30,,87160,24,,,1,70,,87140,24,,,1,30,,87161,24,,,1,70,,87141,24,,,1,30,,87162,24,,,1,70,,87142,24,,,1,30,,87163,24,,,1,71,,87143,24,,,1,30,,87164,24,,,1,53,,87136,24,,,1,10,,87174,24,4,,1,10,,87144,24,,,1,10,,87156,24,,,1,10,,87176,24,4,,1,10,,87165,24,,,1,50,,87137,24,,,1,10,,87175,24,4,,1,10,,87145,24,,,1,12,,87157,24,,,1,15,,87166,24,,,1,70,,87146,24,,,1,30,,87167,24,,,1,70,,87147,24,,,1,29,,87168,24,,,1,70,,87148,24,,,1,30,,87169,24,,,1,70,,87149,24,,,1,30,,87170,24,,,1,70,,87150,24,,,1,30,,87171,24,,,1,72,,87151,24,,,1,28,,87172,24,,,1,70,,87152,24,,,1,30,,87173,24,,,1
900,'20261024',946,,87193,24,,,1,70,,87177,24,,,1,30,,87194,24,,,1,70,,87178,24,,,1,30,,87195,24,,,1,70,,87179,24,,,1,30,,87196,24,,,1,70,,87180,24,,,1,30,,87197,24,,,1,70,,87181,24,,,1,30,,87198,24,,,1,70,,87182,24,,,1,30,,87199,24,,,1,70,,87183,24,,,1,30,,87200,24,,,1,70,,87184,24,,,1,30,,87201,24,,,1,70,,87185,24,,,1,30,,87202,24,,,1,70,,87186,24,,,1,30,,87203,24,,,1,70,,87187,24,,,1,30,,87204,24,,,1,70,,87188,24,,,1,30,,87205,24,,,1,70,,87189,24,,,1,30,,87206,24,,,1,70,,87190,24,,,1,30,,87207,24,,,1,70,,87191,24,,,1,30,,87208,24,,,1,70,,87192,24,,,1,30,,87209,24,,,1
900,'20261025',946,,92195,24,,,1,70,,87210,24,,,1,30,,92196,24,,,1,70,,87211,24,,,1,30,,92197,24,,,1,70,,87212,24,,,1,30,,92198,24,,,1,70,,87213,24,,,1,30,,92199,24,,,1,70,,87214,24,,,1,30,,92200,24,,,1,70,,87215,24,,,1,30,,92201,24,,,1,70,,87216,24,,,1,30,,92202,24,,,1,70,,87217,24,,,1,30,,92203,24,,,1,70,,87218,24,,,1,30,,92204,24,,,1,70,,87219,24,,,1,30,,92205,24,,,1,70,,87220,24,,,1,30,,92206,24,,,1,70,,87221,24,,,1,30,,92207,24,,,1,70,,87222,24,,,1,30,,92208,24,,,1,70,,87223,24,,,1,30,,92209,24,,,1,70,,87224,24,,,1,30,,92210,24,,,1,70,,87225,24,,,1
900,'20261026',701,,87242,24,,,1,30,,87263,24,,,1,77,,87243,24,,,1,27,,87264,24,,,1,70,,87244,24,,,1,30,,87265,24,,,1,70,,87245,24,,,1,41,,87268,24,,,1,70,,87248,24,,,1,30,,87269,24,,,1,70,,87249,24,,,1,30,,87270,24,,,1,70,,87250,24,,,1,30,,87271,24,,,1,70,,87251,24,,,1,30,,87272,24,,,1,70,,87252,24,,,1,30,,87273,24,,,1,71,,87253,24,,,1,30,,87274,24,,,1,53,,87246,24,,,1,10,,87283,24,4,,1,10,,87254,24,,,1,10,,87266,24,,,1,10,,87285,24,4,,1,10,,87275,24,,,1,50,,87247,24,,,1,10,,87284,24,4,,1,10,,87255,24,,,1,12,,87267,24,,,1,15,,87276,24,,,1,70,,87256,24,,,1,30,,87277,24,,,1,70,,87257,24,,,1,29,,87278,24,,,1,70,,87258,24,,,1,30,,87279,24,,,1,70,,87259,24,,,1,30,,87280,24,,,1,70,,87260,24,,,1,30,,87281,24,,,1,72,,87261,24,,,1,28,,87282,24,,,1,70,,87262,24,,,1
900,'20261027',701,,87286,24,,,1,30,,87307,24,,,1,77,,87287,24,,,1,27,,87308,24,,,1,70,,87288,24,,,1,30,,87309,24,,,1,70,,87289,24,,,1,41,,87312,24,,,1,70,,87292,24,,,1,30,,87313,24,,,1,70,,87293,24,,,1,30,,87314,24,,,1,70,,87294,24,,,1,30,,87315,24,,,1,70,,87295,24,,,1,30,,87316,24,,,1,70,,87296,24,,,1,30,,87317,24,,,1,71,,87297,24,,,1,30,,87318,24,,,1,53,,87290,24,,,1,10,,87327,24,4,,1,10,,87298,24,,,1,10,,87310,24,,,1,10,,87329,24,4,,1,10,,87319,24,,,1,50,,87291,24,,,1,10,,87328,24,4,,1,10,,87299,24,,,1,12,,87311,24,,,1,15,,87320,24,,,1,70,,87300,24,,,1,30,,87321,24,,,1,70,,87301,24,,,1,29,,87322,24,,,1,70,,87302,24,,,1,30,,87323,24,,,1,70,,87303,24,,,1,30,,87324,24,,,1,70,,87304,24,,,1,30,,87325,24,,,1,72,,87305,24,,,1,28,,87326,24,,,1,70,,87306,24,,,1
900,'20261028',701,,87330,24,,,1,30,,87351,24,,,1,77,,87331,24,,,1,27,,87352,24,,,1,70,,87332,24,,,1,30,,87353,24,,,1,70,,87333,24,,,1,41,,87356,24,,,1,70,,87336,24,,,1,30,,87357,24,,,1,70,,87337,24,,,1,30,,87358,24,,,1,70,,87338,24,,,1,30,,87359,24,,,1,70,,87339,24,,,1,30,,87360,24,,,1,70,,87340,24,,,1,30,,87361,24,,,1,71,,87341,24,,,1,30,,87362,24,,,1,53,,87334,24,,,1,10,,87371,24,4,,1,10,,87342,24,,,1,10,,87354,24,,,1,10,,87373,24,4,,1,10,,87363,24,,,1,50,,87335,24,,,1,10,,87372,24,4,,1,10,,87343,24,,,1,12,,87355,24,,,1,15,,87364,24,,,1,70,,87344,24,,,1,30,,87365,24,,,1,70,,87345,24,,,1,29,,87366,24,,,1,70,,87346,24,,,1,30,,87367,24,,,1,70,,87347,24,,,1,30,,87368,24,,,1,70,,87348,24,,,1,30,,87369,24,,,1,72,,87349,24,,,1,28,,87370,24,,,1,70,,87350,24,,,1
900,'20261029',701,,87374,24,,,1,30,,87395,24,,,1,77,,87375,24,,,1,27,,87396,24,,,1,70,,87376,24,,,1,30,,87397,24,,,1,70,,87377,24,,,1,41,,87400,24,,,1,70,,87380,24,,,1,30,,87401,24,,,1,70,,87381,24,,,1,30,,87402,24,,,1,70,,87382,24,,,1,30,,87403,24,,,1,70,,87383,24,,,1,30,,87404,24,,,1,70,,87384,24,,,1,30,,87405,24,,,1,71,,87385,24,,,1,30,,87406,24,,,1,53,,87378,24,,,1,10,,87415,24,4,,1,10,,87386,24,,,1,10,,87398,24,,,1,10,,87417,24,4,,1,10,,87407,24,,,1,50,,87379,24,,,1,10,,87416,24,4,,1,10,,87387,24,,,1,12,,87399,24,,,1,15,,87408,24,,,1,70,,87388,24,,,1,30,,87409,24,,,1,70,,87389,24,,,1,29,,87410,24,,,1,70,,87390,24,,,1,30,,87411,24,,,1,70,,87391,24,,,1,30,,87412,24,,,1,70,,87392,24,,,1,30,,87413,24,,,1,72,,87393,24,,,1,28,,87414,24,,,1,70,,87394,24,,,1
900,'20261030',701,,87418,24,,,1,30,,87439,24,,,1,77,,87419,24,,,1,27,,87440,24,,,1,70,,87420,24,,,1,30,,87441,24,,,1,70,,87421,24,,,1,41,,87444,24,,,1,70,,87424,24,,,1,30,,87445,24,,,1,70,,87425,24,,,1,30,,87446,24,,,1,70,,87426,24,,,1,30,,87447,24,,,1,70,,87427,24,,,1,30,,87448,24,,,1,70,,87428,24,,,1,30,,87449,24,,,1,71,,87429,24,,,1,30,,87450,24,,,1,53,,87422,24,,,1,10,,87460,24,4,,1,10,,87430,24,,,1,10,,87442,24,,,1,10,,87462,24,4,,1,10,,87451,24,,,1,50,,87423,24,,,1,10,,87461,24,4,,1,10,,87431,24,,,1,12,,87443,24,,,1,15,,87452,24,,,1,70,,87432,24,,,1,30,,87453,24,,,1,70,,87433,24,,,1,29,,87454,24,,,1,70,,87434,24,,,1,30,,87455,24,,,1,70,,87435,24,,,1,30,,87456,24,,,1,70,,87436,24,,,1,30,,87457,24,,,1,72,,87437,24,,,1,28,,87458,24,,,1,70,,87438,24,,,1,30,,87459,24,,,1
900,'20261031',946,,87479,24,,,1,70,,87463,24,,,1,30,,87480,24,,,1,70,,87464,24,,,1,30,,87481,24,,,1,70,,87465,24,,,1,30,,87482,24,,,1,70,,87466,24,,,1,30,,87483,24,,,1,70,,87467,24,,,1,30,,87484,24,,,1,70,,87468,24,,,1,30,,87485,24,,,1,70,,87469,24,,,1,30,,87486,24,,,1,70,,87470,24,,,1,30,,87487,24,,,1,70,,87471,24,,,1,30,,87488,24,,,1,70,,87472,24,,,1,30,,87489,24,,,1,70,,87473,24,,,1,30,,87490,24,,,1,70,,87474,24,,,1,30,,87491,24,,,1,70,,87475,24,,,1,30,,87492,24,,,1,70,,87476,24,,,1,30,,87493,24,,,1,70,,87477,24,,,1,30,,87494,24,,,1,70,,87478,24,,,1,30,,87495,24,,,1
900,'20261101',946,,92211,24,,,1,70,,87496,24,,,1,30,,92212,24,,,1,70,,87497,24,,,1,30,,92213,24,,,1,70,,87498,24,,,1,30,,92214,24,,,1,70,,87499,24,,,1,30,,92215,24,,,1,70,,87500,24,,,1,30,,92216,24,,,1,70,,87501,24,,,1,30,,92217,24,,,1,70,,87502,24,,,1,30,,92218,24,,,1,70,,87503,24,,,1,30,,92219,24,,,1,70,,87504,24,,,1,30,,92220,24,,,1,70,,87505,24,,,1,30,,92221,24,,,1,70,,87506,24,,,1,30,,92222,24,,,1,70,,87507,24,,,1,30,,92223,24,,,1,70,,87508,24,,,1,30,,92224,24,,,1,70,,87509,24,,,1,30,,92225,24,,,1,70,,87510,24,,,1,30,,92226,24,,,1,70,,87511,24,,,1
900,'20261102',701,,87528,24,,,1,30,,87549,24,,,1,77,,87529,24,,,1,27,,87550,24,,,1,70,,87530,24,,,1,30,,87551,24,,,1,70,,87531,24,,,1,41,,87554,24,,,1,70,,87534,24,,,1,30,,87555,24,,,1,70,,87535,24,,,1,30,,87556,24,,,1,70,,87536,24,,,1,30,,87557,24,,,1,70,,87537,24,,,1,30,,87558,24,,,1,70,,87538,24,,,1,30,,87559,24,,,1,71,,87539,24,,,1,30,,87560,24,,,1,53,,87532,24,,,1,10,,87569,24,4,,1,10,,87540,24,,,1,10,,87552,24,,,1,10,,87571,24,4,,1,10,,87561,24,,,1,50,,87533,24,,,1,10,,87570,24,4,,1,10,,87541,24,,,1,12,,87553,24,,,1,15,,87562,24,,,1,70,,87542,24,,,1,30,,87563,24,,,1,70,,87543,24,,,1,29,,87564,24,,,1,70,,87544,24,,,1,30,,87565,24,,,1,70,,87545,24,,,1,30,,87566,24,,,1,70,,87546,24,,,1,30,,87567,24,,,1,72,,87547,24,,,1,28,,87568,24,,,1,70,,87548,24,,,1
900,'20261103',701,,87572,24,,,1,30,,87593,24,,,1,77,,87573,24,,,1,27,,87594,24,,,1,70,,87574,24,,,1,30,,87595,24,,,1,70,,87575,24,,,1,41,,87598,24,,,1,70,,87578,24,,,1,30,,87599,24,,,1,70,,87579,24,,,1,30,,87600,24,,,1,70,,87580,24,,,1,30,,87601,24,,,1,70,,87581,24,,,1,30,,87602,24,,,1,70,,87582,24,,,1,30,,87603,24,,,1,71,,87583,24,,,1,30,,87604,24,,,1,53,,87576,24,,,1,10,,87613,24,4,,1,10,,87584,24,,,1,10,,87596,24,,,1,10,,87615,24,4,,1,10,,87605,24,,,1,50,,87577,24,,,1,10,,87614,24,4,,1,10,,87585,24,,,1,12,,87597,24,,,1,15,,87606,24,,,1,70,,87586,24,,,1,30,,87607,24,,,1,70,,87587,24,,,1,29,,87608,24,,,1,70,,87588,24,,,1,30,,87609,24,,,1,70,,87589,24,,,1,30,,87610,24,,,1,70,,87590,24,,,1,30,,87611,24,,,1,72,,87591,24,,,1,28,,87612,24,,,1,70,,87592,24,,,1
900,'20261104',701,,87616,24,,,1,30,,87637,24,,,1,77,,87617,24,,,1,27,,87638,24,,,1,70,,87618,24,,,1,30,,87639,24,,,1,70,,87619,24,,,1,41,,87642,24,,,1,70,,87622,24,,,1,30,,87643,24,,,1,70,,87623,24,,,1,30,,87644,24,,,1,70,,87624,24,,,1,30,,87645,24,,,1,70,,87625,24,,,1,30,,87646,24,,,1,70,,87626,24,,,1,30,,87647,24,,,1,71,,87627,24,,,1,30,,87648,24,,,1,53,,87620,24,,,1,10,,87657,24,4,,1,10,,87628,24,,,1,10,,87640,24,,,1,10,,87659,24,4,,1,10,,87649,24,,,1,50,,87621,24,,,1,10,,87658,24,4,,1,10,,87629,24,,,1,12,,87641,24,,,1,15,,87650,24,,,1,70,,87630,24,,,1,30,,87651,24,,,1,70,,87631,24,,,1,29,,87652,24,,,1,70,,87632,24,,,1,30,,87653,24,,,1,70,,87633,24,,,1,30,,87654,24,,,1,70,,87634,24,,,1,30,,87655,24,,,1,72,,87635,24,,,1,28,,87656,24,,,1,70,,87636,24,,,1
900,'20261105',701,,87660,24,,,1,30,,87681,24,,,1,77,,87661,24,,,1,27,,87682,24,,,1,70,,87662,24,,,1,30,,87683,24,,,1,70,,87663,24,,,1,41,,87686,24,,,1,70,,87666,24,,,1,30,,87687,24,,,1,70,,87667,24,,,1,30,,87688,24,,,1,70,,87668,24,,,1,30,,87689,24,,,1,70,,87669,24,,,1,30,,87690,24,,,1,70,,87670,24,,,1,30,,87691,24,,,1,71,,87671,24,,,1,30,,87692,24,,,1,53,,87664,24,,,1,10,,87701,24,4,,1,10,,87672,24,,,1,10,,87684,24,,,1,10,,87703,24,4,,1,10,,87693,24,,,1,50,,87665,24,,,1,10,,87702,24,4,,1,10,,87673,24,,,1,12,,87685,24,,,1,15,,87694,24,,,1,70,,87674,24,,,1,30,,87695,24,,,1,70,,87675,24,,,1,29,,87696,24,,,1,70,,87676,24,,,1,30,,87697,24,,,1,70,,87677,24,,,1,30,,87698,24,,,1,70,,87678,24,,,1,30,,87699,24,,,1,72,,87679,24,,,1,28,,87700,24,,,1,70,,87680,24,,,1
900,'20261106',701,,87704,24,,,1,30,,87725,24,,,1,77,,87705,24,,,1,27,,87726,24,,,1,70,,87706,24,,,1,30,,87727,24,,,1,70,,87707,24,,,1,41,,87730,24,,,1,70,,87710,24,,,1,30,,87731,24,,,1,70,,87711,24,,,1,30,,87732,24,,,1,70,,87712,24,,,1,30,,87733,24,,,1,70,,87713,24,,,1,30,,87734,24,,,1,70,,87714,24,,,1,30,,87735,24,,,1,71,,87715,24,,,1,30,,87736,24,,,1,53,,87708,24,,,1,10,,87746,24,4,,1,10,,87716,24,,,1,10,,87728,24,,,1,10,,87748,24,4,,1,10,,87737,24,,,1,50,,87709,24,,,1,10,,87747,24,4,,1,10,,87717,24,,,1,12,,87729,24,,,1,15,,87738,24,,,1,70,,87718,24,,,1,30,,87739,24,,,1,70,,87719,24,,,1,29,,87740,24,,,1,70,,87720,24,,,1,30,,87741,24,,,1,70,,87721,24,,,1,30,,87742,24,,,1,70,,87722,24,,,1,30,,87743,24,,,1,72,,87723,24,,,1,28,,87744,24,,,1,70,,87724,24,,,1,30,,87745,24,,,1
900,'20261107',946,,87765,24,,,1,70,,87749,24,,,1,30,,87766,24,,,1,70,,87750,24,,,1,30,,87767,24,,,1,70,,87751,24,,,1,30,,87768,24,,,1,70,,87752,24,,,1,30,,87769,24,,,1,70,,87753,24,,,1,30,,87770,24,,,1,70,,87754,24,,,1,30,,87771,24,,,1,70,,87755,24,,,1,30,,87772,24,,,1,70,,87756,24,,,1,30,,87773,24,,,1,70,,87757,24,,,1,30,,87774,24,,,1,70,,87758,24,,,1,30,,87775,24,,,1,70,,87759,24,,,1,30,,87776,24,,,1,70,,87760,24,,,1,30,,87777,24,,,1,70,,87761,24,,,1,30,,87778,24,,,1,70,,87762,24,,,1,30,,87779,24,,,1,70,,87763,24,,,1,30,,87780,24,,,1,70,,87764,24,,,1,30,,87781,24,,,1
900,'20261108',946,,92227,24,,,1,70,,87782,24,,,1,30,,92228,24,,,1,70,,87783,24,,,1,30,,92229,24,,,1,70,,87784,24,,,1,30,,92230,24,,,1,70,,87785,24,,,1,30,,92231,24,,,1,70,,87786,24,,,1,30,,92232,24,,,1,70,,87787,24,,,1,30,,92233,24,,,1,70,,87788,24,,,1,30,,92234,24,,,1,70,,87789,24,,,1,30,,92235,24,,,1,70,,87790,24,,,1,30,,92236,24,,,1,70,,87791,24,,,1,30,,92237,24,,,1,70,,87792,24,,,1,30,,92238,24,,,1,70,,87793,24,,,1,30,,92239,24,,,1,70,,87794,24,,,1,30,,92240,24,,,1,70,,87795,24,,,1,30,,92241,24,,,1,70,,87796,24,,,1,30,,92242,24,,,1,70,,87797,24,,,1
900,'20261109',701,,87814,24,,,1,30,,87835,24,,,1,77,,87815,24,,,1,27,,87836,24,,,1,70,,87816,24,,,1,30,,87837,24,,,1,70,,87817,24,,,1,41,,87840,24,,,1,70,,87820,24,,,1,30,,87841,24,,,1,70,,87821,24,,,1,30,,87842,24,,,1,70,,87822,24,,,1,30,,87843,24,,,1,70,,87823,24,,,1,30,,87844,24,,,1,70,,87824,24,,,1,30,,87845,24,,,1,71,,87825,24,,,1,30,,87846,24,,,1,53,,87818,24,,,1,10,,87855,24,4,,1,10,,87826,24,,,1,10,,87838,24,,,1,10,,87857,24,4,,1,10,,87847,24,,,1,50,,87819,24,,,1,10,,87856,24,4,,1,10,,87827,24,,,1,12,,87839,24,,,1,15,,87848,24,,,1,70,,87828,24,,,1,30,,87849,24,,,1,70,,87829,24,,,1,29,,87850,24,,,1,70,,87830,24,,,1,30,,87851,24,,,1,70,,87831,24,,,1,30,,87852,24,,,1,70,,87832,24,,,1,30,,87853,24,,,1,72,,87833,24,,,1,28,,87854,24,,,1,70,,87834,24,,,1
900,'20261110',701,,87858,24,,,1,30,,87879,24,,,1,77,,87859,24,,,1,27,,87880,24,,,1,70,,87860,24,,,1,30,,87881,24,,,1,70,,87861,24,,,1,41,,87884,24,,,1,70,,87864,24,,,1,30,,87885,24,,,1,70,,87865,24,,,1,30,,87886,24,,,1,70,,87866,24,,,1,30,,87887,24,,,1,70,,87867,24,,,1,30,,87888,24,,,1,70,,87868,24,,,1,30,,87889,24,,,1,71,,87869,24,,,1,30,,87890,24,,,1,53,,87862,24,,,1,10,,87899,24,4,,1,10,,87870,24,,,1,10,,87882,24,,,1,10,,87901,24,4,,1,10,,87891,24,,,1,50,,87863,24,,,1,10,,87900,24,4,,1,10,,87871,24,,,1,12,,87883,24,,,1,15,,87892,24,,,1,70,,87872,24,,,1,30,,87893,24,,,1,70,,87873,24,,,1,29,,87894,24,,,1,70,,87874,24,,,1,30,,87895,24,,,1,70,,87875,24,,,1,30,,87896,24,,,1,70,,87876,24,,,1,30,,87897,24,,,1,72,,87877,24,,,1,28,,87898,24,,,1,70,,87878,24,,,1
900,'20261111',701,,87902,24,,,1,30,,87923,24,,,1,77,,87903,24,,,1,27,,87924,24,,,1,70,,87904,24,,,1,30,,87925,24,,,1,70,,87905,24,,,1,41,,87928,24,,,1,70,,87908,24,,,1,30,,87929,24,,,1,70,,87909,24,,,1,30,,87930,24,,,1,70,,87910,24,,,1,30,,87931,24,,,1,70,,87911,24,,,1,30,,87932,24,,,1,70,,87912,24,,,1,30,,87933,24,,,1,71,,87913,24,,,1,30,,87934,24,,,1,53,,87906,24,,,1,10,,87943,24,4,,1,10,,87914,24,,,1,10,,87926,24,,,1,10,,87945,24,4,,1,10,,87935,24,,,1,50,,87907,24,,,1,10,,87944,24,4,,1,10,,87915,24,,,1,12,,87927,24,,,1,15,,87936,24,,,1,70,,87916,24,,,1,30,,87937,24,,,1,70,,87917,24,,,1,29,,87938,24,,,1,70,,87918,24,,,1,30,,87939,24,,,1,70,,87919,24,,,1,30,,87940,24,,,1,70,,87920,24,,,1,30,,87941,24,,,1,72,,87921,24,,,1,28,,87942,24,,,1,70,,87922,24,,,1
900,'20261112',701,,87946,24,,,1,30,,87967,24,,,1,77,,87947,24,,,1,27,,87968,24,,,1,70,,87948,24,,,1,30,,87969,24,,,1,70,,87949,24,,,1,41,,87972,24,,,1,70,,87952,24,,,1,30,,87973,24,,,1,70,,87953,24,,,1,30,,87974,24,,,1,70,,87954,24,,,1,30,,87975,24,,,1,70,,87955,24,,,1,30,,87976,24,,,1,70,,87956,24,,,1,30,,87977,24,,,1,71,,87957,24,,,1,30,,87978,24,,,1,53,,87950,24,,,1,10,,87987,24,4,,1,10,,87958,24,,,1,10,,87970,24,,,1,10,,87989,24,4,,1,10,,87979,24,,,1,50,,87951,24,,,1,10,,87988,24,4,,1,10,,87959,24,,,1,12,,87971,24,,,1,15,,87980,24,,,1,70,,87960,24,,,1,30,,87981,24,,,1,70,,87961,24,,,1,29,,87982,24,,,1,70,,87962,24,,,1,30,,87983,24,,,1,70,,87963,24,,,1,30,,87984,24,,,1,70,,87964,24,,,1,30,,87985,24,,,1,72,,87965,24,,,1,28,,87986,24,,,1,70,,87966,24,,,1
900,'20261113',701,,87990,24,,,1,30,,88011,24,,,1,77,,87991,24,,,1,27,,88012,24,,,1,70,,87992,24,,,1,30,,88013,24,,,1,70,,87993,24,,,1,41,,88016,24,,,1,70,,87996,24,,,1,30,,88017,24,,,1,70,,87997,24,,,1,30,,88018,24,,,1,70,,87998,24,,,1,30,,88019,24,,,1,70,,87999,24,,,1,30,,88020,24,,,1,70,,88000,24,,,1,30,,88021,24,,,1,71,,88001,24,,,1,30,,88022,24,,,1,53,,87994,24,,,1,10,,88032,24,4,,1,10,,88002,24,,,1,10,,88014,24,,,1,10,,88034,24,4,,1,10,,88023,24,,,1,50,,87995,24,,,1,10,,88033,24,4,,1,10,,88003,24,,,1,12,,88015,24,,,1,15,,88024,24,,,1,70,,88004,24,,,1,30,,88025,24,,,1,70,,88005,24,,,1,29,,88026,24,,,1,70,,88006,24,,,1,30,,88027,24,,,1,70,,88007,24,,,1,30,,88028,24,,,1,70,,88008,24,,,1,30,,88029,24,,,1,72,,88009,24,,,1,28,,88030,24,,,1,70,,88010,24,,,1,30,,88031,24,,,1
900,'20261114',946,,88051,24,,,1,70,,88035,24,,,1,30,,88052,24,,,1,70,,88036,24,,,1,30,,88053,24,,,1,70,,88037,24,,,1,30,,88054,24,,,1,70,,88038,24,,,1,30,,88055,24,,,1,70,,88039,24,,,1,30,,88056,24,,,1,70,,88040,24,,,1,30,,88057,24,,,1,70,,88041,24,,,1,30,,88058,24,,,1,70,,88042,24,,,1,30,,88059,24,,,1,70,,88043,24,,,1,30,,88060,24,,,1,70,,88044,24,,,1,30,,88061,24,,,1,70,,88045,24,,,1,30,,88062,24,,,1,70,,88046,24,,,1,30,,88063,24,,,1,70,,88047,24,,,1,30,,88064,24,,,1,70,,88048,24,,,1,30,,88065,24,,,1,70,,88049,24,,,1,30,,88066,24,,,1,70,,88050,24,,,1,30,,88067,24,,,1
900,'20261115',946,,92243,24,,,1,70,,88068,24,,,1,30,,92244,24,,,1,70,,88069,24,,,1,30,,92245,24,,,1,70,,88070,24,,,1,30,,92246,24,,,1,70,,88071,24,,,1,30,,92247,24,,,1,70,,88072,24,,,1,30,,92248,24,,,1,70,,88073,24,,,1,30,,92249,24,,,1,70,,88074,24,,,1,30,,92250,24,,,1,70,,88075,24,,,1,30,,92251,24,,,1,70,,88076,24,,,1,30,,92252,24,,,1,70,,88077,24,,,1,30,,92253,24,,,1,70,,88078,24,,,1,30,,92254,24,,,1,70,,88079,24,,,1,30,,92255,24,,,1,70,,88080,24,,,1,30,,92256,24,,,1,70,,88081,24,,,1,30,,92257,24,,,1,70,,88082,24,,,1,30,,92258,24,,,1,70,,88083,24,,,1
900,'20261116',701,,88100,24,,,1,30,,88121,24,,,1,77,,88101,24,,,1,27,,88122,24,,,1,70,,88102,24,,,1,30,,88123,24,,,1,70,,88103,24,,,1,41,,88126,24,,,1,70,,88106,24,,,1,30,,88127,24,,,1,70,,88107,24,,,1,30,,88128,24,,,1,70,,88108,24,,,1,30,,88129,24,,,1,70,,88109,24,,,1,30,,88130,24,,,1,70,,88110,24,,,1,30,,88131,24,,,1,71,,88111,24,,,1,30,,88132,24,,,1,53,,88104,24,,,1,10,,88141,24,4,,1,10,,88112,24,,,1,10,,88124,24,,,1,10,,88143,24,4,,1,10,,88133,24,,,1,50,,88105,24,,,1,10,,88142,24,4,,1,10,,88113,24,,,1,12,,88125,24,,,1,15,,88134,24,,,1,70,,88114,24,,,1,30,,88135,24,,,1,70,,88115,24,,,1,29,,88136,24,,,1,70,,88116,24,,,1,30,,88137,24,,,1,70,,88117,24,,,1,30,,88138,24,,,1,70,,88118,24,,,1,30,,88139,24,,,1,72,,88119,24,,,1,28,,88140,24,,,1,70,,88120,24,,,1
900,'20261117',701,,88144,24,,,1,30,,88165,24,,,1,77,,88145,24,,,1,27,,88166,24,,,1,70,,88146,24,,,1,30,,88167,24,,,1,70,,88147,24,,,1,41,,88170,24,,,1,70,,88150,24,,,1,30,,88171,24,,,1,70,,88151,24,,,1,30,,88172,24,,,1,70,,88152,24,,,1,30,,88173,24,,,1,70,,88153,24,,,1,30,,88174,24,,,1,70,,88154,24,,,1,30,,88175,24,,,1,71,,88155,24,,,1,30,,88176,24,,,1,53,,88148,24,,,1,10,,88185,24,4,,1,10,,88156,24,,,1,10,,88168,24,,,1,10,,88187,24,4,,1,10,,88177,24,,,1,50,,88149,24,,,1,10,,88186,24,4,,1,10,,88157,24,,,1,12,,88169,24,,,1,15,,88178,24,,,1,70,,88158,24,,,1,30,,88179,24,,,1,70,,88159,24,,,1,29,,88180,24,,,1,70,,88160,24,,,1,30,,88181,24,,,1,70,,88161,24,,,1,30,,88182,24,,,1,70,,88162,24,,,1,30,,88183,24,,,1,72,,88163,24,,,1,28,,88184,24,,,1,70,,88164,24,,,1
900,'20261118',701,,88188,24,,,1,30,,88209,24,,,1,77,,88189,24,,,1,27,,88210,24,,,1,70,,88190,24,,,1,30,,88211,24,,,1,70,,88191,24,,,1,41,,88214,24,,,1,70,,88194,24,,,1,30,,88215,24,,,1,70,,88195,24,,,1,30,,88216,24,,,1,70,,88196,24,,,1,30,,88217,24,,,1,70,,88197,24,,,1,30,,88218,24,,,1,70,,88198,24,,,1,30,,88219,24,,,1,71,,88199,24,,,1,30,,88220,24,,,1,53,,88192,24,,,1,10,,88229,24,4,,1,10,,88200,24,,,1,10,,88212,24,,,1,10,,88231,24,4,,1,10,,88221,24,,,1,50,,88193,24,,,1,10,,88230,24,4,,1,10,,88201,24,,,1,12,,88213,24,,,1,15,,88222,24,,,1,70,,88202,24,,,1,30,,88223,24,,,1,70,,88203,24,,,1,29,,88224,24,,,1,70,,88204,24,,,1,30,,88225,24,,,1,70,,88205,24,,,1,30,,88226,24,,,1,70,,88206,24,,,1,30,,88227,24,,,1,72,,88207,24,,,1,28,,88228,24,,,1,70,,88208,24,,,1
900,'20261119',701,,88232,24,,,1,30,,88253,24,,,1,77,,88233,24,,,1,27,,88254,24,,,1,70,,88234,24,,,1,30,,88255,24,,,1,70,,88235,24,,,1,41,,88258,24,,,1,70,,88238,24,,,1,30,,88259,24,,,1,70,,88239,24,,,1,30,,88260,24,,,1,70,,88240,24,,,1,30,,88261,24,,,1,70,,88241,24,,,1,30,,88262,24,,,1,70,,88242,24,,,1,30,,88263,24,,,1,71,,88243,24,,,1,30,,88264,24,,,1,53,,88236,24,,,1,10,,88273,24,4,,1,10,,88244,24,,,1,10,,88256,24,,,1,10,,88275,24,4,,1,10,,88265,24,,,1,50,,88237,24,,,1,10,,88274,24,4,,1,10,,88245,24,,,1,12,,88257,24,,,1,15,,88266,24,,,1,70,,88246,24,,,1,30,,88267,24,,,1,70,,88247,24,,,1,29,,88268,24,,,1,70,,88248,24,,,1,30,,88269,24,,,1,70,,88249,24,,,1,30,,88270,24,,,1,70,,88250,24,,,1,30,,88271,24,,,1,72,,88251,24,,,1,28,,88272,24,,,1,70,,88252,24,,,1
900,'20261120',701,,88276,24,,,1,30,,88297,24,,,1,77,,88277,24,,,1,27,,88298,24,,,1,70,,88278,24,,,1,30,,88299,24,,,1,70,,88279,24,,,1,41,,88302,24,,,1,70,,88282,24,,,1,30,,88303,24,,,1,70,,88283,24,,,1,30,,88304,24,,,1,70,,88284,24,,,1,30,,88305,24,,,1,70,,88285,24,,,1,30,,88306,24,,,1,70,,88286,24,,,1,30,,88307,24,,,1,71,,88287,24,,,1,30,,88308,24,,,1,53,,88280,24,,,1,10,,88318,24,4,,1,10,,88288,24,,,1,10,,88300,24,,,1,10,,88320,24,4,,1,10,,88309,24,,,1,50,,88281,24,,,1,10,,88319,24,4,,1,10,,88289,24,,,1,12,,88301,24,,,1,15,,88310,24,,,1,70,,88290,24,,,1,30,,88311,24,,,1,70,,88291,24,,,1,29,,88312,24,,,1,70,,88292,24,,,1,30,,88313,24,,,1,70,,88293,24,,,1,30,,88314,24,,,1,70,,88294,24,,,1,30,,88315,24,,,1,72,,88295,24,,,1,28,,88316,24,,,1,70,,88296,24,,,1,30,,88317,24,,,1
900,'20261121',946,,88337,24,,,1,70,,88321,24,,,1,30,,88338,24,,,1,70,,88322,24,,,1,30,,88339,24,,,1,70,,88323,24,,,1,30,,88340,24,,,1,70,,88324,24,,,1,30,,88341,24,,,1,70,,88325,24,,,1,30,,88342,24,,,1,70,,88326,24,,,1,30,,88343,24,,,1,70,,88327,24,,,1,30,,88344,24,,,1,70,,88328,24,,,1,30,,88345,24,,,1,70,,88329,24,,,1,30,,88346,24,,,1,70,,88330,24,,,1,30,,88347,24,,,1,70,,88331,24,,,1,30,,88348,24,,,1,70,,88332,24,,,1,30,,88349,24,,,1,70,,88333,24,,,1,30,,88350,24,,,1,70,,88334,24,,,1,30,,88351,24,,,1,70,,88335,24,,,1,30,,88352,24,,,1,70,,88336,24,,,1,30,,88353,24,,,1
900,'20261122',946,,92259,24,,,1,70,,88354,24,,,1,30,,92260,24,,,1,70,,88355,24,,,1,30,,92261,24,,,1,70,,88356,24,,,1,30,,92262,24,,,1,70,,88357,24,,,1,30,,92263,24,,,1,70,,88358,24,,,1,30,,92264,24,,,1,70,,88359,24,,,1,30,,92265,24,,,1,70,,88360,24,,,1,30,,92266,24,,,1,70,,88361,24,,,1,30,,92267,24,,,1,70,,88362,24,,,1,30,,92268,24,,,1,70,,88363,24,,,1,30,,92269,24,,,1,70,,88364,24,,,1,30,,92270,24,,,1,70,,88365,24,,,1,30,,92271,24,,,1,70,,88366,24,,,1,30,,92272,24,,,1,70,,88367,24,,,1,30,,92273,24,,,1,70,,88368,24,,,1,30,,92274,24,,,1,70,,88369,24,,,1
900,'20261123',701,,88386,24,,,1,30,,88407,24,,,1,77,,88387,24,,,1,27,,88408,24,,,1,70,,88388,24,,,1,30,,88409,24,,,1,70,,88389,24,,,1,41,,88412,24,,,1,70,,88392,24,,,1,30,,88413,24,,,1,70,,88393,24,,,1,30,,88414,24,,,1,70,,88394,24,,,1,30,,88415,24,,,1,70,,88395,24,,,1,30,,88416,24,,,1,70,,88396,24,,,1,30,,88417,24,,,1,71,,88397,24,,,1,30,,88418,24,,,1,53,,88390,24,,,1,10,,88427,24,4,,1,10,,88398,24,,,1,10,,88410,24,,,1,10,,88429,24,4,,1,10,,88419,24,,,1,50,,88391,24,,,1,10,,88428,24,4,,1,10,,88399,24,,,1,12,,88411,24,,,1,15,,88420,24,,,1,70,,88400,24,,,1,30,,88421,24,,,1,70,,88401,24,,,1,29,,88422,24,,,1,70,,88402,24,,,1,30,,88423,24,,,1,70,,88403,24,,,1,30,,88424,24,,,1,70,,88404,24,,,1,30,,88425,24,,,1,72,,88405,24,,,1,28,,88426,24,,,1,70,,88406,24,,,1
900,'20261124',701,,88430,24,,,1,30,,88451,24,,,1,77,,88431,24,,,1,27,,88452,24,,,1,70,,88432,24,,,1,30,,88453,24,,,1,70,,88433,24,,,1,41,,88456,24,,,1,70,,88436,24,,,1,30,,88457,24,,,1,70,,88437,24,,,1,30,,88458,24,,,1,70,,88438,24,,,1,30,,88459,24,,,1,70,,88439,24,,,1,30,,88460,24,,,1,70,,88440,24,,,1,30,,88461,24,,,1,71,,88441,24,,,1,30,,88462,24,,,1,53,,88434,24,,,1,10,,88471,24,4,,1,10,,88442,24,,,1,10,,88454,24,,,1,10,,88473,24,4,,1,10,,88463,24,,,1,50,,88435,24,,,1,10,,88472,24,4,,1,10,,88443,24,,,1,12,,88455,24,,,1,15,,88464,24,,,1,70,,88444,24,,,1,30,,88465,24,,,1,70,,88445,24,,,1,29,,88466,24,,,1,70,,88446,24,,,1,30,,88467,24,,,1,70,,88447,24,,,1,30,,88468,24,,,1,70,,88448,24,,,1,30,,88469,24,,,1,72,,88449,24,,,1,28,,88470,24,,,1,70,,88450,24,,,1
900,'20261125',701,,88474,24,,,1,30,,88495,24,,,1,77,,88475,24,,,1,27,,88496,24,,,1,70,,88476,24,,,1,30,,88497,24,,,1,70,,88477,24,,,1,41,,88500,24,,,1,70,,88480,24,,,1,30,,88501,24,,,1,70,,88481,24,,,1,30,,88502,24,,,1,70,,88482,24,,,1,30,,88503,24,,,1,70,,88483,24,,,1,30,,88504,24,,,1,70,,88484,24,,,1,30,,88505,24,,,1,71,,88485,24,,,1,30,,88506,24,,,1,53,,88478,24,,,1,10,,88515,24,4,,1,10,,88486,24,,,1,10,,88498,24,,,1,10,,88517,24,4,,1,10,,88507,24,,,1,50,,88479,24,,,1,10,,88516,24,4,,1,10,,88487,24,,,1,12,,88499,24,,,1,15,,88508,24,,,1,70,,88488,24,,,1,30,,88509,24,,,1,70,,88489,24,,,1,29,,88510,24,,,1,70,,88490,24,,,1,30,,88511,24,,,1,70,,88491,24,,,1,30,,88512,24,,,1,70,,88492,24,,,1,30,,88513,24,,,1,72,,88493,24,,,1,28,,88514,24,,,1,70,,88494,24,,,1
900,'20261126',701,,88518,24,,,1,30,,88539,24,,,1,77,,88519,24,,,1,27,,88540,24,,,1,70,,88520,24,,,1,30,,88541,24,,,1,70,,88521,24,,,1,41,,88544,24,,,1,70,,88524,24,,,1,30,,88545,24,,,1,70,,88525,24,,,1,30,,88546,24,,,1,70,,88526,24,,,1,30,,88547,24,,,1,70,,88527,24,,,1,30,,88548,24,,,1,70,,88528,24,,,1,30,,88549,24,,,1,71,,88529,24,,,1,30,,88550,24,,,1,53,,88522,24,,,1,10,,88559,24,4,,1,10,,88530,24,,,1,10,,88542,24,,,1,10,,88561,24,4,,1,10,,88551,24,,,1,50,,88523,24,,,1,10,,88560,24,4,,1,10,,88531,24,,,1,12,,88543,24,,,1,15,,88552,24,,,1,70,,88532,24,,,1,30,,88553,24,,,1,70,,88533,24,,,1,29,,88554,24,,,1,70,,88534,24,,,1,30,,88555,24,,,1,70,,88535,24,,,1,30,,88556,24,,,1,70,,88536,24,,,1,30,,88557,24,,,1,72,,88537,24,,,1,28,,88558,24,,,1,70,,88538,24,,,1
900,'20261127',701,,88562,24,,,1,30,,88583,24,,,1,77,,88563,24,,,1,27,,88584,24,,,1,70,,88564,24,,,1,30,,88585,24,,,1,70,,88565,24,,,1,41,,88588,24,,,1,70,,88568,24,,,1,30,,88589,24,,,1,70,,88569,24,,,1,30,,88590,24,,,1,70,,88570,24,,,1,30,,88591,24,,,1,70,,88571,24,,,1,30,,88592,24,,,1,70,,88572,24,,,1,30,,88593,24,,,1,71,,88573,24,,,1,30,,88594,24,,,1,53,,88566,24,,,1,10,,88604,24,4,,1,10,,88574,24,,,1,10,,88586,24,,,1,10,,88606,24,4,,1,10,,88595,24,,,1,50,,88567,24,,,1,10,,88605,24,4,,1,10,,88575,24,,,1,12,,88587,24,,,1,15,,88596,24,,,1,70,,88576,24,,,1,30,,88597,24,,,1,70,,88577,24,,,1,29,,88598,24,,,1,70,,88578,24,,,1,30,,88599,24,,,1,70,,88579,24,,,1,30,,88600,24,,,1,70,,88580,24,,,1,30,,88601,24,,,1,72,,88581,24,,,1,28,,88602,24,,,1,70,,88582,24,,,1,30,,88603,24,,,1
901,'20260917',507,,89131,5,,,1,30,,89152,5,,,1,76,,89132,5,,,1,15,,89150,5,,,1,10,,89153,5,,,1,10,,89173,1,,,1,10,,89170,5,,,1,50,,89133,5,,,1,10,,89172,1,,,1,10,,89151,5,,,1,10,,89154,5,,,1,10,,89174,1,,,1,10,,89171,5,,,1,56,,89134,5,,,1,30,,89155,5,,,1,70,,89135,5,,,1,30,,89156,5,,,1,70,,89136,5,,,1,30,,89157,5,,,1,70,,89137,5,,,1,30,,89158,5,,,1,70,,89138,5,,,1,30,,89159,5,,,1,70,,89139,5,,,1,30,,89160,5,,,1,70,,89140,5,,,1,30,,89161,5,,,1,70,,89141,5,,,1,30,,89162,5,,,1,70,,89142,5,,,1,30,,89163,5,,,1,70,,89143,5,,,1,30,,89164,5,,,1,70,,89144,5,,,1,30,,89165,5,,,1,70,,89145,5,,,1,30,,89166,5,,,1,70,,89146,5,,,1,30,,89167,5,,,1,70,,89147,5,,,1,30,,89168,5,,,1,70,,89148,5,,,1,30,,89169,5,,,1,70,,89149,5,,,1
901,'20260918',507,,89175,5,,,1,30,,89196,5,,,1,76,,89176,5,,,1,15,,89194,5,,,1,10,,89197,5,,,1,10,,89218,1,,,1,10,,89215,5,,,1,50,,89177,5,,,1,10,,89217,1,,,1,10,,89195,5,,,1,10,,89198,5,,,1,10,,89219,1,,,1,10,,89216,5,,,1,56,,89178,5,,,1,30,,89199,5,,,1,70,,89179,5,,,1,30,,89200,5,,,1,70,,89180,5,,,1,30,,89201,5,,,1,70,,89181,5,,,1,30,,89202,5,,,1,70,,89182,5,,,1,30,,89203,5,,,1,70,,89183,5,,,1,30,,89204,5,,,1,70,,89184,5,,,1,30,,89205,5,,,1,70,,89185,5,,,1,30,,89206,5,,,1,70,,89186,5,,,1,30,,89207,5,,,1,70,,89187,5,,,1,30,,89208,5,,,1,70,,89188,5,,,1,30,,89209,5,,,1,70,,89189,5,,,1,30,,89210,5,,,1,70,,89190,5,,,1,30,,89211,5,,,1,70,,89191,5,,,1,30,,89212,5,,,1,70,,89192,5,,,1,30,,89213,5,,,1,70,,89193,5,,,1,30,,89214,5,,,1
901,'20260919',744,,89236,5,,,1,70,,89220,5,,,1,30,,89237,5,,,1,70,,89221,5,,,1,30,,89238,5,,,1,70,,89222,5,,,1,30,,89239,5,,,1,70,,89223,5,,,1,30,,89240,5,,,1,70,,89224,5,,,1,30,,89241,5,,,1,70,,89225,5,,,1,30,,89242,5,,,1,70,,89226,5,,,1,30,,89243,5,,,1,70,,89227,5,,,1,30,,89244,5,,,1,70,,89228,5,,,1,30,,89245,5,,,1,70,,89229,5,,,1,30,,89246,5,,,1,70,,89230,5,,,1,30,,89247,5,,,1,70,,89231,5,,,1,30,,89248,5,,,1,70,,89232,5,,,1,30,,89249,5,,,1,70,,89233,5,,,1,30,,89250,5,,,1,70,,89234,5,,,1,30,,89251,5,,,1,70,,89235,5,,,1,30,,89252,5,,,1
901,'20260920',744,,89269,5,,,1,70,,89253,5,,,1,30,,89270,5,,,1,70,,89254,5,,,1,30,,89271,5,,,1,70,,89255,5,,,1,30,,89272,5,,,1,70,,89256,5,,,1,30,,89273,5,,,1,70,,89257,5,,,1,30,,89274,5,,,1,70,,89258,5,,,1,30,,89275,5,,,1,70,,89259,5,,,1,30,,89276,5,,,1,70,,89260,5,,,1,30,,89277,5,,,1,70,,89261,5,,,1,30,,89278,5,,,1,70,,89262,5,,,1,30,,89279,5,,,1,70,,89263,5,,,1,30,,89280,5,,,1,70,,89264,5,,,1,30,,89281,5,,,1,70,,89265,5,,,1,30,,89282,5,,,1,70,,89266,5,,,1,30,,89283,5,,,1,70,,89267,5,,,1,30,,89284,5,,,1,70,,89268,5,,,1
901,'20260921',507,,89285,5,,,1,30,,89306,5,,,1,76,,89286,5,,,1,15,,89304,5,,,1,10,,89307,5,,,1,10,,89327,1,,,1,10,,89324,5,,,1,50,,89287,5,,,1,10,,89326,1,,,1,10,,89305,5,,,1,10,,89308,5,,,1,10,,89328,1,,,1,10,,89325,5,,,1,56,,89288,5,,,1,30,,89309,5,,,1,70,,89289,5,,,1,30,,89310,5,,,1,70,,89290,5,,,1,30,,89311,5,,,1,70,,89291,5,,,1,30,,89312,5,,,1,70,,89292,5,,,1,30,,89313,5,,,1,70,,89293,5,,,1,30,,89314,5,,,1,70,,89294,5,,,1,30,,89315,5,,,1,70,,89295,5,,,1,30,,89316,5,,,1,70,,89296,5,,,1,30,,89317,5,,,1,70,,89297,5,,,1,30,,89318,5,,,1,70,,89298,5,,,1,30,,89319,5,,,1,70,,89299,5,,,1,30,,89320,5,,,1,70,,89300,5,,,1,30,,89321,5,,,1,70,,89301,5,,,1,30,,89322,5,,,1,70,,89302,5,,,1,30,,89323,5,,,1,70,,89303,5,,,1
901,'20260922',507,,89329,5,,,1,30,,89350,5,,,1,76,,89330,5,,,1,15,,89348,5,,,1,10,,89351,5,,,1,10,,89371,1,,,1,10,,89368,5,,,1,50,,89331,5,,,1,10,,89370,1,,,1,10,,89349,5,,,1,10,,89352,5,,,1,10,,89372,1,,,1,10,,89369,5,,,1,56,,89332,5,,,1,30,,89353,5,,,1,70,,89333,5,,,1,30,,89354,5,,,1,70,,89334,5,,,1,30,,89355,5,,,1,70,,89335,5,,,1,30,,89356,5,,,1,70,,89336,5,,,1,30,,89357,5,,,1,70,,89337,5,,,1,30,,89358,5,,,1,70,,89338,5,,,1,30,,89359,5,,,1,70,,89339,5,,,1,30,,89360,5,,,1,70,,89340,5,,,1,30,,89361,5,,,1,70,,89341,5,,,1,30,,89362,5,,,1,70,,89342,5,,,1,30,,89363,5,,,1,70,,89343,5,,,1,30,,89364,5,,,1,70,,89344,5,,,1,30,,89365,5,,,1,70,,89345,5,,,1,30,,89366,5,,,1,70,,89346,5,,,1,30,,89367,5,,,1,70,,89347,5,,,1
901,'20260923',507,,89373,5,,,1,30,,89394,5,,,1,76,,89374,5,,,1,15,,89392,5,,,1,10,,89395,5,,,1,10,,89415,1,,,1,10,,89412,5,,,1,50,,89375,5,,,1,10,,89414,1,,,1,10,,89393,5,,,1,10,,89396,5,,,1,10,,89416,1,,,1,10,,89413,5,,,1,56,,89376,5,,,1,30,,89397,5,,,1,70,,89377,5,,,1,30,,89398,5,,,1,70,,89378,5,,,1,30,,89399,5,,,1,70,,89379,5,,,1,30,,89400,5,,,1,70,,89380,5,,,1,30,,89401,5,,,1,70,,89381,5,,,1,30,,89402,5,,,1,70,,89382,5,,,1,30,,89403,5,,,1,70,,89383,5,,,1,30,,89404,5,,,1,70,,89384,5,,,1,30,,89405,5,,,1,70,,89385,5,,,1,30,,89406,5,,,1,70,,89386,5,,,1,30,,89407,5,,,1,70,,89387,5,,,1,30,,89408,5,,,1,70,,89388,5,,,1,30,,89409,5,,,1,70,,89389,5,,,1,30,,89410,5,,,1,70,,89390,5,,,1,30,,89411,5,,,1,70,,89391,5,,,1
901,'20260924',507,,89417,5,,,1,30,,89438,5,,,1,76,,89418,5,,,1,15,,89436,5,,,1,10,,89439,5,,,1,10,,89459,1,,,1,10,,89456,5,,,1,50,,89419,5,,,1,10,,89458,1,,,1,10,,89437,5,,,1,10,,89440,5,,,1,10,,89460,1,,,1,10,,89457,5,,,1,56,,89420,5,,,1,30,,89441,5,,,1,70,,89421,5,,,1,30,,89442,5,,,1,70,,89422,5,,,1,30,,89443,5,,,1,70,,89423,5,,,1,30,,89444,5,,,1,70,,89424,5,,,1,30,,89445,5,,,1,70,,89425,5,,,1,30,,89446,5,,,1,70,,89426,5,,,1,30,,89447,5,,,1,70,,89427,5,,,1,30,,89448,5,,,1,70,,89428,5,,,1,30,,89449,5,,,1,70,,89429,5,,,1,30,,89450,5,,,1,70,,89430,5,,,1,30,,89451,5,,,1,70,,89431,5,,,1,30,,89452,5,,,1,70,,89432,5,,,1,30,,89453,5,,,1,70,,89433,5,,,1,30,,89454,5,,,1,70,,89434,5,,,1,30,,89455,5,,,1,70,,89435,5,,,1
901,'20260925',507,,89461,5,,,1,30,,89482,5,,,1,76,,89462,5,,,1,15,,89480,5,,,1,10,,89483,5,,,1,10,,89504,1,,,1,10,,89501,5,,,1,50,,89463,5,,,1,10,,89503,1,,,1,10,,89481,5,,,1,10,,89484,5,,,1,10,,89505,1,,,1,10,,89502,5,,,1,56,,89464,5,,,1,30,,89485,5,,,1,70,,89465,5,,,1,30,,89486,5,,,1,70,,89466,5,,,1,30,,89487,5,,,1,70,,89467,5,,,1,30,,89488,5,,,1,70,,89468,5,,,1,30,,89489,5,,,1,70,,89469,5,,,1,30,,89490,5,,,1,70,,89470,5,,,1,30,,89491,5,,,1,70,,89471,5,,,1,30,,89492,5,,,1,70,,89472,5,,,1,30,,89493,5,,,1,70,,89473,5,,,1,30,,89494,5,,,1,70,,89474,5,,,1,30,,89495,5,,,1,70,,89475,5,,,1,30,,89496,5,,,1,70,,89476,5,,,1,30,,89497,5,,,1,70,,89477,5,,,1,30,,89498,5,,,1,70,,89478,5,,,1,30,,89499,5,,,1
901,'20260926',744,,89522,5,0,57,1,100,,89523,5,0,57,1,100,,89524,5,0,57,1,100,,89525,5,0,57,1,100,,89526,5,0,57,1,100,,89527,5,0,57,1,100,,89528,5,0,57,1,100,,89529,5,0,57,1,100,,89530,5,0,57,1,100,,89531,5,0,57,1,100,,89532,5,0,57,1,100,,89533,5,0,57,1,100,,89534,5,0,57,1,100,,89535,5,0,57,1,100,,89536,5,0,57,1,100,,89537,5,0,57,1,100,,89538,5,0,57,1
901,'20260927',744,,89555,5,0,57,1,100,,89556,5,0,57,1,100,,89557,5,0,57,1,100,,89558,5,0,57,1,100,,89559,5,0,57,1,100,,89560,5,0,57,1,100,,89561,5,0,57,1,100,,89562,5,0,57,1,100,,89563,5,0,57,1,100,,89564,5,0,57,1,100,,89565,5,0,57,1,100,,89566,5,0,57,1,100,,89567,5,0,57,1,100,,89568,5,0,57,1,100,,89569,5,0,57,1,100,,89570,5,0,57,1
901,'20260928',507,,89571,5,,,1,30,,89592,5,,,1,76,,89572,5,,,1,15,,89590,5,,,1,10,,89593,5,,,1,10,,89613,1,,,1,10,,89610,5,,,1,50,,89573,5,,,1,10,,89612,1,,,1,10,,89591,5,,,1,10,,89594,5,,,1,10,,89614,1,,,1,10,,89611,5,,,1,56,,89574,5,,,1,30,,89595,5,,,1,70,,89575,5,,,1,30,,89596,5,,,1,70,,89576,5,,,1,30,,89597,5,,,1,70,,89577,5,,,1,30,,89598,5,,,1,70,,89578,5,,,1,30,,89599,5,,,1,70,,89579,5,,,1,30,,89600,5,,,1,70,,89580,5,,,1,30,,89601,5,,,1,70,,89581,5,,,1,30,,89602,5,,,1,70,,89582,5,,,1,30,,89603,5,,,1,70,,89583,5,,,1,30,,89604,5,,,1,70,,89584,5,,,1,30,,89605,5,,,1,70,,89585,5,,,1,30,,89606,5,,,1,70,,89586,5,,,1,30,,89607,5,,,1,70,,89587,5,,,1,30,,89608,5,,,1,70,,89588,5,,,1,30,,89609,5,,,1,70,,89589,5,,,1
901,'20260929',507,,89615,5,,,1,30,,89636,5,,,1,76,,89616,5,,,1,15,,89634,5,,,1,10,,89637,5,,,1,10,,89657,1,,,1,10,,89654,5,,,1,50,,89617,5,,,1,10,,89656,1,,,1,10,,89635,5,,,1,10,,89638,5,,,1,10,,89658,1,,,1,10,,89655,5,,,1,56,,89618,5,,,1,30,,89639,5,,,1,70,,89619,5,,,1,30,,89640,5,,,1,70,,89620,5,,,1,30,,89641,5,,,1,70,,89621,5,,,1,30,,89642,5,,,1,70,,89622,5,,,1,30,,89643,5,,,1,70,,89623,5,,,1,30,,89644,5,,,1,70,,89624,5,,,1,30,,89645,5,,,1,70,,89625,5,,,1,30,,89646,5,,,1,70,,89626,5,,,1,30,,89647,5,,,1,70,,89627,5,,,1,30,,89648,5,,,1,70,,89628,5,,,1,30,,89649,5,,,1,70,,89629,5,,,1,30,,89650,5,,,1,70,,89630,5,,,1,30,,89651,5,,,1,70,,89631,5,,,1,30,,89652,5,,,1,70,,89632,5,,,1,30,,89653,5,,,1,70,,89633,5,,,1
901,'20260930',507,,89659,5,,,1,30,,89680,5,,,1,76,,89660,5,,,1,15,,89678,5,,,1,10,,89681,5,,,1,10,,89701,1,,,1,10,,89698,5,,,1,50,,89661,5,,,1,10,,89700,1,,,1,10,,89679,5,,,1,10,,89682,5,,,1,10,,89702,1,,,1,10,,89699,5,,,1,56,,89662,5,,,1,30,,89683,5,,,1,70,,89663,5,,,1,30,,89684,5,,,1,70,,89664,5,,,1,30,,89685,5,,,1,70,,89665,5,,,1,30,,89686,5,,,1,70,,89666,5,,,1,30,,89687,5,,,1,70,,89667,5,,,1,30,,89688,5,,,1,70,,89668,5,,,1,30,,89689,5,,,1,70,,89669,5,,,1,30,,89690,5,,,1,70,,89670,5,,,1,30,,89691,5,,,1,70,,89671,5,,,1,30,,89692,5,,,1,70,,89672,5,,,1,30,,89693,5,,,1,70,,89673,5,,,1,30,,89694,5,,,1,70,,89674,5,,,1,30,,89695,5,,,1,70,,89675,5,,,1,30,,89696,5,,,1,70,,89676,5,,,1,30,,89697,5,,,1,70,,89677,5,,,1
901,'20261001',507,,89703,5,,,1,30,,89724,5,,,1,76,,89704,5,,,1,15,,89722,5,,,1,10,,89725,5,,,1,10,,89745,1,,,1,10,,89742,5,,,1,50,,89705,5,,,1,10,,89744,1,,,1,10,,89723,5,,,1,10,,89726,5,,,1,10,,89746,1,,,1,10,,89743,5,,,1,56,,89706,5,,,1,30,,89727,5,,,1,70,,89707,5,,,1,30,,89728,5,,,1,70,,89708,5,,,1,30,,89729,5,,,1,70,,89709,5,,,1,30,,89730,5,,,1,70,,89710,5,,,1,30,,89731,5,,,1,70,,89711,5,,,1,30,,89732,5,,,1,70,,89712,5,,,1,30,,89733,5,,,1,70,,89713,5,,,1,30,,89734,5,,,1,70,,89714,5,,,1,30,,89735,5,,,1,70,,89715,5,,,1,30,,89736,5,,,1,70,,89716,5,,,1,30,,89737,5,,,1,70,,89717,5,,,1,30,,89738,5,,,1,70,,89718,5,,,1,30,,89739,5,,,1,70,,89719,5,,,1,30,,89740,5,,,1,70,,89720,5,,,1,30,,89741,5,,,1,70,,89721,5,,,1
901,'20261002',507,,89747,5,,,1,30,,89768,5,,,1,76,,89748,5,,,1,15,,89766,5,,,1,10,,89769,5,,,1,10,,89790,1,,,1,10,,89787,5,,,1,50,,89749,5,,,1,10,,89789,1,,,1,10,,89767,5,,,1,10,,89770,5,,,1,10,,89791,1,,,1,10,,89788,5,,,1,56,,89750,5,,,1,30,,89771,5,,,1,70,,89751,5,,,1,30,,89772,5,,,1,70,,89752,5,,,1,30,,89773,5,,,1,70,,89753,5,,,1,30,,89774,5,,,1,70,,89754,5,,,1,30,,89775,5,,,1,70,,89755,5,,,1,30,,89776,5,,,1,70,,89756,5,,,1,30,,89777,5,,,1,70,,89757,5,,,1,30,,89778,5,,,1,70,,89758,5,,,1,30,,89779,5,,,1,70,,89759,5,,,1,30,,89780,5,,,1,70,,89760,5,,,1,30,,89781,5,,,1,70,,89761,5,,,1,30,,89782,5,,,1,70,,89762,5,,,1,30,,89783,5,,,1,70,,89763,5,,,1,30,,89784,5,,,1,70,,89764,5,,,1,30,,89785,5,,,1,70,,89765,5,,,1,30,,89786,5,,,1
901,'20261003',744,,89808,5,,,1,70,,89792,5,,,1,30,,89809,5,,,1,70,,89793,5,,,1,30,,89810,5,,,1,70,,89794,5,,,1,30,,89811,5,,,1,70,,89795,5,,,1,30,,89812,5,,,1,70,,89796,5,,,1,30,,89813,5,,,1,70,,89797,5,,,1,30,,89814,5,,,1,70,,89798,5,,,1,30,,89815,5,,,1,70,,89799,5,,,1,30,,89816,5,,,1,70,,89800,5,,,1,30,,89817,5,,,1,70,,89801,5,,,1,30,,89818,5,,,1,70,,89802,5,,,1,30,,89819,5,,,1,70,,89803,5,,,1,30,,89820,5,,,1,70,,89804,5,,,1,30,,89821,5,,,1,70,,89805,5,,,1,30,,89822,5,,,1,70,,89806,5,,,1,30,,89823,5,,,1,70,,89807,5,,,1,30,,89824,5,,,1
901,'20261004',744,,89841,5,,,1,70,,92275,5,,,1,30,,89842,5,,,1,70,,92276,5,,,1,30,,89843,5,,,1,70,,92277,5,,,1,30,,89844,5,,,1,70,,92278,5,,,1,30,,89845,5,,,1,70,,92279,5,,,1,30,,89846,5,,,1,70,,92280,5,,,1,30,,89847,5,,,1,70,,92281,5,,,1,30,,89848,5,,,1,70,,92282,5,,,1,30,,89849,5,,,1,70,,92283,5,,,1,30,,89850,5,,,1,70,,92284,5,,,1,30,,89851,5,,,1,70,,92285,5,,,1,30,,89852,5,,,1,70,,92286,5,,,1,30,,89853,5,,,1,70,,92287,5,,,1,30,,89854,5,,,1,70,,92288,5,,,1,30,,89855,5,,,1,70,,92289,5,,,1,30,,89856,5,,,1,70,,92290,5,,,1
901,'20261005',507,,89857,5,,,1,30,,89878,5,,,1,76,,89858,5,,,1,15,,89876,5,,,1,10,,89879,5,,,1,10,,89899,1,,,1,10,,89896,5,,,1,50,,89859,5,,,1,10,,89898,1,,,1,10,,89877,5,,,1,10,,89880,5,,,1,10,,89900,1,,,1,10,,89897,5,,,1,56,,89860,5,,,1,30,,89881,5,,,1,70,,89861,5,,,1,30,,89882,5,,,1,70,,89862,5,,,1,30,,89883,5,,,1,70,,89863,5,,,1,30,,89884,5,,,1,70,,89864,5,,,1,30,,89885,5,,,1,70,,89865,5,,,1,30,,89886,5,,,1,70,,89866,5,,,1,30,,89887,5,,,1,70,,89867,5,,,1,30,,89888,5,,,1,70,,89868,5,,,1,30,,89889,5,,,1,70,,89869,5,,,1,30,,89890,5,,,1,70,,89870,5,,,1,30,,89891,5,,,1,70,,89871,5,,,1,30,,89892,5,,,1,70,,89872,5,,,1,30,,89893,5,,,1,70,,89873,5,,,1,30,,89894,5,,,1,70,,89874,5,,,1,30,,89895,5,,,1,70,,89875,5,,,1
901,'20261006',507,,89901,5,,,1,30,,89922,5,,,1,76,,89902,5,,,1,15,,89920,5,,,1,10,,89923,5,,,1,10,,89943,1,,,1,10,,89940,5,,,1,50,,89903,5,,,1,10,,89942,1,,,1,10,,89921,5,,,1,10,,89924,5,,,1,10,,89944,1,,,1,10,,89941,5,,,1,56,,89904,5,,,1,30,,89925,5,,,1,70,,89905,5,,,1,30,,89926,5,,,1,70,,89906,5,,,1,30,,89927,5,,,1,70,,89907,5,,,1,30,,89928,5,,,1,70,,89908,5,,,1,30,,89929,5,,,1,70,,89909,5,,,1,30,,89930,5,,,1,70,,89910,5,,,1,30,,89931,5,,,1,70,,89911,5,,,1,30,,89932,5,,,1,70,,89912,5,,,1,30,,89933,5,,,1,70,,89913,5,,,1,30,,89934,5,,,1,70,,89914,5,,,1,30,,89935,5,,,1,70,,89915,5,,,1,30,,89936,5,,,1,70,,89916,5,,,1,30,,89937,5,,,1,70,,89917,5,,,1,30,,89938,5,,,1,70,,89918,5,,,1,30,,89939,5,,,1,70,,89919,5,,,1
901,'20261007',507,,89945,5,,,1,30,,89966,5,,,1,76,,89946,5,,,1,15,,89964,5,,,1,10,,89967,5,,,1,10,,89987,1,,,1,10,,89984,5,,,1,50,,89947,5,,,1,10,,89986,1,,,1,10,,89965,5,,,1,10,,89968,5,,,1,10,,89988,1,,,1,10,,89985,5,,,1,56,,89948,5,,,1,30,,89969,5,,,1,70,,89949,5,,,1,30,,89970,5,,,1,70,,89950,5,,,1,30,,89971,5,,,1,70,,89951,5,,,1,30,,89972,5,,,1,70,,89952,5,,,1,30,,89973,5,,,1,70,,89953,5,,,1,30,,89974,5,,,1,70,,89954,5,,,1,30,,89975,5,,,1,70,,89955,5,,,1,30,,89976,5,,,1,70,,89956,5,,,1,30,,89977,5,,,1,70,,89957,5,,,1,30,,89978,5,,,1,70,,89958,5,,,1,30,,89979,5,,,1,70,,89959,5,,,1,30,,89980,5,,,1,70,,89960,5,,,1,30,,89981,5,,,1,70,,89961,5,,,1,30,,89982,5,,,1,70,,89962,5,,,1,30,,89983,5,,,1,70,,89963,5,,,1
901,'20261008',507,,89989,5,,,1,30,,90010,5,,,1,76,,89990,5,,,1,15,,90008,5,,,1,10,,90011,5,,,1,10,,90031,1,,,1,10,,90028,5,,,1,50,,89991,5,,,1,10,,90030,1,,,1,10,,90009,5,,,1,10,,90012,5,,,1,10,,90032,1,,,1,10,,90029,5,,,1,56,,89992,5,,,1,30,,90013,5,,,1,70,,89993,5,,,1,30,,90014,5,,,1,70,,89994,5,,,1,30,,90015,5,,,1,70,,89995,5,,,1,30,,90016,5,,,1,70,,89996,5,,,1,30,,90017,5,,,1,70,,89997,5,,,1,30,,90018,5,,,1,70,,89998,5,,,1,30,,90019,5,,,1,70,,89999,5,,,1,30,,90020,5,,,1,70,,90000,5,,,1,30,,90021,5,,,1,70,,90001,5,,,1,30,,90022,5,,,1,70,,90002,5,,,1,30,,90023,5,,,1,70,,90003,5,,,1,30,,90024,5,,,1,70,,90004,5,,,1,30,,90025,5,,,1,70,,90005,5,,,1,30,,90026,5,,,1,70,,90006,5,,,1,30,,90027,5,,,1,70,,90007,5,,,1
901,'20261009',507,,90033,5,,,1,30,,90054,5,,,1,76,,90034,5,,,1,15,,90052,5,,,1,10,,90055,5,,,1,10,,90076,1,,,1,10,,90073,5,,,1,50,,90035,5,,,1,10,,90075,1,,,1,10,,90053,5,,,1,10,,90056,5,,,1,10,,90077,1,,,1,10,,90074,5,,,1,56,,90036,5,,,1,30,,90057,5,,,1,70,,90037,5,,,1,30,,90058,5,,,1,70,,90038,5,,,1,30,,90059,5,,,1,70,,90039,5,,,1,30,,90060,5,,,1,70,,90040,5,,,1,30,,90061,5,,,1,70,,90041,5,,,1,30,,90062,5,,,1,70,,90042,5,,,1,30,,90063,5,,,1,70,,90043,5,,,1,30,,90064,5,,,1,70,,90044,5,,,1,30,,90065,5,,,1,70,,90045,5,,,1,30,,90066,5,,,1,70,,90046,5,,,1,30,,90067,5,,,1,70,,90047,5,,,1,30,,90068,5,,,1,70,,90048,5,,,1,30,,90069,5,,,1,70,,90049,5,,,1,30,,90070,5,,,1,70,,90050,5,,,1,30,,90071,5,,,1,70,,90051,5,,,1,30,,90072,5,,,1
901,'20261010',744,,90094,5,,,1,70,,90078,5,,,1,30,,90095,5,,,1,70,,90079,5,,,1,30,,90096,5,,,1,70,,90080,5,,,1,30,,90097,5,,,1,70,,90081,5,,,1,30,,90098,5,,,1,70,,90082,5,,,1,30,,90099,5,,,1,70,,90083,5,,,1,30,,90100,5,,,1,70,,90084,5,,,1,30,,90101,5,,,1,70,,90085,5,,,1,30,,90102,5,,,1,70,,90086,5,,,1,30,,90103,5,,,1,70,,90087,5,,,1,30,,90104,5,,,1,70,,90088,5,,,1,30,,90105,5,,,1,70,,90089,5,,,1,30,,90106,5,,,1,70,,90090,5,,,1,30,,90107,5,,,1,70,,90091,5,,,1,30,,90108,5,,,1,70,,90092,5,,,1,30,,90109,5,,,1,70,,90093,5,,,1,30,,90110,5,,,1
901,'20261011',744,,90127,5,,,1,70,,92291,5,,,1,30,,90128,5,,,1,70,,92292,5,,,1,30,,90129,5,,,1,70,,92293,5,,,1,30,,90130,5,,,1,70,,92294,5,,,1,30,,90131,5,,,1,70,,92295,5,,,1,30,,90132,5,,,1,70,,92296,5,,,1,30,,90133,5,,,1,70,,92297,5,,,1,30,,90134,5,,,1,70,,92298,5,,,1,30,,90135,5,,,1,70,,92299,5,,,1,30,,90136,5,,,1,70,,92300,5,,,1,30,,90137,5,,,1,70,,92301,5,,,1,30,,90138,5,,,1,70,,92302,5,,,1,30,,90139,5,,,1,70,,92303,5,,,1,30,,90140,5,,,1,70,,92304,5,,,1,30,,90141,5,,,1,70,,92305,5,,,1,30,,90142,5,,,1,70,,92306,5,,,1
901,'20261012',507,,90143,5,,,1,30,,90164,5,,,1,76,,90144,5,,,1,15,,90162,5,,,1,10,,90165,5,,,1,10,,90185,1,,,1,10,,90182,5,,,1,50,,90145,5,,,1,10,,90184,1,,,1,10,,90163,5,,,1,10,,90166,5,,,1,10,,90186,1,,,1,10,,90183,5,,,1,56,,90146,5,,,1,30,,90167,5,,,1,70,,90147,5,,,1,30,,90168,5,,,1,70,,90148,5,,,1,30,,90169,5,,,1,70,,90149,5,,,1,30,,90170,5,,,1,70,,90150,5,,,1,30,,90171,5,,,1,70,,90151,5,,,1,30,,90172,5,,,1,70,,90152,5,,,1,30,,90173,5,,,1,70,,90153,5,,,1,30,,90174,5,,,1,70,,90154,5,,,1,30,,90175,5,,,1,70,,90155,5,,,1,30,,90176,5,,,1,70,,90156,5,,,1,30,,90177,5,,,1,70,,90157,5,,,1,30,,90178,5,,,1,70,,90158,5,,,1,30,,90179,5,,,1,70,,90159,5,,,1,30,,90180,5,,,1,70,,90160,5,,,1,30,,90181,5,,,1,70,,90161,5,,,1
901,'20261013',507,,90187,5,,,1,30,,90208,5,,,1,76,,90188,5,,,1,15,,90206,5,,,1,10,,90209,5,,,1,10,,90229,1,,,1,10,,90226,5,,,1,50,,90189,5,,,1,10,,90228,1,,,1,10,,90207,5,,,1,10,,90210,5,,,1,10,,90230,1,,,1,10,,90227,5,,,1,56,,90190,5,,,1,30,,90211,5,,,1,70,,90191,5,,,1,30,,90212,5,,,1,70,,90192,5,,,1,30,,90213,5,,,1,70,,90193,5,,,1,30,,90214,5,,,1,70,,90194,5,,,1,30,,90215,5,,,1,70,,90195,5,,,1,30,,90216,5,,,1,70,,90196,5,,,1,30,,90217,5,,,1,70,,90197,5,,,1,30,,90218,5,,,1,70,,90198,5,,,1,30,,90219,5,,,1,70,,90199,5,,,1,30,,90220,5,,,1,70,,90200,5,,,1,30,,90221,5,,,1,70,,90201,5,,,1,30,,90222,5,,,1,70,,90202,5,,,1,30,,90223,5,,,1,70,,90203,5,,,1,30,,90224,5,,,1,70,,90204,5,,,1,30,,90225,5,,,1,70,,90205,5,,,1
901,'20261014',507,,90231,5,,,1,30,,90252,5,,,1,76,,90232,5,,,1,15,,90250,5,,,1,10,,90253,5,,,1,10,,90273,1,,,1,10,,90270,5,,,1,50,,90233,5,,,1,10,,90272,1,,,1,10,,90251,5,,,1,10,,90254,5,,,1,10,,90274,1,,,1,10,,90271,5,,,1,56,,90234,5,,,1,30,,90255,5,,,1,70,,90235,5,,,1,30,,90256,5,,,1,70,,90236,5,,,1,30,,90257,5,,,1,70,,90237,5,,,1,30,,90258,5,,,1,70,,90238,5,,,1,30,,90259,5,,,1,70,,90239,5,,,1,30,,90260,5,,,1,70,,90240,5,,,1,30,,90261,5,,,1,70,,90241,5,,,1,30,,90262,5,,,1,70,,90242,5,,,1,30,,90263,5,,,1,70,,90243,5,,,1,30,,90264,5,,,1,70,,90244,5,,,1,30,,90265,5,,,1,70,,90245,5,,,1,30,,90266,5,,,1,70,,90246,5,,,1,30,,90267,5,,,1,70,,90247,5,,,1,30,,90268,5,,,1,70,,90248,5,,,1,30,,90269,5,,,1,70,,90249,5,,,1
901,'20261015',507,,90275,5,,,1,30,,90296,5,,,1,76,,90276,5,,,1,15,,90294,5,,,1,10,,90297,5,,,1,10,,90317,1,,,1,10,,90314,5,,,1,50,,90277,5,,,1,10,,90316,1,,,1,10,,90295,5,,,1,10,,90298,5,,,1,10,,90318,1,,,1,10,,90315,5,,,1,56,,90278,5,,,1,30,,90299,5,,,1,70,,90279,5,,,1,30,,90300,5,,,1,70,,90280,5,,,1,30,,90301,5,,,1,70,,90281,5,,,1,30,,90302,5,,,1,70,,90282,5,,,1,30,,90303,5,,,1,70,,90283,5,,,1,30,,90304,5,,,1,70,,90284,5,,,1,30,,90305,5,,,1,70,,90285,5,,,1,30,,90306,5,,,1,70,,90286,5,,,1,30,,90307,5,,,1,70,,90287,5,,,1,30,,90308,5,,,1,70,,90288,5,,,1,30,,90309,5,,,1,70,,90289,5,,,1,30,,90310,5,,,1,70,,90290,5,,,1,30,,90311,5,,,1,70,,90291,5,,,1,30,,90312,5,,,1,70,,90292,5,,,1,30,,90313,5,,,1,70,,90293,5,,,1
901,'20261016',507,,90319,5,,,1,30,,90340,5,,,1,76,,90320,5,,,1,15,,90338,5,,,1,10,,90341,5,,,1,10,,90362,1,,,1,10,,90359,5,,,1,50,,90321,5,,,1,10,,90361,1,,,1,10,,90339,5,,,1,10,,90342,5,,,1,10,,90363,1,,,1,10,,90360,5,,,1,56,,90322,5,,,1,30,,90343,5,,,1,70,,90323,5,,,1,30,,90344,5,,,1,70,,90324,5,,,1,30,,90345,5,,,1,70,,90325,5,,,1,30,,90346,5,,,1,70,,90326,5,,,1,30,,90347,5,,,1,70,,90327,5,,,1,30,,90348,5,,,1,70,,90328,5,,,1,30,,90349,5,,,1,70,,90329,5,,,1,30,,90350,5,,,1,70,,90330,5,,,1,30,,90351,5,,,1,70,,90331,5,,,1,30,,90352,5,,,1,70,,90332,5,,,1,30,,90353,5,,,1,70,,90333,5,,,1,30,,90354,5,,,1,70,,90334,5,,,1,30,,90355,5,,,1,70,,90335,5,,,1,30,,90356,5,,,1,70,,90336,5,,,1,30,,90357,5,,,1,70,,90337,5,,,1,30,,90358,5,,,1
901,'20261017',744,,90380,5,,,1,70,,90364,5,,,1,30,,90381,5,,,1,70,,90365,5,,,1,30,,90382,5,,,1,70,,90366,5,,,1,30,,90383,5,,,1,70,,90367,5,,,1,30,,90384,5,,,1,70,,90368,5,,,1,30,,90385,5,,,1,70,,90369,5,,,1,30,,90386,5,,,1,70,,90370,5,,,1,30,,90387,5,,,1,70,,90371,5,,,1,30,,90388,5,,,1,70,,90372,5,,,1,30,,90389,5,,,1,70,,90373,5,,,1,30,,90390,5,,,1,70,,90374,5,,,1,30,,90391,5,,,1,70,,90375,5,,,1,30,,90392,5,,,1,70,,90376,5,,,1,30,,90393,5,,,1,70,,90377,5,,,1,30,,90394,5,,,1,70,,90378,5,,,1,30,,90395,5,,,1,70,,90379,5,,,1,30,,90396,5,,,1
901,'20261018',744,,90413,5,,,1,70,,92307,5,,,1,30,,90414,5,,,1,70,,92308,5,,,1,30,,90415,5,,,1,70,,92309,5,,,1,30,,90416,5,,,1,70,,92310,5,,,1,30,,90417,5,,,1,70,,92311,5,,,1,30,,90418,5,,,1,70,,92312,5,,,1,30,,90419,5,,,1,70,,92313,5,,,1,30,,90420,5,,,1,70,,92314,5,,,1,30,,90421,5,,,1,70,,92315,5,,,1,30,,90422,5,,,1,70,,92316,5,,,1,30,,90423,5,,,1,70,,92317,5,,,1,30,,90424,5,,,1,70,,92318,5,,,1,30,,90425,5,,,1,70,,92319,5,,,1,30,,90426,5,,,1,70,,92320,5,,,1,30,,90427,5,,,1,70,,92321,5,,,1,30,,90428,5,,,1,70,,92322,5,,,1
901,'20261019',507,,90429,5,,,1,30,,90450,5,,,1,76,,90430,5,,,1,15,,90448,5,,,1,10,,90451,5,,,1,10,,90471,1,,,1,10,,90468,5,,,1,50,,90431,5,,,1,10,,90470,1,,,1,10,,90449,5,,,1,10,,90452,5,,,1,10,,90472,1,,,1,10,,90469,5,,,1,56,,90432,5,,,1,30,,90453,5,,,1,70,,90433,5,,,1,30,,90454,5,,,1,70,,90434,5,,,1,30,,90455,5,,,1,70,,90435,5,,,1,30,,90456,5,,,1,70,,90436,5,,,1,30,,90457,5,,,1,70,,90437,5,,,1,30,,90458,5,,,1,70,,90438,5,,,1,30,,90459,5,,,1,70,,90439,5,,,1,30,,90460,5,,,1,70,,90440,5,,,1,30,,90461,5,,,1,70,,90441,5,,,1,30,,90462,5,,,1,70,,90442,5,,,1,30,,90463,5,,,1,70,,90443,5,,,1,30,,90464,5,,,1,70,,90444,5,,,1,30,,90465,5,,,1,70,,90445,5,,,1,30,,90466,5,,,1,70,,90446,5,,,1,30,,90467,5,,,1,70,,90447,5,,,1
901,'20261020',507,,90473,5,,,1,30,,90494,5,,,1,76,,90474,5,,,1,15,,90492,5,,,1,10,,90495,5,,,1,10,,90515,1,,,1,10,,90512,5,,,1,50,,90475,5,,,1,10,,90514,1,,,1,10,,90493,5,,,1,10,,90496,5,,,1,10,,90516,1,,,1,10,,90513,5,,,1,56,,90476,5,,,1,30,,90497,5,,,1,70,,90477,5,,,1,30,,90498,5,,,1,70,,90478,5,,,1,30,,90499,5,,,1,70,,90479,5,,,1,30,,90500,5,,,1,70,,90480,5,,,1,30,,90501,5,,,1,70,,90481,5,,,1,30,,90502,5,,,1,70,,90482,5,,,1,30,,90503,5,,,1,70,,90483,5,,,1,30,,90504,5,,,1,70,,90484,5,,,1,30,,90505,5,,,1,70,,90485,5,,,1,30,,90506,5,,,1,70,,90486,5,,,1,30,,90507,5,,,1,70,,90487,5,,,1,30,,90508,5,,,1,70,,90488,5,,,1,30,,90509,5,,,1,70,,90489,5,,,1,30,,90510,5,,,1,70,,90490,5,,,1,30,,90511,5,,,1,70,,90491,5,,,1
901,'20261021',507,,90517,5,,,1,30,,90538,5,,,1,76,,90518,5,,,1,15,,90536,5,,,1,10,,90539,5,,,1,10,,90559,1,,,1,10,,90556,5,,,1,50,,90519,5,,,1,10,,90558,1,,,1,10,,90537,5,,,1,10,,90540,5,,,1,10,,90560,1,,,1,10,,90557,5,,,1,56,,90520,5,,,1,30,,90541,5,,,1,70,,90521,5,,,1,30,,90542,5,,,1,70,,90522,5,,,1,30,,90543,5,,,1,70,,90523,5,,,1,30,,90544,5,,,1,70,,90524,5,,,1,30,,90545,5,,,1,70,,90525,5,,,1,30,,90546,5,,,1,70,,90526,5,,,1,30,,90547,5,,,1,70,,90527,5,,,1,30,,90548,5,,,1,70,,90528,5,,,1,30,,90549,5,,,1,70,,90529,5,,,1,30,,90550,5,,,1,70,,90530,5,,,1,30,,90551,5,,,1,70,,90531,5,,,1,30,,90552,5,,,1,70,,90532,5,,,1,30,,90553,5,,,1,70,,90533,5,,,1,30,,90554,5,,,1,70,,90534,5,,,1,30,,90555,5,,,1,70,,90535,5,,,1
901,'20261022',507,,90561,5,,,1,30,,90582,5,,,1,76,,90562,5,,,1,15,,90580,5,,,1,10,,90583,5,,,1,10,,90603,1,,,1,10,,90600,5,,,1,50,,90563,5,,,1,10,,90602,1,,,1,10,,90581,5,,,1,10,,90584,5,,,1,10,,90604,1,,,1,10,,90601,5,,,1,56,,90564,5,,,1,30,,90585,5,,,1,70,,90565,5,,,1,30,,90586,5,,,1,70,,90566,5,,,1,30,,90587,5,,,1,70,,90567,5,,,1,30,,90588,5,,,1,70,,90568,5,,,1,30,,90589,5,,,1,70,,90569,5,,,1,30,,90590,5,,,1,70,,90570,5,,,1,30,,90591,5,,,1,70,,90571,5,,,1,30,,90592,5,,,1,70,,90572,5,,,1,30,,90593,5,,,1,70,,90573,5,,,1,30,,90594,5,,,1,70,,90574,5,,,1,30,,90595,5,,,1,70,,90575,5,,,1,30,,90596,5,,,1,70,,90576,5,,,1,30,,90597,5,,,1,70,,90577,5,,,1,30,,90598,5,,,1,70,,90578,5,,,1,30,,90599,5,,,1,70,,90579,5,,,1
901,'20261023',507,,90605,5,,,1,30,,90626,5,,,1,76,,90606,5,,,1,15,,90624,5,,,1,10,,90627,5,,,1,10,,90648,1,,,1,10,,90645,5,,,1,50,,90607,5,,,1,10,,90647,1,,,1,10,,90625,5,,,1,10,,90628,5,,,1,10,,90649,1,,,1,10,,90646,5,,,1,56,,90608,5,,,1,30,,90629,5,,,1,70,,90609,5,,,1,30,,90630,5,,,1,70,,90610,5,,,1,30,,90631,5,,,1,70,,90611,5,,,1,30,,90632,5,,,1,70,,90612,5,,,1,30,,90633,5,,,1,70,,90613,5,,,1,30,,90634,5,,,1,70,,90614,5,,,1,30,,90635,5,,,1,70,,90615,5,,,1,30,,90636,5,,,1,70,,90616,5,,,1,30,,90637,5,,,1,70,,90617,5,,,1,30,,90638,5,,,1,70,,90618,5,,,1,30,,90639,5,,,1,70,,90619,5,,,1,30,,90640,5,,,1,70,,90620,5,,,1,30,,90641,5,,,1,70,,90621,5,,,1,30,,90642,5,,,1,70,,90622,5,,,1,30,,90643,5,,,1,70,,90623,5,,,1,30,,90644,5,,,1
901,'20261024',744,,90666,5,,,1,70,,90650,5,,,1,30,,90667,5,,,1,70,,90651,5,,,1,30,,90668,5,,,1,70,,90652,5,,,1,30,,90669,5,,,1,70,,90653,5,,,1,30,,90670,5,,,1,70,,90654,5,,,1,30,,90671,5,,,1,70,,90655,5,,,1,30,,90672,5,,,1,70,,90656,5,,,1,30,,90673,5,,,1,70,,90657,5,,,1,30,,90674,5,,,1,70,,90658,5,,,1,30,,90675,5,,,1,70,,90659,5,,,1,30,,90676,5,,,1,70,,90660,5,,,1,30,,90677,5,,,1,70,,90661,5,,,1,30,,90678,5,,,1,70,,90662,5,,,1,30,,90679,5,,,1,70,,90663,5,,,1,30,,90680,5,,,1,70,,90664,5,,,1,30,,90681,5,,,1,70,,90665,5,,,1,30,,90682,5,,,1
901,'20261025',744,,90699,5,,,1,70,,92323,5,,,1,30,,90700,5,,,1,70,,92324,5,,,1,30,,90701,5,,,1,70,,92325,5,,,1,30,,90702,5,,,1,70,,92326,5,,,1,30,,90703,5,,,1,70,,92327,5,,,1,30,,90704,5,,,1,70,,92328,5,,,1,30,,90705,5,,,1,70,,92329,5,,,1,30,,90706,5,,,1,70,,92330,5,,,1,30,,90707,5,,,1,70,,92331,5,,,1,30,,90708,5,,,1,70,,92332,5,,,1,30,,90709,5,,,1,70,,92333,5,,,1,30,,90710,5,,,1,70,,92334,5,,,1,30,,90711,5,,,1,70,,92335,5,,,1,30,,90712,5,,,1,70,,92336,5,,,1,30,,90713,5,,,1,70,,92337,5,,,1,30,,90714,5,,,1,70,,92338,5,,,1
901,'20261026',507,,90715,5,,,1,30,,90736,5,,,1,76,,90716,5,,,1,15,,90734,5,,,1,10,,90737,5,,,1,10,,90757,1,,,1,10,,90754,5,,,1,50,,90717,5,,,1,10,,90756,1,,,1,10,,90735,5,,,1,10,,90738,5,,,1,10,,90758,1,,,1,10,,90755,5,,,1,56,,90718,5,,,1,30,,90739,5,,,1,70,,90719,5,,,1,30,,90740,5,,,1,70,,90720,5,,,1,30,,90741,5,,,1,70,,90721,5,,,1,30,,90742,5,,,1,70,,90722,5,,,1,30,,90743,5,,,1,70,,90723,5,,,1,30,,90744,5,,,1,70,,90724,5,,,1,30,,90745,5,,,1,70,,90725,5,,,1,30,,90746,5,,,1,70,,90726,5,,,1,30,,90747,5,,,1,70,,90727,5,,,1,30,,90748,5,,,1,70,,90728,5,,,1,30,,90749,5,,,1,70,,90729,5,,,1,30,,90750,5,,,1,70,,90730,5,,,1,30,,90751,5,,,1,70,,90731,5,,,1,30,,90752,5,,,1,70,,90732,5,,,1,30,,90753,5,,,1,70,,90733,5,,,1
901,'20261027',507,,90759,5,,,1,30,,90780,5,,,1,76,,90760,5,,,1,15,,90778,5,,,1,10,,90781,5,,,1,10,,90801,1,,,1,10,,90798,5,,,1,50,,90761,5,,,1,10,,90800,1,,,1,10,,90779,5,,,1,10,,90782,5,,,1,10,,90802,1,,,1,10,,90799,5,,,1,56,,90762,5,,,1,30,,90783,5,,,1,70,,90763,5,,,1,30,,90784,5,,,1,70,,90764,5,,,1,30,,90785,5,,,1,70,,90765,5,,,1,30,,90786,5,,,1,70,,90766,5,,,1,30,,90787,5,,,1,70,,90767,5,,,1,30,,90788,5,,,1,70,,90768,5,,,1,30,,90789,5,,,1,70,,90769,5,,,1,30,,90790,5,,,1,70,,90770,5,,,1,30,,90791,5,,,1,70,,90771,5,,,1,30,,90792,5,,,1,70,,90772,5,,,1,30,,90793,5,,,1,70,,90773,5,,,1,30,,90794,5,,,1,70,,90774,5,,,1,30,,90795,5,,,1,70,,90775,5,,,1,30,,90796,5,,,1,70,,90776,5,,,1,30,,90797,5,,,1,70,,90777,5,,,1
901,'20261028',507,,90803,5,,,1,30,,90824,5,,,1,76,,90804,5,,,1,15,,90822,5,,,1,10,,90825,5,,,1,10,,90845,1,,,1,10,,90842,5,,,1,50,,90805,5,,,1,10,,90844,1,,,1,10,,90823,5,,,1,10,,90826,5,,,1,10,,90846,1,,,1,10,,90843,5,,,1,56,,90806,5,,,1,30,,90827,5,,,1,70,,90807,5,,,1,30,,90828,5,,,1,70,,90808,5,,,1,30,,90829,5,,,1,70,,90809,5,,,1,30,,90830,5,,,1,70,,90810,5,,,1,30,,90831,5,,,1,70,,90811,5,,,1,30,,90832,5,,,1,70,,90812,5,,,1,30,,90833,5,,,1,70,,90813,5,,,1,30,,90834,5,,,1,70,,90814,5,,,1,30,,90835,5,,,1,70,,90815,5,,,1,30,,90836,5,,,1,70,,90816,5,,,1,30,,90837,5,,,1,70,,90817,5,,,1,30,,90838,5,,,1,70,,90818,5,,,1,30,,90839,5,,,1,70,,90819,5,,,1,30,,90840,5,,,1,70,,90820,5,,,1,30,,90841,5,,,1,70,,90821,5,,,1
901,'20261029',507,,90847,5,,,1,30,,90868,5,,,1,76,,90848,5,,,1,15,,90866,5,,,1,10,,90869,5,,,1,10,,90889,1,,,1,10,,90886,5,,,1,50,,90849,5,,,1,10,,90888,1,,,1,10,,90867,5,,,1,10,,90870,5,,,1,10,,90890,1,,,1,10,,90887,5,,,1,56,,90850,5,,,1,30,,90871,5,,,1,70,,90851,5,,,1,30,,90872,5,,,1,70,,90852,5,,,1,30,,90873,5,,,1,70,,90853,5,,,1,30,,90874,5,,,1,70,,90854,5,,,1,30,,90875,5,,,1,70,,90855,5,,,1,30,,90876,5,,,1,70,,90856,5,,,1,30,,90877,5,,,1,70,,90857,5,,,1,30,,90878,5,,,1,70,,90858,5,,,1,30,,90879,5,,,1,70,,90859,5,,,1,30,,90880,5,,,1,70,,90860,5,,,1,30,,90881,5,,,1,70,,90861,5,,,1,30,,90882,5,,,1,70,,90862,5,,,1,30,,90883,5,,,1,70,,90863,5,,,1,30,,90884,5,,,1,70,,90864,5,,,1,30,,90885,5,,,1,70,,90865,5,,,1
901,'20261030',507,,90891,5,,,1,30,,90912,5,,,1,76,,90892,5,,,1,15,,90910,5,,,1,10,,90913,5,,,1,10,,90934,1,,,1,10,,90931,5,,,1,50,,90893,5,,,1,10,,90933,1,,,1,10,,90911,5,,,1,10,,90914,5,,,1,10,,90935,1,,,1,10,,90932,5,,,1,56,,90894,5,,,1,30,,90915,5,,,1,70,,90895,5,,,1,30,,90916,5,,,1,70,,90896,5,,,1,30,,90917,5,,,1,70,,90897,5,,,1,30,,90918,5,,,1,70,,90898,5,,,1,30,,90919,5,,,1,70,,90899,5,,,1,30,,90920,5,,,1,70,,90900,5,,,1,30,,90921,5,,,1,70,,90901,5,,,1,30,,90922,5,,,1,70,,90902,5,,,1,30,,90923,5,,,1,70,,90903,5,,,1,30,,90924,5,,,1,70,,90904,5,,,1,30,,90925,5,,,1,70,,90905,5,,,1,30,,90926,5,,,1,70,,90906,5,,,1,30,,90927,5,,,1,70,,90907,5,,,1,30,,90928,5,,,1,70,,90908,5,,,1,30,,90929,5,,,1,70,,90909,5,,,1,30,,90930,5,,,1
901,'20261031',744,,90952,5,,,1,70,,90936,5,,,1,30,,90953,5,,,1,70,,90937,5,,,1,30,,90954,5,,,1,70,,90938,5,,,1,30,,90955,5,,,1,70,,90939,5,,,1,30,,90956,5,,,1,70,,90940,5,,,1,30,,90957,5,,,1,70,,90941,5,,,1,30,,90958,5,,,1,70,,90942,5,,,1,30,,90959,5,,,1,70,,90943,5,,,1,30,,90960,5,,,1,70,,90944,5,,,1,30,,90961,5,,,1,70,,90945,5,,,1,30,,90962,5,,,1,70,,90946,5,,,1,30,,90963,5,,,1,70,,90947,5,,,1,30,,90964,5,,,1,70,,90948,5,,,1,30,,90965,5,,,1,70,,90949,5,,,1,30,,90966,5,,,1,70,,90950,5,,,1,30,,90967,5,,,1,70,,90951,5,,,1,30,,90968,5,,,1
901,'20261101',744,,90985,5,,,1,70,,92339,5,,,1,30,,90986,5,,,1,70,,92340,5,,,1,30,,90987,5,,,1,70,,92341,5,,,1,30,,90988,5,,,1,70,,92342,5,,,1,30,,90989,5,,,1,70,,92343,5,,,1,30,,90990,5,,,1,70,,92344,5,,,1,30,,90991,5,,,1,70,,92345,5,,,1,30,,90992,5,,,1,70,,92346,5,,,1,30,,90993,5,,,1,70,,92347,5,,,1,30,,90994,5,,,1,70,,92348,5,,,1,30,,90995,5,,,1,70,,92349,5,,,1,30,,90996,5,,,1,70,,92350,5,,,1,30,,90997,5,,,1,70,,92351,5,,,1,30,,90998,5,,,1,70,,92352,5,,,1,30,,90999,5,,,1,70,,92353,5,,,1,30,,91000,5,,,1,70,,92354,5,,,1
901,'20261102',507,,91001,5,,,1,30,,91022,5,,,1,76,,91002,5,,,1,15,,91020,5,,,1,10,,91023,5,,,1,10,,91043,1,,,1,10,,91040,5,,,1,50,,91003,5,,,1,10,,91042,1,,,1,10,,91021,5,,,1,10,,91024,5,,,1,10,,91044,1,,,1,10,,91041,5,,,1,56,,91004,5,,,1,30,,91025,5,,,1,70,,91005,5,,,1,30,,91026,5,,,1,70,,91006,5,,,1,30,,91027,5,,,1,70,,91007,5,,,1,30,,91028,5,,,1,70,,91008,5,,,1,30,,91029,5,,,1,70,,91009,5,,,1,30,,91030,5,,,1,70,,91010,5,,,1,30,,91031,5,,,1,70,,91011,5,,,1,30,,91032,5,,,1,70,,91012,5,,,1,30,,91033,5,,,1,70,,91013,5,,,1,30,,91034,5,,,1,70,,91014,5,,,1,30,,91035,5,,,1,70,,91015,5,,,1,30,,91036,5,,,1,70,,91016,5,,,1,30,,91037,5,,,1,70,,91017,5,,,1,30,,91038,5,,,1,70,,91018,5,,,1,30,,91039,5,,,1,70,,91019,5,,,1
901,'20261103',507,,91045,5,,,1,30,,91066,5,,,1,76,,91046,5,,,1,15,,91064,5,,,1,10,,91067,5,,,1,10,,91087,1,,,1,10,,91084,5,,,1,50,,91047,5,,,1,10,,91086,1,,,1,10,,91065,5,,,1,10,,91068,5,,,1,10,,91088,1,,,1,10,,91085,5,,,1,56,,91048,5,,,1,30,,91069,5,,,1,70,,91049,5,,,1,30,,91070,5,,,1,70,,91050,5,,,1,30,,91071,5,,,1,70,,91051,5,,,1,30,,91072,5,,,1,70,,91052,5,,,1,30,,91073,5,,,1,70,,91053,5,,,1,30,,91074,5,,,1,70,,91054,5,,,1,30,,91075,5,,,1,70,,91055,5,,,1,30,,91076,5,,,1,70,,91056,5,,,1,30,,91077,5,,,1,70,,91057,5,,,1,30,,91078,5,,,1,70,,91058,5,,,1,30,,91079,5,,,1,70,,91059,5,,,1,30,,91080,5,,,1,70,,91060,5,,,1,30,,91081,5,,,1,70,,91061,5,,,1,30,,91082,5,,,1,70,,91062,5,,,1,30,,91083,5,,,1,70,,91063,5,,,1
901,'20261104',507,,91089,5,,,1,30,,91110,5,,,1,76,,91090,5,,,1,15,,91108,5,,,1,10,,91111,5,,,1,10,,91131,1,,,1,10,,91128,5,,,1,50,,91091,5,,,1,10,,91130,1,,,1,10,,91109,5,,,1,10,,91112,5,,,1,10,,91132,1,,,1,10,,91129,5,,,1,56,,91092,5,,,1,30,,91113,5,,,1,70,,91093,5,,,1,30,,91114,5,,,1,70,,91094,5,,,1,30,,91115,5,,,1,70,,91095,5,,,1,30,,91116,5,,,1,70,,91096,5,,,1,30,,91117,5,,,1,70,,91097,5,,,1,30,,91118,5,,,1,70,,91098,5,,,1,30,,91119,5,,,1,70,,91099,5,,,1,30,,91120,5,,,1,70,,91100,5,,,1,30,,91121,5,,,1,70,,91101,5,,,1,30,,91122,5,,,1,70,,91102,5,,,1,30,,91123,5,,,1,70,,91103,5,,,1,30,,91124,5,,,1,70,,91104,5,,,1,30,,91125,5,,,1,70,,91105,5,,,1,30,,91126,5,,,1,70,,91106,5,,,1,30,,91127,5,,,1,70,,91107,5,,,1
901,'20261105',507,,91133,5,,,1,30,,91154,5,,,1,76,,91134,5,,,1,15,,91152,5,,,1,10,,91155,5,,,1,10,,91175,1,,,1,10,,91172,5,,,1,50,,91135,5,,,1,10,,91174,1,,,1,10,,91153,5,,,1,10,,91156,5,,,1,10,,91176,1,,,1,10,,91173,5,,,1,56,,91136,5,,,1,30,,91157,5,,,1,70,,91137,5,,,1,30,,91158,5,,,1,70,,91138,5,,,1,30,,91159,5,,,1,70,,91139,5,,,1,30,,91160,5,,,1,70,,91140,5,,,1,30,,91161,5,,,1,70,,91141,5,,,1,30,,91162,5,,,1,70,,91142,5,,,1,30,,91163,5,,,1,70,,91143,5,,,1,30,,91164,5,,,1,70,,91144,5,,,1,30,,91165,5,,,1,70,,91145,5,,,1,30,,91166,5,,,1,70,,91146,5,,,1,30,,91167,5,,,1,70,,91147,5,,,1,30,,91168,5,,,1,70,,91148,5,,,1,30,,91169,5,,,1,70,,91149,5,,,1,30,,91170,5,,,1,70,,91150,5,,,1,30,,91171,5,,,1,70,,91151,5,,,1
901,'20261106',507,,91177,5,,,1,30,,91198,5,,,1,76,,91178,5,,,1,15,,91196,5,,,1,10,,91199,5,,,1,10,,91220,1,,,1,10,,91217,5,,,1,50,,91179,5,,,1,10,,91219,1,,,1,10,,91197,5,,,1,10,,91200,5,,,1,10,,91221,1,,,1,10,,91218,5,,,1,56,,91180,5,,,1,30,,91201,5,,,1,70,,91181,5,,,1,30,,91202,5,,,1,70,,91182,5,,,1,30,,91203,5,,,1,70,,91183,5,,,1,30,,91204,5,,,1,70,,91184,5,,,1,30,,91205,5,,,1,70,,91185,5,,,1,30,,91206,5,,,1,70,,91186,5,,,1,30,,91207,5,,,1,70,,91187,5,,,1,30,,91208,5,,,1,70,,91188,5,,,1,30,,91209,5,,,1,70,,91189,5,,,1,30,,91210,5,,,1,70,,91190,5,,,1,30,,91211,5,,,1,70,,91191,5,,,1,30,,91212,5,,,1,70,,91192,5,,,1,30,,91213,5,,,1,70,,91193,5,,,1,30,,91214,5,,,1,70,,91194,5,,,1,30,,91215,5,,,1,70,,91195,5,,,1,30,,91216,5,,,1
901,'20261107',744,,91238,5,,,1,70,,91222,5,,,1,30,,91239,5,,,1,70,,91223,5,,,1,30,,91240,5,,,1,70,,91224,5,,,1,30,,91241,5,,,1,70,,91225,5,,,1,30,,91242,5,,,1,70,,91226,5,,,1,30,,91243,5,,,1,70,,91227,5,,,1,30,,91244,5,,,1,70,,91228,5,,,1,30,,91245,5,,,1,70,,91229,5,,,1,30,,91246,5,,,1,70,,91230,5,,,1,30,,91247,5,,,1,70,,91231,5,,,1,30,,91248,5,,,1,70,,91232,5,,,1,30,,91249,5,,,1,70,,91233,5,,,1,30,,91250,5,,,1,70,,91234,5,,,1,30,,91251,5,,,1,70,,91235,5,,,1,30,,91252,5,,,1,70,,91236,5,,,1,30,,91253,5,,,1,70,,91237,5,,,1,30,,91254,5,,,1
901,'20261108',744,,91271,5,,,1,70,,92355,5,,,1,30,,91272,5,,,1,70,,92356,5,,,1,30,,91273,5,,,1,70,,92357,5,,,1,30,,91274,5,,,1,70,,92358,5,,,1,30,,91275,5,,,1,70,,92359,5,,,1,30,,91276,5,,,1,70,,92360,5,,,1,30,,91277,5,,,1,70,,92361,5,,,1,30,,91278,5,,,1,70,,92362,5,,,1,30,,91279,5,,,1,70,,92363,5,,,1,30,,91280,5,,,1,70,,92364,5,,,1,30,,91281,5,,,1,70,,92365,5,,,1,30,,91282,5,,,1,70,,92366,5,,,1,30,,91283,5,,,1,70,,92367,5,,,1,30,,91284,5,,,1,70,,92368,5,,,1,30,,91285,5,,,1,70,,92369,5,,,1,30,,91286,5,,,1,70,,92370,5,,,1
901,'20261109',507,,91287,5,,,1,30,,91308,5,,,1,76,,91288,5,,,1,15,,91306,5,,,1,10,,91309,5,,,1,10,,91329,1,,,1,10,,91326,5,,,1,50,,91289,5,,,1,10,,91328,1,,,1,10,,91307,5,,,1,10,,91310,5,,,1,10,,91330,1,,,1,10,,91327,5,,,1,56,,91290,5,,,1,30,,91311,5,,,1,70,,91291,5,,,1,30,,91312,5,,,1,70,,91292,5,,,1,30,,91313,5,,,1,70,,91293,5,,,1,30,,91314,5,,,1,70,,91294,5,,,1,30,,91315,5,,,1,70,,91295,5,,,1,30,,91316,5,,,1,70,,91296,5,,,1,30,,91317,5,,,1,70,,91297,5,,,1,30,,91318,5,,,1,70,,91298,5,,,1,30,,91319,5,,,1,70,,91299,5,,,1,30,,91320,5,,,1,70,,91300,5,,,1,30,,91321,5,,,1,70,,91301,5,,,1,30,,91322,5,,,1,70,,91302,5,,,1,30,,91323,5,,,1,70,,91303,5,,,1,30,,91324,5,,,1,70,,91304,5,,,1,30,,91325,5,,,1,70,,91305,5,,,1
901,'20261110',507,,91331,5,,,1,30,,91352,5,,,1,76,,91332,5,,,1,15,,91350,5,,,1,10,,91353,5,,,1,10,,91373,1,,,1,10,,91370,5,,,1,50,,91333,5,,,1,10,,91372,1,,,1,10,,91351,5,,,1,10,,91354,5,,,1,10,,91374,1,,,1,10,,91371,5,,,1,56,,91334,5,,,1,30,,91355,5,,,1,70,,91335,5,,,1,30,,91356,5,,,1,70,,91336,5,,,1,30,,91357,5,,,1,70,,91337,5,,,1,30,,91358,5,,,1,70,,91338,5,,,1,30,,91359,5,,,1,70,,91339,5,,,1,30,,91360,5,,,1,70,,91340,5,,,1,30,,91361,5,,,1,70,,91341,5,,,1,30,,91362,5,,,1,70,,91342,5,,,1,30,,91363,5,,,1,70,,91343,5,,,1,30,,91364,5,,,1,70,,91344,5,,,1,30,,91365,5,,,1,70,,91345,5,,,1,30,,91366,5,,,1,70,,91346,5,,,1,30,,91367,5,,,1,70,,91347,5,,,1,30,,91368,5,,,1,70,,91348,5,,,1,30,,91369,5,,,1,70,,91349,5,,,1
901,'20261111',507,,91375,5,,,1,30,,91396,5,,,1,76,,91376,5,,,1,15,,91394,5,,,1,10,,91397,5,,,1,10,,91417,1,,,1,10,,91414,5,,,1,50,,91377,5,,,1,10,,91416,1,,,1,10,,91395,5,,,1,10,,91398,5,,,1,10,,91418,1,,,1,10,,91415,5,,,1,56,,91378,5,,,1,30,,91399,5,,,1,70,,91379,5,,,1,30,,91400,5,,,1,70,,91380,5,,,1,30,,91401,5,,,1,70,,91381,5,,,1,30,,91402,5,,,1,70,,91382,5,,,1,30,,91403,5,,,1,70,,91383,5,,,1,30,,91404,5,,,1,70,,91384,5,,,1,30,,91405,5,,,1,70,,91385,5,,,1,30,,91406,5,,,1,70,,91386,5,,,1,30,,91407,5,,,1,70,,91387,5,,,1,30,,91408,5,,,1,70,,91388,5,,,1,30,,91409,5,,,1,70,,91389,5,,,1,30,,91410,5,,,1,70,,91390,5,,,1,30,,91411,5,,,1,70,,91391,5,,,1,30,,91412,5,,,1,70,,91392,5,,,1,30,,91413,5,,,1,70,,91393,5,,,1
901,'20261112',507,,91419,5,,,1,30,,91440,5,,,1,76,,91420,5,,,1,15,,91438,5,,,1,10,,91441,5,,,1,10,,91461,1,,,1,10,,91458,5,,,1,50,,91421,5,,,1,10,,91460,1,,,1,10,,91439,5,,,1,10,,91442,5,,,1,10,,91462,1,,,1,10,,91459,5,,,1,56,,91422,5,,,1,30,,91443,5,,,1,70,,91423,5,,,1,30,,91444,5,,,1,70,,91424,5,,,1,30,,91445,5,,,1,70,,91425,5,,,1,30,,91446,5,,,1,70,,91426,5,,,1,30,,91447,5,,,1,70,,91427,5,,,1,30,,91448,5,,,1,70,,91428,5,,,1,30,,91449,5,,,1,70,,91429,5,,,1,30,,91450,5,,,1,70,,91430,5,,,1,30,,91451,5,,,1,70,,91431,5,,,1,30,,91452,5,,,1,70,,91432,5,,,1,30,,91453,5,,,1,70,,91433,5,,,1,30,,91454,5,,,1,70,,91434,5,,,1,30,,91455,5,,,1,70,,91435,5,,,1,30,,91456,5,,,1,70,,91436,5,,,1,30,,91457,5,,,1,70,,91437,5,,,1
901,'20261113',507,,91463,5,,,1,30,,91484,5,,,1,76,,91464,5,,,1,15,,91482,5,,,1,10,,91485,5,,,1,10,,91506,1,,,1,10,,91503,5,,,1,50,,91465,5,,,1,10,,91505,1,,,1,10,,91483,5,,,1,10,,91486,5,,,1,10,,91507,1,,,1,10,,91504,5,,,1,56,,91466,5,,,1,30,,91487,5,,,1,70,,91467,5,,,1,30,,91488,5,,,1,70,,91468,5,,,1,30,,91489,5,,,1,70,,91469,5,,,1,30,,91490,5,,,1,70,,91470,5,,,1,30,,91491,5,,,1,70,,91471,5,,,1,30,,91492,5,,,1,70,,91472,5,,,1,30,,91493,5,,,1,70,,91473,5,,,1,30,,91494,5,,,1,70,,91474,5,,,1,30,,91495,5,,,1,70,,91475,5,,,1,30,,91496,5,,,1,70,,91476,5,,,1,30,,91497,5,,,1,70,,91477,5,,,1,30,,91498,5,,,1,70,,91478,5,,,1,30,,91499,5,,,1,70,,91479,5,,,1,30,,91500,5,,,1,70,,91480,5,,,1,30,,91501,5,,,1,70,,91481,5,,,1,30,,91502,5,,,1
901,'20261114',744,,91524,5,,,1,70,,91508,5,,,1,30,,91525,5,,,1,70,,91509,5,,,1,30,,91526,5,,,1,70,,91510,5,,,1,30,,91527,5,,,1,70,,91511,5,,,1,30,,91528,5,,,1,70,,91512,5,,,1,30,,91529,5,,,1,70,,91513,5,,,1,30,,91530,5,,,1,70,,91514,5,,,1,30,,91531,5,,,1,70,,91515,5,,,1,30,,91532,5,,,1,70,,91516,5,,,1,30,,91533,5,,,1,70,,91517,5,,,1,30,,91534,5,,,1,70,,91518,5,,,1,30,,91535,5,,,1,70,,91519,5,,,1,30,,91536,5,,,1,70,,91520,5,,,1,30,,91537,5,,,1,70,,91521,5,,,1,30,,91538,5,,,1,70,,91522,5,,,1,30,,91539,5,,,1,70,,91523,5,,,1,30,,91540,5,,,1
901,'20261115',744,,91557,5,,,1,70,,92371,5,,,1,30,,91558,5,,,1,70,,92372,5,,,1,30,,91559,5,,,1,70,,92373,5,,,1,30,,91560,5,,,1,70,,92374,5,,,1,30,,91561,5,,,1,70,,92375,5,,,1,30,,91562,5,,,1,70,,92376,5,,,1,30,,91563,5,,,1,70,,92377,5,,,1,30,,91564,5,,,1,70,,92378,5,,,1,30,,91565,5,,,1,70,,92379,5,,,1,30,,91566,5,,,1,70,,92380,5,,,1,30,,91567,5,,,1,70,,92381,5,,,1,30,,91568,5,,,1,70,,92382,5,,,1,30,,91569,5,,,1,70,,92383,5,,,1,30,,91570,5,,,1,70,,92384,5,,,1,30,,91571,5,,,1,70,,92385,5,,,1,30,,91572,5,,,1,70,,92386,5,,,1
901,'20261116',507,,91573,5,,,1,30,,91594,5,,,1,76,,91574,5,,,1,15,,91592,5,,,1,10,,91595,5,,,1,10,,91615,1,,,1,10,,91612,5,,,1,50,,91575,5,,,1,10,,91614,1,,,1,10,,91593,5,,,1,10,,91596,5,,,1,10,,91616,1,,,1,10,,91613,5,,,1,56,,91576,5,,,1,30,,91597,5,,,1,70,,91577,5,,,1,30,,91598,5,,,1,70,,91578,5,,,1,30,,91599,5,,,1,70,,91579,5,,,1,30,,91600,5,,,1,70,,91580,5,,,1,30,,91601,5,,,1,70,,91581,5,,,1,30,,91602,5,,,1,70,,91582,5,,,1,30,,91603,5,,,1,70,,91583,5,,,1,30,,91604,5,,,1,70,,91584,5,,,1,30,,91605,5,,,1,70,,91585,5,,,1,30,,91606,5,,,1,70,,91586,5,,,1,30,,91607,5,,,1,70,,91587,5,,,1,30,,91608,5,,,1,70,,91588,5,,,1,30,,91609,5,,,1,70,,91589,5,,,1,30,,91610,5,,,1,70,,91590,5,,,1,30,,91611,5,,,1,70,,91591,5,,,1
901,'20261117',507,,91617,5,,,1,30,,91638,5,,,1,76,,91618,5,,,1,15,,91636,5,,,1,10,,91639,5,,,1,10,,91659,1,,,1,10,,91656,5,,,1,50,,91619,5,,,1,10,,91658,1,,,1,10,,91637,5,,,1,10,,91640,5,,,1,10,,91660,1,,,1,10,,91657,5,,,1,56,,91620,5,,,1,30,,91641,5,,,1,70,,91621,5,,,1,30,,91642,5,,,1,70,,91622,5,,,1,30,,91643,5,,,1,70,,91623,5,,,1,30,,91644,5,,,1,70,,91624,5,,,1,30,,91645,5,,,1,70,,91625,5,,,1,30,,91646,5,,,1,70,,91626,5,,,1,30,,91647,5,,,1,70,,91627,5,,,1,30,,91648,5,,,1,70,,91628,5,,,1,30,,91649,5,,,1,70,,91629,5,,,1,30,,91650,5,,,1,70,,91630,5,,,1,30,,91651,5,,,1,70,,91631,5,,,1,30,,91652,5,,,1,70,,91632,5,,,1,30,,91653,5,,,1,70,,91633,5,,,1,30,,91654,5,,,1,70,,91634,5,,,1,30,,91655,5,,,1,70,,91635,5,,,1
901,'20261118',507,,91661,5,,,1,30,,91682,5,,,1,76,,91662,5,,,1,15,,91680,5,,,1,10,,91683,5,,,1,10,,91703,1,,,1,10,,91700,5,,,1,50,,91663,5,,,1,10,,91702,1,,,1,10,,91681,5,,,1,10,,91684,5,,,1,10,,91704,1,,,1,10,,91701,5,,,1,56,,91664,5,,,1,30,,91685,5,,,1,70,,91665,5,,,1,30,,91686,5,,,1,70,,91666,5,,,1,30,,91687,5,,,1,70,,91667,5,,,1,30,,91688,5,,,1,70,,91668,5,,,1,30,,91689,5,,,1,70,,91669,5,,,1,30,,91690,5,,,1,70,,91670,5,,,1,30,,91691,5,,,1,70,,91671,5,,,1,30,,91692,5,,,1,70,,91672,5,,,1,30,,91693,5,,,1,70,,91673,5,,,1,30,,91694,5,,,1,70,,91674,5,,,1,30,,91695,5,,,1,70,,91675,5,,,1,30,,91696,5,,,1,70,,91676,5,,,1,30,,91697,5,,,1,70,,91677,5,,,1,30,,91698,5,,,1,70,,91678,5,,,1,30,,91699,5,,,1,70,,91679,5,,,1
901,'20261119',507,,91705,5,,,1,30,,91726,5,,,1,76,,91706,5,,,1,15,,91724,5,,,1,10,,91727,5,,,1,10,,91747,1,,,1,10,,91744,5,,,1,50,,91707,5,,,1,10,,91746,1,,,1,10,,91725,5,,,1,10,,91728,5,,,1,10,,91748,1,,,1,10,,91745,5,,,1,56,,91708,5,,,1,30,,91729,5,,,1,70,,91709,5,,,1,30,,91730,5,,,1,70,,91710,5,,,1,30,,91731,5,,,1,70,,91711,5,,,1,30,,91732,5,,,1,70,,91712,5,,,1,30,,91733,5,,,1,70,,91713,5,,,1,30,,91734,5,,,1,70,,91714,5,,,1,30,,91735,5,,,1,70,,91715,5,,,1,30,,91736,5,,,1,70,,91716,5,,,1,30,,91737,5,,,1,70,,91717,5,,,1,30,,91738,5,,,1,70,,91718,5,,,1,30,,91739,5,,,1,70,,91719,5,,,1,30,,91740,5,,,1,70,,91720,5,,,1,30,,91741,5,,,1,70,,91721,5,,,1,30,,91742,5,,,1,70,,91722,5,,,1,30,,91743,5,,,1,70,,91723,5,,,1
901,'20261120',507,,91749,5,,,1,30,,91770,5,,,1,76,,91750,5,,,1,15,,91768,5,,,1,10,,91771,5,,,1,10,,91792,1,,,1,10,,91789,5,,,1,50,,91751,5,,,1,10,,91791,1,,,1,10,,91769,5,,,1,10,,91772,5,,,1,10,,91793,1,,,1,10,,91790,5,,,1,56,,91752,5,,,1,30,,91773,5,,,1,70,,91753,5,,,1,30,,91774,5,,,1,70,,91754,5,,,1,30,,91775,5,,,1,70,,91755,5,,,1,30,,91776,5,,,1,70,,91756,5,,,1,30,,91777,5,,,1,70,,91757,5,,,1,30,,91778,5,,,1,70,,91758,5,,,1,30,,91779,5,,,1,70,,91759,5,,,1,30,,91780,5,,,1,70,,91760,5,,,1,30,,91781,5,,,1,70,,91761,5,,,1,30,,91782,5,,,1,70,,91762,5,,,1,30,,91783,5,,,1,70,,91763,5,,,1,30,,91784,5,,,1,70,,91764,5,,,1,30,,91785,5,,,1,70,,91765,5,,,1,30,,91786,5,,,1,70,,91766,5,,,1,30,,91787,5,,,1,70,,91767,5,,,1,30,,91788,5,,,1
901,'20261121',744,,91810,5,,,1,70,,91794,5,,,1,30,,91811,5,,,1,70,,91795,5,,,1,30,,91812,5,,,1,70,,91796,5,,,1,30,,91813,5,,,1,70,,91797,5,,,1,30,,91814,5,,,1,70,,91798,5,,,1,30,,91815,5,,,1,70,,91799,5,,,1,30,,91816,5,,,1,70,,91800,5,,,1,30,,91817,5,,,1,70,,91801,5,,,1,30,,91818,5,,,1,70,,91802,5,,,1,30,,91819,5,,,1,70,,91803,5,,,1,30,,91820,5,,,1,70,,91804,5,,,1,30,,91821,5,,,1,70,,91805,5,,,1,30,,91822,5,,,1,70,,91806,5,,,1,30,,91823,5,,,1,70,,91807,5,,,1,30,,91824,5,,,1,70,,91808,5,,,1,30,,91825,5,,,1,70,,91809,5,,,1,30,,91826,5,,,1
901,'20261122',744,,91843,5,,,1,70,,92387,5,,,1,30,,91844,5,,,1,70,,92388,5,,,1,30,,91845,5,,,1,70,,92389,5,,,1,30,,91846,5,,,1,70,,92390,5,,,1,30,,91847,5,,,1,70,,92391,5,,,1,30,,91848,5,,,1,70,,92392,5,,,1,30,,91849,5,,,1,70,,92393,5,,,1,30,,91850,5,,,1,70,,92394,5,,,1,30,,91851,5,,,1,70,,92395,5,,,1,30,,91852,5,,,1,70,,92396,5,,,1,30,,91853,5,,,1,70,,92397,5,,,1,30,,91854,5,,,1,70,,92398,5,,,1,30,,91855,5,,,1,70,,92399,5,,,1,30,,91856,5,,,1,70,,92400,5,,,1,30,,91857,5,,,1,70,,92401,5,,,1,30,,91858,5,,,1,70,,92402,5,,,1
901,'20261123',507,,91859,5,,,1,30,,91880,5,,,1,76,,91860,5,,,1,15,,91878,5,,,1,10,,91881,5,,,1,10,,91901,1,,,1,10,,91898,5,,,1,50,,91861,5,,,1,10,,91900,1,,,1,10,,91879,5,,,1,10,,91882,5,,,1,10,,91902,1,,,1,10,,91899,5,,,1,56,,91862,5,,,1,30,,91883,5,,,1,70,,91863,5,,,1,30,,91884,5,,,1,70,,91864,5,,,1,30,,91885,5,,,1,70,,91865,5,,,1,30,,91886,5,,,1,70,,91866,5,,,1,30,,91887,5,,,1,70,,91867,5,,,1,30,,91888,5,,,1,70,,91868,5,,,1,30,,91889,5,,,1,70,,91869,5,,,1,30,,91890,5,,,1,70,,91870,5,,,1,30,,91891,5,,,1,70,,91871,5,,,1,30,,91892,5,,,1,70,,91872,5,,,1,30,,91893,5,,,1,70,,91873,5,,,1,30,,91894,5,,,1,70,,91874,5,,,1,30,,91895,5,,,1,70,,91875,5,,,1,30,,91896,5,,,1,70,,91876,5,,,1,30,,91897,5,,,1,70,,91877,5,,,1
901,'20261124',507,,91903,5,,,1,30,,91924,5,,,1,76,,91904,5,,,1,15,,91922,5,,,1,10,,91925,5,,,1,10,,91945,1,,,1,10,,91942,5,,,1,50,,91905,5,,,1,10,,91944,1,,,1,10,,91923,5,,,1,10,,91926,5,,,1,10,,91946,1,,,1,10,,91943,5,,,1,56,,91906,5,,,1,30,,91927,5,,,1,70,,91907,5,,,1,30,,91928,5,,,1,70,,91908,5,,,1,30,,91929,5,,,1,70,,91909,5,,,1,30,,91930,5,,,1,70,,91910,5,,,1,30,,91931,5,,,1,70,,91911,5,,,1,30,,91932,5,,,1,70,,91912,5,,,1,30,,91933,5,,,1,70,,91913,5,,,1,30,,91934,5,,,1,70,,91914,5,,,1,30,,91935,5,,,1,70,,91915,5,,,1,30,,91936,5,,,1,70,,91916,5,,,1,30,,91937,5,,,1,70,,91917,5,,,1,30,,91938,5,,,1,70,,91918,5,,,1,30,,91939,5,,,1,70,,91919,5,,,1,30,,91940,5,,,1,70,,91920,5,,,1,30,,91941,5,,,1,70,,91921,5,,,1
901,'20261125',507,,91947,5,,,1,30,,91968,5,,,1,76,,91948,5,,,1,15,,91966,5,,,1,10,,91969,5,,,1,10,,91989,1,,,1,10,,91986,5,,,1,50,,91949,5,,,1,10,,91988,1,,,1,10,,91967,5,,,1,10,,91970,5,,,1,10,,91990,1,,,1,10,,91987,5,,,1,56,,91950,5,,,1,30,,91971,5,,,1,70,,91951,5,,,1,30,,91972,5,,,1,70,,91952,5,,,1,30,,91973,5,,,1,70,,91953,5,,,1,30,,91974,5,,,1,70,,91954,5,,,1,30,,91975,5,,,1,70,,91955,5,,,1,30,,91976,5,,,1,70,,91956,5,,,1,30,,91977,5,,,1,70,,91957,5,,,1,30,,91978,5,,,1,70,,91958,5,,,1,30,,91979,5,,,1,70,,91959,5,,,1,30,,91980,5,,,1,70,,91960,5,,,1,30,,91981,5,,,1,70,,91961,5,,,1,30,,91982,5,,,1,70,,91962,5,,,1,30,,91983,5,,,1,70,,91963,5,,,1,30,,91984,5,,,1,70,,91964,5,,,1,30,,91985,5,,,1,70,,91965,5,,,1
901,'20261126',507,,91991,5,,,1,30,,92012,5,,,1,76,,91992,5,,,1,15,,92010,5,,,1,10,,92013,5,,,1,10,,92033,1,,,1,10,,92030,5,,,1,50,,91993,5,,,1,10,,92032,1,,,1,10,,92011,5,,,1,10,,92014,5,,,1,10,,92034,1,,,1,10,,92031,5,,,1,56,,91994,5,,,1,30,,92015,5,,,1,70,,91995,5,,,1,30,,92016,5,,,1,70,,91996,5,,,1,30,,92017,5,,,1,70,,91997,5,,,1,30,,92018,5,,,1,70,,91998,5,,,1,30,,92019,5,,,1,70,,91999,5,,,1,30,,92020,5,,,1,70,,92000,5,,,1,30,,92021,5,,,1,70,,92001,5,,,1,30,,92022,5,,,1,70,,92002,5,,,1,30,,92023,5,,,1,70,,92003,5,,,1,30,,92024,5,,,1,70,,92004,5,,,1,30,,92025,5,,,1,70,,92005,5,,,1,30,,92026,5,,,1,70,,92006,5,,,1,30,,92027,5,,,1,70,,92007,5,,,1,30,,92028,5,,,1,70,,92008,5,,,1,30,,92029,5,,,1,70,,92009,5,,,1
901,'20261127',507,,92035,5,,,1,30,,92056,5,,,1,76,,92036,5,,,1,15,,92054,5,,,1,10,,92057,5,,,1,10,,92078,1,,,1,10,,92075,5,,,1,50,,92037,5,,,1,10,,92077,1,,,1,10,,92055,5,,,1,10,,92058,5,,,1,10,,92079,1,,,1,10,,92076,5,,,1,56,,92038,5,,,1,30,,92059,5,,,1,70,,92039,5,,,1,30,,92060,5,,,1,70,,92040,5,,,1,30,,92061,5,,,1,70,,92041,5,,,1,30,,92062,5,,,1,70,,92042,5,,,1,30,,92063,5,,,1,70,,92043,5,,,1,30,,92064,5,,,1,70,,92044,5,,,1,30,,92065,5,,,1,70,,92045,5,,,1,30,,92066,5,,,1,70,,92046,5,,,1,30,,92067,5,,,1,70,,92047,5,,,1,30,,92068,5,,,1,70,,92048,5,,,1,30,,92069,5,,,1,70,,92049,5,,,1,30,,92070,5,,,1,70,,92050,5,,,1,30,,92071,5,,,1,70,,92051,5,,,1,30,,92072,5,,,1,70,,92052,5,,,1,30,,92073,5,,,1,70,,92053,5,,,1,30,,92074,5,,,1
