100,'20260814',644,,35757,18,0,10,1,70,,35781,18,0,11 12,1,38,,35758,18,0,10,1,70,,35782,18,0,11 12,1,30,,35759,18,0,10,1,70,,35783,18,0,11 12,1,30,,35760,18,0,10,1,70,,35784,18,0,11 12,1,30,,35761,18,0,10,1,70,,35785,18,0,11 12,1,30,,35762,18,0,10,1,70,,35797,18,0,13,1,30,,35763,18,0,10,1,70,,35786,18,0,11 12,1,30,,35764,18,0,10,1,70,,35787,18,0,11 12,1,30,,35765,18,0,10,1,70,,35788,18,0,11 12,1,30,,35766,18,0,10,1,58,,35778,18,0,14,1,5,,35800,18,0,17 18,1,9,,35799,18,0,13,1,17,,35776,18,0,14,1,4,,35796,18,0,11 12,1,9,,35774,18,0,10,1,57,,35779,18,0,14,1,4,,35801,18,0,17 18,1,9,,35805,18,,,1,17,,35777,18,0,14,1,4,,35802,18,0,17 18,1,9,,35775,18,0,10,1,57,,35780,18,0,15,1,4,,35803,18,0,17 18,1,13,,35789,18,0,11 12,1,25,,35767,18,0,10,1,70,,35798,18,0,13,1,30,,35768,18,0,10,1,70,,35790,18,0,11 12,1,30,,35769,18,0,10,1,70,,35791,18,0,11 12,1,30,,35770,18,0,10,1,70,,35792,18,0,11 12,1,30,,35771,18,0,10,1,70,,35793,18,0,11 12,1,30,,35772,18,0,10,1,70,,35794,18,0,11 12,1,30,,35773,18,0,10,1,70,,35795,18,0,11 12,1
100,'20260815',922,,35839,18,0,11 12,1,30,,35807,18,0,10,1,70,,35840,18,0,11 12,1,30,,35808,18,0,10,1,70,,35841,18,0,11 12,1,30,,35809,18,0,10,1,70,,35842,18,0,11 12,1,30,,35810,18,0,10,1,70,,35843,18,0,11 12,1,30,,35811,18,0,10,1,70,,35844,18,0,11 12,1,30,,35812,18,0,10,1,70,,35854,18,0,13,1,30,,35813,18,0,10,1,55,,35823,18,0,14,1,15,,35845,18,0,11 12,1,15,,35831,18,0,14,1,15,,35814,18,0,10,1,55,,35824,18,0,14,1,15,,35846,18,0,11 12,1,15,,35832,18,0,14,1,15,,35815,18,0,10,1,55,,35825,18,0,14,1,15,,35847,18,0,11 12,1,15,,35833,18,0,14,1,15,,35816,18,0,10,1,55,,35826,18,0,14,1,15,,35848,18,0,11 12,1,15,,35834,18,0,14,1,15,,35817,18,0,10,1,55,,35827,18,0,14,1,15,,35849,18,0,11 12,1,15,,35835,18,0,14,1,15,,35818,18,0,10,1,55,,35828,18,0,14,1,15,,35855,18,0,13,1,15,,35836,18,0,14,1,15,,35819,18,0,10,1,55,,35829,18,0,14,1,15,,35850,18,0,11 12,1,15,,35837,18,0,14,1,15,,35820,18,0,10,1,55,,35830,18,0,14,1,15,,35851,18,0,11 12,1,15,,35838,18,0,14,1,17,,35821,18,0,10,1,70,,35852,18,0,11 12,1,30,,35822,18,0,10,1,70,,35853,18,0,11 12,1
100,'20260816',922,,35892,18,0,11 12,1,30,,35860,18,0,10,1,70,,35893,18,0,11 12,1,30,,35861,18,0,10,1,70,,35894,18,0,11 12,1,30,,35862,18,0,10,1,70,,35895,18,0,11 12,1,30,,35863,18,0,10,1,70,,35896,18,0,11 12,1,30,,35864,18,0,10,1,70,,35897,18,0,11 12,1,30,,35865,18,0,10,1,70,,35907,18,0,13,1,30,,35866,18,0,10,1,55,,65412,18,0,14,1,15,,35898,18,0,11 12,1,15,,65420,18,0,14,1,15,,35867,18,0,10,1,55,,65413,18,0,14,1,15,,35899,18,0,11 12,1,15,,65421,18,0,14,1,15,,35868,18,0,10,1,55,,65414,18,0,14,1,15,,35900,18,0,11 12,1,15,,65422,18,0,14,1,15,,35869,18,0,10,1,55,,65415,18,0,14,1,15,,35901,18,0,11 12,1,15,,65423,18,0,14,1,15,,35870,18,0,10,1,55,,65416,18,0,14,1,15,,35902,18,0,11 12,1,15,,65424,18,0,14,1,15,,35871,18,0,10,1,55,,65417,18,0,14,1,15,,35908,18,0,13,1,15,,65425,18,0,14,1,15,,35872,18,0,10,1,55,,65418,18,0,14,1,15,,35903,18,0,11 12,1,15,,65426,18,0,14,1,15,,35873,18,0,10,1,55,,65419,18,0,14,1,15,,35904,18,0,11 12,1,15,,65427,18,0,14,1,17,,35874,18,0,10,1,70,,35905,18,0,11 12,1,30,,35875,18,0,10,1
100,'20260817',644,,64654,18,0,10,1,70,,64660,18,0,11 12,1,38,,64655,18,0,10,1,70,,64661,18,0,11 12,1,30,,64656,18,0,10,1,70,,35938,18,0,11 12,1,30,,35916,18,0,10,1,70,,35939,18,0,11 12,1,30,,35917,18,0,10,1,70,,35940,18,0,11 12,1,30,,35918,18,0,10,1,70,,64665,18,0,13,1,30,,35919,18,0,10,1,70,,35941,18,0,11 12,1,30,,35920,18,0,10,1,70,,35942,18,0,11 12,1,30,,35921,18,0,10,1,70,,64662,18,0,11 12,1,30,,35922,18,0,10,1,58,,35933,18,0,14,1,5,,64668,18,0,17 18,1,9,,64667,18,0,13,1,17,,35930,18,0,14,1,4,,64664,18,0,11 12,1,9,,64657,18,0,10,1,57,,35934,18,0,14,1,4,,64669,18,0,17 18,1,9,,35959,18,,,1,17,,35931,18,0,14,1,4,,64670,18,0,17 18,1,9,,64658,18,0,10,1,57,,35935,18,0,15,1,4,,64671,18,0,17 18,1,13,,35944,18,0,11 12,1,25,,35923,18,0,10,1,70,,64666,18,0,13,1,30,,35924,18,0,10,1,70,,35945,18,0,11 12,1,30,,35925,18,0,10,1,70,,64663,18,0,11 12,1,30,,35926,18,0,10,1,70,,35947,18,0,11 12,1,30,,35927,18,0,10,1,70,,35948,18,0,11 12,1,17,,64659,18,0,10,1,83,,35949,18,0,11 12,1
100,'20260818',644,,35961,18,0,10,1,70,,35984,18,0,11 12,1,38,,35962,18,0,10,1,70,,35985,18,0,11 12,1,30,,35963,18,0,10,1,70,,35986,18,0,11 12,1,30,,35964,18,0,10,1,70,,35987,18,0,11 12,1,30,,35965,18,0,10,1,70,,35988,18,0,11 12,1,30,,35966,18,0,10,1,70,,35999,18,0,13,1,30,,35967,18,0,10,1,70,,35989,18,0,11 12,1,30,,35968,18,0,10,1,70,,35990,18,0,11 12,1,30,,35969,18,0,10,1,70,,35991,18,0,11 12,1,30,,35970,18,0,10,1,58,,35981,18,0,14,1,5,,36002,18,0,17 18,1,9,,36001,18,0,13,1,17,,35978,18,0,14,1,4,,35998,18,0,11 12,1,9,,35976,18,0,10,1,57,,35982,18,0,14,1,4,,36003,18,0,17 18,1,9,,36007,18,,,1,17,,35979,18,0,14,1,4,,36004,18,0,17 18,1,9,,35977,18,0,10,1,57,,35983,18,0,15,1,4,,36005,18,0,17 18,1,13,,35992,18,0,11 12,1,25,,35971,18,0,10,1,70,,36000,18,0,13,1,30,,35972,18,0,10,1,70,,35993,18,0,11 12,1,30,,35973,18,0,10,1,70,,35994,18,0,11 12,1,30,,35974,18,0,10,1,70,,35995,18,0,11 12,1,30,,35975,18,0,10,1,70,,35996,18,0,11 12,1,17,,35980,18,0,10,1,83,,35997,18,0,11 12,1
100,'20260819',644,,36009,18,0,10,1,70,,36032,18,0,11 12,1,38,,36010,18,0,10,1,70,,36033,18,0,11 12,1,30,,36011,18,0,10,1,70,,36034,18,0,11 12,1,30,,36012,18,0,10,1,70,,36035,18,0,11 12,1,30,,36013,18,0,10,1,70,,36036,18,0,11 12,1,30,,36014,18,0,10,1,70,,36047,18,0,13,1,30,,36015,18,0,10,1,70,,36037,18,0,11 12,1,30,,36016,18,0,10,1,70,,36038,18,0,11 12,1,30,,36017,18,0,10,1,70,,36039,18,0,11 12,1,30,,36018,18,0,10,1,58,,36029,18,0,14,1,5,,36050,18,0,17 18,1,9,,36049,18,0,13,1,17,,36026,18,0,14,1,4,,36046,18,0,11 12,1,9,,36024,18,0,10,1,57,,36030,18,0,14,1,4,,36051,18,0,17 18,1,9,,36055,18,,,1,17,,36027,18,0,14,1,4,,36052,18,0,17 18,1,9,,36025,18,0,10,1,57,,36031,18,0,15,1,4,,36053,18,0,17 18,1,13,,36040,18,0,11 12,1,25,,36019,18,0,10,1,70,,36048,18,0,13,1,30,,36020,18,0,10,1,70,,36041,18,0,11 12,1,30,,36021,18,0,10,1,70,,36042,18,0,11 12,1,30,,36022,18,0,10,1,70,,36043,18,0,11 12,1,30,,36023,18,0,10,1,70,,36044,18,0,11 12,1,17,,36028,18,0,10,1,83,,36045,18,0,11 12,1
100,'20260820',644,,36057,18,0,10,1,70,,36080,18,0,11 12,1,38,,36058,18,0,10,1,70,,36081,18,0,11 12,1,30,,36059,18,0,10,1,70,,36082,18,0,11 12,1,30,,36060,18,0,10,1,70,,36083,18,0,11 12,1,30,,36061,18,0,10,1,70,,36084,18,0,11 12,1,30,,36062,18,0,10,1,70,,36095,18,0,13,1,30,,36063,18,0,10,1,70,,36085,18,0,11 12,1,30,,36064,18,0,10,1,70,,36086,18,0,11 12,1,30,,36065,18,0,10,1,70,,36087,18,0,11 12,1,30,,36066,18,0,10,1,58,,36077,18,0,14,1,5,,36098,18,0,17 18,1,9,,36097,18,0,13,1,17,,36074,18,0,14,1,4,,36094,18,0,11 12,1,9,,36072,18,0,10,1,57,,36078,18,0,14,1,4,,36099,18,0,17 18,1,9,,36103,18,,,1,17,,36075,18,0,14,1,4,,36100,18,0,17 18,1,9,,36073,18,0,10,1,57,,36079,18,0,15,1,4,,36101,18,0,17 18,1,13,,36088,18,0,11 12,1,25,,36067,18,0,10,1,70,,36096,18,0,13,1,30,,36068,18,0,10,1,70,,36089,18,0,11 12,1,30,,36069,18,0,10,1,70,,36090,18,0,11 12,1,30,,36070,18,0,10,1,70,,36091,18,0,11 12,1,30,,36071,18,0,10,1,70,,36092,18,0,11 12,1,30,,65428,18,0,10,1,55,,65429,18,0,16,1,15,,36093,18,0,11 12,1
100,'20260821',644,,36105,18,0,10,1,70,,36129,18,0,11 12,1,38,,36106,18,0,10,1,70,,36130,18,0,11 12,1,30,,36107,18,0,10,1,70,,36131,18,0,11 12,1,30,,36108,18,0,10,1,70,,36132,18,0,11 12,1,31,,36109,18,0,10,1,70,,36133,18,0,11 12,1,30,,36110,18,0,10,1,70,,36145,18,0,13,1,30,,36111,18,0,10,1,70,,36134,18,0,11 12,1,30,,36112,18,0,10,1,70,,36135,18,0,11 12,1,30,,36113,18,0,10,1,70,,36136,18,0,11 12,1,30,,36114,18,0,10,1,58,,36126,18,0,14,1,5,,36148,18,0,17 18,1,9,,36147,18,0,13,1,17,,36124,18,0,14,1,4,,36144,18,0,11 12,1,9,,36122,18,0,10,1,57,,36127,18,0,14,1,4,,36149,18,0,17 18,1,9,,36153,18,,,1,17,,36125,18,0,14,1,4,,36150,18,0,17 18,1,9,,36123,18,0,10,1,57,,36128,18,0,15,1,3,,36151,18,0,17 18,1,14,,36137,18,0,11 12,1,24,,36115,18,0,10,1,70,,36146,18,0,13,1,30,,36116,18,0,10,1,70,,36138,18,0,11 12,1,30,,36117,18,0,10,1,70,,36139,18,0,11 12,1,30,,36118,18,0,10,1,70,,36140,18,0,11 12,1,9,,65431,18,,,1,21,,36119,18,0,10,1,70,,36141,18,0,11 12,1,30,,36120,18,0,10,1,70,,36142,18,0,11 12,1,30,,36121,18,0,10,1,70,,36143,18,0,11 12,1
100,'20260822',922,,36187,18,0,11 12,1,30,,36155,18,0,10,1,70,,36188,18,0,11 12,1,30,,36156,18,0,10,1,70,,36189,18,0,11 12,1,30,,36157,18,0,10,1,70,,36190,18,0,11 12,1,30,,36158,18,0,10,1,70,,36191,18,0,11 12,1,30,,36159,18,0,10,1,70,,36192,18,0,11 12,1,30,,36160,18,0,10,1,70,,36202,18,0,13,1,30,,36161,18,0,10,1,55,,36171,18,0,14,1,15,,36193,18,0,11 12,1,15,,36179,18,0,14,1,15,,36162,18,0,10,1,55,,36172,18,0,14,1,15,,36194,18,0,11 12,1,15,,36180,18,0,14,1,15,,36163,18,0,10,1,55,,36173,18,0,14,1,15,,36195,18,0,11 12,1,15,,36181,18,0,14,1,15,,36164,18,0,10,1,55,,36174,18,0,14,1,15,,36196,18,0,11 12,1,15,,36182,18,0,14,1,15,,36165,18,0,10,1,55,,36175,18,0,14,1,15,,36197,18,0,11 12,1,15,,36183,18,0,14,1,15,,36166,18,0,10,1,55,,36176,18,0,14,1,15,,36203,18,0,13,1,15,,36184,18,0,14,1,15,,36167,18,0,10,1,55,,36177,18,0,14,1,15,,36198,18,0,11 12,1,15,,36185,18,0,14,1,15,,36168,18,0,10,1,55,,36178,18,0,14,1,15,,36199,18,0,11 12,1,15,,36186,18,0,14,1,17,,36169,18,0,10,1,70,,36200,18,0,11 12,1,30,,36170,18,0,10,1,70,,36201,18,0,11 12,1
100,'20260823',922,,36240,18,0,11 12,1,30,,36208,18,0,10,1,70,,36241,18,0,11 12,1,30,,36209,18,0,10,1,70,,36242,18,0,11 12,1,30,,36210,18,0,10,1,70,,36243,18,0,11 12,1,30,,36211,18,0,10,1,70,,36244,18,0,11 12,1,30,,36212,18,0,10,1,70,,36245,18,0,11 12,1,30,,36213,18,0,10,1,70,,36255,18,0,13,1,30,,36214,18,0,10,1,55,,36224,18,0,14,1,15,,36246,18,0,11 12,1,15,,36232,18,0,14,1,15,,36215,18,0,10,1,55,,36225,18,0,14,1,15,,36247,18,0,11 12,1,15,,36233,18,0,14,1,15,,36216,18,0,10,1,55,,36226,18,0,14,1,15,,36248,18,0,11 12,1,15,,36234,18,0,14,1,15,,36217,18,0,10,1,55,,36227,18,0,14,1,15,,36249,18,0,11 12,1,15,,36235,18,0,14,1,15,,36218,18,0,10,1,55,,36228,18,0,14,1,15,,36250,18,0,11 12,1,15,,36236,18,0,14,1,15,,36219,18,0,10,1,55,,36229,18,0,14,1,15,,36256,18,0,13,1,15,,36237,18,0,14,1,15,,36220,18,0,10,1,55,,36230,18,0,14,1,15,,36251,18,0,11 12,1,15,,36238,18,0,14,1,15,,36221,18,0,10,1,55,,36231,18,0,14,1,15,,36252,18,0,11 12,1,15,,36239,18,0,14,1,17,,36222,18,0,10,1,70,,36253,18,0,11 12,1,30,,36223,18,0,10,1
100,'20260824',644,,64673,18,0,10,1,70,,64679,18,0,11 12,1,38,,64674,18,0,10,1,70,,64680,18,0,11 12,1,30,,64675,18,0,10,1,70,,36286,18,0,11 12,1,30,,36264,18,0,10,1,70,,36287,18,0,11 12,1,31,,36265,18,0,10,1,70,,36288,18,0,11 12,1,30,,36266,18,0,10,1,70,,64684,18,0,13,1,30,,36267,18,0,10,1,70,,36289,18,0,11 12,1,30,,36268,18,0,10,1,70,,36290,18,0,11 12,1,30,,36269,18,0,10,1,70,,64681,18,0,11 12,1,30,,36270,18,0,10,1,58,,36281,18,0,14,1,5,,64687,18,0,17 18,1,9,,64686,18,0,13,1,17,,36278,18,0,14,1,4,,64683,18,0,11 12,1,9,,64676,18,0,10,1,57,,36282,18,0,14,1,4,,64688,18,0,17 18,1,9,,36307,18,,,1,17,,36279,18,0,14,1,4,,64689,18,0,17 18,1,9,,64677,18,0,10,1,57,,36283,18,0,15,1,3,,64690,18,0,17 18,1,14,,36292,18,0,11 12,1,24,,36271,18,0,10,1,70,,64685,18,0,13,1,30,,36272,18,0,10,1,70,,36293,18,0,11 12,1,30,,36273,18,0,10,1,70,,64682,18,0,11 12,1,30,,36274,18,0,10,1,70,,36295,18,0,11 12,1,9,,65440,18,,,1,21,,36275,18,0,10,1,70,,36296,18,0,11 12,1,17,,64678,18,0,10,1,83,,36297,18,0,11 12,1,30,,65439,18,0,14,1
100,'20260825',644,,36309,18,0,10,1,70,,36332,18,0,11 12,1,38,,36310,18,0,10,1,70,,36333,18,0,11 12,1,30,,36311,18,0,10,1,70,,36334,18,0,11 12,1,30,,36312,18,0,10,1,70,,36335,18,0,11 12,1,31,,36313,18,0,10,1,70,,36336,18,0,11 12,1,30,,36314,18,0,10,1,70,,36347,18,0,13,1,30,,36315,18,0,10,1,70,,36337,18,0,11 12,1,30,,36316,18,0,10,1,70,,36338,18,0,11 12,1,30,,36317,18,0,10,1,70,,36339,18,0,11 12,1,30,,36318,18,0,10,1,58,,36329,18,0,14,1,5,,36350,18,0,17 18,1,9,,36349,18,0,13,1,17,,36326,18,0,14,1,4,,36346,18,0,11 12,1,9,,36324,18,0,10,1,57,,36330,18,0,14,1,4,,36351,18,0,17 18,1,9,,36355,18,,,1,17,,36327,18,0,14,1,4,,36352,18,0,17 18,1,9,,36325,18,0,10,1,57,,36331,18,0,15,1,3,,36353,18,0,17 18,1,14,,36340,18,0,11 12,1,24,,36319,18,0,10,1,70,,36348,18,0,13,1,30,,36320,18,0,10,1,70,,36341,18,0,11 12,1,30,,36321,18,0,10,1,70,,36342,18,0,11 12,1,30,,36322,18,0,10,1,70,,36343,18,0,11 12,1,9,,65443,18,,,1,21,,36323,18,0,10,1,70,,36344,18,0,11 12,1,17,,36328,18,0,10,1,83,,36345,18,0,11 12,1,30,,65442,18,0,14,1
100,'20260826',644,,36357,18,0,10,1,70,,36380,18,0,11 12,1,38,,36358,18,0,10,1,70,,36381,18,0,11 12,1,30,,36359,18,0,10,1,70,,36382,18,0,11 12,1,30,,36360,18,0,10,1,70,,36383,18,0,11 12,1,31,,36361,18,0,10,1,70,,36384,18,0,11 12,1,30,,36362,18,0,10,1,70,,36395,18,0,13,1,30,,36363,18,0,10,1,70,,36385,18,0,11 12,1,30,,36364,18,0,10,1,70,,36386,18,0,11 12,1,30,,36365,18,0,10,1,70,,36387,18,0,11 12,1,30,,36366,18,0,10,1,58,,36377,18,0,14,1,5,,36398,18,0,17 18,1,9,,36397,18,0,13,1,17,,36374,18,0,14,1,4,,36394,18,0,11 12,1,9,,36372,18,0,10,1,57,,36378,18,0,14,1,4,,36399,18,0,17 18,1,9,,36403,18,,,1,17,,36375,18,0,14,1,4,,36400,18,0,17 18,1,9,,36373,18,0,10,1,57,,36379,18,0,15,1,3,,36401,18,0,17 18,1,14,,36388,18,0,11 12,1,24,,36367,18,0,10,1,70,,36396,18,0,13,1,30,,36368,18,0,10,1,70,,36389,18,0,11 12,1,30,,36369,18,0,10,1,70,,36390,18,0,11 12,1,30,,36370,18,0,10,1,70,,36391,18,0,11 12,1,9,,65446,18,,,1,21,,36371,18,0,10,1,70,,36392,18,0,11 12,1,17,,36376,18,0,10,1,83,,36393,18,0,11 12,1,30,,65445,18,0,14,1
100,'20260827',644,,36405,18,0,10,1,70,,36428,18,0,11 12,1,38,,36406,18,0,10,1,70,,36429,18,0,11 12,1,30,,36407,18,0,10,1,70,,36430,18,0,11 12,1,30,,36408,18,0,10,1,70,,36431,18,0,11 12,1,31,,36409,18,0,10,1,70,,36432,18,0,11 12,1,30,,36410,18,0,10,1,70,,36443,18,0,13,1,30,,36411,18,0,10,1,70,,36433,18,0,11 12,1,30,,36412,18,0,10,1,70,,36434,18,0,11 12,1,30,,36413,18,0,10,1,70,,36435,18,0,11 12,1,30,,36414,18,0,10,1,58,,36425,18,0,14,1,5,,36446,18,0,17 18,1,9,,36445,18,0,13,1,17,,36422,18,0,14,1,4,,36442,18,0,11 12,1,9,,36420,18,0,10,1,57,,36426,18,0,14,1,4,,36447,18,0,17 18,1,9,,36451,18,,,1,17,,36423,18,0,14,1,4,,36448,18,0,17 18,1,9,,36421,18,0,10,1,57,,36427,18,0,15,1,3,,36449,18,0,17 18,1,14,,36436,18,0,11 12,1,24,,36415,18,0,10,1,70,,36444,18,0,13,1,30,,36416,18,0,10,1,70,,36437,18,0,11 12,1,30,,36417,18,0,10,1,70,,36438,18,0,11 12,1,30,,36418,18,0,10,1,70,,36439,18,0,11 12,1,9,,65449,18,,,1,21,,36419,18,0,10,1,70,,36440,18,0,11 12,1,17,,36424,18,0,10,1,83,,36441,18,0,11 12,1,30,,65448,18,0,14,1
100,'20260828',644,,36453,18,0,10,1,70,,36477,18,0,11 12,1,38,,36454,18,0,10,1,70,,36478,18,0,11 12,1,30,,36455,18,0,10,1,70,,36479,18,0,11 12,1,30,,36456,18,0,10,1,70,,36480,18,0,11 12,1,31,,36457,18,0,10,1,70,,36481,18,0,11 12,1,30,,36458,18,0,10,1,70,,36493,18,0,13,1,30,,36459,18,0,10,1,70,,36482,18,0,11 12,1,30,,36460,18,0,10,1,70,,36483,18,0,11 12,1,30,,36461,18,0,10,1,70,,36484,18,0,11 12,1,30,,36462,18,0,10,1,58,,36474,18,0,14,1,5,,36496,18,0,17 18,1,9,,36495,18,0,13,1,17,,36472,18,0,14,1,4,,36492,18,0,11 12,1,9,,36470,18,0,10,1,57,,36475,18,0,14,1,4,,36497,18,0,17 18,1,9,,36501,18,,,1,17,,36473,18,0,14,1,4,,36498,18,0,17 18,1,9,,36471,18,0,10,1,57,,36476,18,0,15,1,3,,36499,18,0,17 18,1,14,,36485,18,0,11 12,1,24,,36463,18,0,10,1,70,,36494,18,0,13,1,30,,36464,18,0,10,1,70,,36486,18,0,11 12,1,30,,36465,18,0,10,1,70,,36487,18,0,11 12,1,30,,36466,18,0,10,1,70,,36488,18,0,11 12,1,9,,65451,18,,,1,21,,36467,18,0,10,1,70,,36489,18,0,11 12,1,30,,36468,18,0,10,1,70,,36490,18,0,11 12,1,30,,36469,18,0,10,1,70,,36491,18,0,11 12,1
100,'20260829',922,,36535,18,0,11 12,1,30,,36503,18,0,10,1,70,,36536,18,0,11 12,1,30,,36504,18,0,10,1,70,,36537,18,0,11 12,1,30,,36505,18,0,10,1,70,,36538,18,0,11 12,1,30,,36506,18,0,10,1,70,,36539,18,0,11 12,1,30,,36507,18,0,10,1,70,,36540,18,0,11 12,1,30,,36508,18,0,10,1,70,,36550,18,0,13,1,30,,36509,18,0,10,1,55,,36519,18,0,14,1,15,,36541,18,0,11 12,1,15,,36527,18,0,14,1,15,,36510,18,0,10,1,55,,36520,18,0,14,1,15,,36542,18,0,11 12,1,15,,36528,18,0,14,1,15,,36511,18,0,10,1,55,,36521,18,0,14,1,15,,36543,18,0,11 12,1,15,,36529,18,0,14,1,15,,36512,18,0,10,1,55,,36522,18,0,14,1,15,,36544,18,0,11 12,1,15,,36530,18,0,14,1,15,,36513,18,0,10,1,55,,36523,18,0,14,1,15,,36545,18,0,11 12,1,15,,36531,18,0,14,1,15,,36514,18,0,10,1,55,,36524,18,0,14,1,15,,36551,18,0,13,1,15,,36532,18,0,14,1,15,,36515,18,0,10,1,55,,36525,18,0,14,1,15,,36546,18,0,11 12,1,15,,36533,18,0,14,1,15,,36516,18,0,10,1,55,,36526,18,0,14,1,15,,36547,18,0,11 12,1,15,,36534,18,0,14,1,17,,36517,18,0,10,1,70,,36548,18,0,11 12,1,30,,36518,18,0,10,1,70,,36549,18,0,11 12,1
100,'20260830',922,,36588,18,0,11 12,1,30,,36556,18,0,10,1,70,,36589,18,0,11 12,1,30,,36557,18,0,10,1,70,,36590,18,0,11 12,1,30,,36558,18,0,10,1,70,,36591,18,0,11 12,1,30,,36559,18,0,10,1,70,,36592,18,0,11 12,1,30,,36560,18,0,10,1,70,,36593,18,0,11 12,1,30,,36561,18,0,10,1,70,,36603,18,0,13,1,30,,36562,18,0,10,1,55,,36572,18,0,14,1,15,,36594,18,0,11 12,1,15,,36580,18,0,14,1,15,,36563,18,0,10,1,55,,36573,18,0,14,1,15,,36595,18,0,11 12,1,15,,36581,18,0,14,1,15,,36564,18,0,10,1,55,,36574,18,0,14,1,15,,36596,18,0,11 12,1,15,,36582,18,0,14,1,15,,36565,18,0,10,1,55,,36575,18,0,14,1,15,,36597,18,0,11 12,1,15,,36583,18,0,14,1,15,,36566,18,0,10,1,55,,36576,18,0,14,1,15,,36598,18,0,11 12,1,15,,36584,18,0,14,1,15,,36567,18,0,10,1,55,,36577,18,0,14,1,15,,36604,18,0,13,1,15,,36585,18,0,14,1,15,,36568,18,0,10,1,55,,36578,18,0,14,1,15,,36599,18,0,11 12,1,15,,36586,18,0,14,1,15,,36569,18,0,10,1,55,,36579,18,0,14,1,15,,36600,18,0,11 12,1,15,,36587,18,0,14,1,17,,36570,18,0,10,1,70,,36601,18,0,11 12,1,30,,36571,18,0,10,1
100,'20260831',644,,64692,18,0,10,1,70,,64698,18,0,11 12,1,38,,64693,18,0,10,1,70,,64699,18,0,11 12,1,30,,64694,18,0,10,1,70,,36634,18,0,11 12,1,30,,36612,18,0,10,1,70,,36635,18,0,11 12,1,31,,36613,18,0,10,1,70,,36636,18,0,11 12,1,30,,36614,18,0,10,1,70,,64703,18,0,13,1,30,,36615,18,0,10,1,70,,36637,18,0,11 12,1,30,,36616,18,0,10,1,70,,36638,18,0,11 12,1,30,,36617,18,0,10,1,70,,64700,18,0,11 12,1,30,,36618,18,0,10,1,58,,36629,18,0,14,1,5,,64706,18,0,17 18,1,9,,64705,18,0,13,1,17,,36626,18,0,14,1,4,,64702,18,0,11 12,1,9,,64695,18,0,10,1,57,,36630,18,0,14,1,4,,64707,18,0,17 18,1,9,,36655,18,,,1,17,,36627,18,0,14,1,4,,64708,18,0,17 18,1,9,,64696,18,0,10,1,57,,36631,18,0,15,1,3,,64709,18,0,17 18,1,14,,36640,18,0,11 12,1,24,,36619,18,0,10,1,70,,64704,18,0,13,1,30,,36620,18,0,10,1,70,,36641,18,0,11 12,1,30,,36621,18,0,10,1,70,,64701,18,0,11 12,1,30,,36622,18,0,10,1,70,,36643,18,0,11 12,1,9,,65460,18,,,1,21,,36623,18,0,10,1,70,,36644,18,0,11 12,1,17,,64697,18,0,10,1,83,,36645,18,0,11 12,1,30,,65459,18,0,14,1
100,'20260901',644,,36657,18,0,10,1,70,,36680,18,0,11 12,1,38,,36658,18,0,10,1,70,,36681,18,0,11 12,1,30,,36659,18,0,10,1,70,,36682,18,0,11 12,1,30,,36660,18,0,10,1,70,,36683,18,0,11 12,1,31,,36661,18,0,10,1,70,,36684,18,0,11 12,1,30,,36662,18,0,10,1,70,,36695,18,0,13,1,30,,36663,18,0,10,1,70,,36685,18,0,11 12,1,30,,36664,18,0,10,1,70,,36686,18,0,11 12,1,30,,36665,18,0,10,1,70,,36687,18,0,11 12,1,30,,36666,18,0,10,1,58,,36677,18,0,14,1,5,,36698,18,0,17 18,1,9,,36697,18,0,13,1,17,,36674,18,0,14,1,4,,36694,18,0,11 12,1,9,,36672,18,0,10,1,57,,36678,18,0,14,1,4,,36699,18,0,17 18,1,9,,36703,18,,,1,17,,36675,18,0,14,1,4,,36700,18,0,17 18,1,9,,36673,18,0,10,1,57,,36679,18,0,15,1,3,,36701,18,0,17 18,1,14,,36688,18,0,11 12,1,24,,36667,18,0,10,1,70,,36696,18,0,13,1,30,,36668,18,0,10,1,70,,36689,18,0,11 12,1,30,,36669,18,0,10,1,70,,36690,18,0,11 12,1,30,,36670,18,0,10,1,70,,36691,18,0,11 12,1,9,,65463,18,,,1,21,,36671,18,0,10,1,70,,36692,18,0,11 12,1,17,,36676,18,0,10,1,83,,36693,18,0,11 12,1,30,,65462,18,0,14,1
100,'20260902',644,,36705,18,0,10,1,70,,36728,18,0,11 12,1,38,,36706,18,0,10,1,70,,36729,18,0,11 12,1,30,,36707,18,0,10,1,70,,36730,18,0,11 12,1,30,,36708,18,0,10,1,70,,36731,18,0,11 12,1,31,,36709,18,0,10,1,70,,36732,18,0,11 12,1,30,,36710,18,0,10,1,70,,36743,18,0,13,1,30,,36711,18,0,10,1,70,,36733,18,0,11 12,1,30,,36712,18,0,10,1,70,,36734,18,0,11 12,1,30,,36713,18,0,10,1,70,,36735,18,0,11 12,1,30,,36714,18,0,10,1,58,,36725,18,0,14,1,5,,36746,18,0,17 18,1,9,,36745,18,0,13,1,17,,36722,18,0,14,1,4,,36742,18,0,11 12,1,9,,36720,18,0,10,1,57,,36726,18,0,14,1,4,,36747,18,0,17 18,1,9,,36751,18,,,1,17,,36723,18,0,14,1,4,,36748,18,0,17 18,1,9,,36721,18,0,10,1,57,,36727,18,0,15,1,3,,36749,18,0,17 18,1,14,,36736,18,0,11 12,1,24,,36715,18,0,10,1,70,,36744,18,0,13,1,30,,36716,18,0,10,1,70,,36737,18,0,11 12,1,30,,36717,18,0,10,1,70,,36738,18,0,11 12,1,30,,36718,18,0,10,1,70,,36739,18,0,11 12,1,9,,65466,18,,,1,21,,36719,18,0,10,1,70,,36740,18,0,11 12,1,17,,36724,18,0,10,1,83,,36741,18,0,11 12,1,30,,65465,18,0,14,1
100,'20260903',644,,36753,18,0,10,1,70,,36776,18,0,11 12,1,38,,36754,18,0,10,1,70,,36777,18,0,11 12,1,30,,36755,18,0,10,1,70,,36778,18,0,11 12,1,30,,36756,18,0,10,1,70,,36779,18,0,11 12,1,31,,36757,18,0,10,1,70,,36780,18,0,11 12,1,30,,36758,18,0,10,1,70,,36791,18,0,13,1,30,,36759,18,0,10,1,70,,36781,18,0,11 12,1,30,,36760,18,0,10,1,70,,36782,18,0,11 12,1,30,,36761,18,0,10,1,70,,36783,18,0,11 12,1,30,,36762,18,0,10,1,58,,36773,18,0,14,1,5,,36794,18,0,17 18,1,9,,36793,18,0,13,1,17,,36770,18,0,14,1,4,,36790,18,0,11 12,1,9,,36768,18,0,10,1,57,,36774,18,0,14,1,4,,36795,18,0,17 18,1,9,,36799,18,,,1,17,,36771,18,0,14,1,4,,36796,18,0,17 18,1,9,,36769,18,0,10,1,57,,36775,18,0,15,1,3,,36797,18,0,17 18,1,14,,36784,18,0,11 12,1,24,,36763,18,0,10,1,70,,36792,18,0,13,1,30,,36764,18,0,10,1,70,,36785,18,0,11 12,1,30,,36765,18,0,10,1,70,,36786,18,0,11 12,1,30,,36766,18,0,10,1,70,,36787,18,0,11 12,1,9,,65469,18,,,1,21,,36767,18,0,10,1,70,,36788,18,0,11 12,1,17,,36772,18,0,10,1,83,,36789,18,0,11 12,1,30,,65468,18,0,14,1
100,'20260904',644,,36801,18,0,10,1,70,,36825,18,0,11 12,1,38,,36802,18,0,10,1,70,,36826,18,0,11 12,1,30,,36803,18,0,10,1,70,,36827,18,0,11 12,1,30,,36804,18,0,10,1,70,,36828,18,0,11 12,1,31,,36805,18,0,10,1,70,,36829,18,0,11 12,1,30,,36806,18,0,10,1,70,,36841,18,0,13,1,30,,36807,18,0,10,1,70,,36830,18,0,11 12,1,30,,36808,18,0,10,1,70,,36831,18,0,11 12,1,30,,36809,18,0,10,1,70,,36832,18,0,11 12,1,30,,36810,18,0,10,1,58,,36822,18,0,14,1,5,,36844,18,0,17 18,1,9,,36843,18,0,13,1,17,,36820,18,0,14,1,4,,36840,18,0,11 12,1,9,,36818,18,0,10,1,57,,36823,18,0,14,1,4,,36845,18,0,17 18,1,9,,36849,18,,,1,17,,36821,18,0,14,1,4,,36846,18,0,17 18,1,9,,36819,18,0,10,1,57,,36824,18,0,15,1,3,,36847,18,0,17 18,1,14,,36833,18,0,11 12,1,24,,36811,18,0,10,1,70,,36842,18,0,13,1,30,,36812,18,0,10,1,70,,36834,18,0,11 12,1,30,,36813,18,0,10,1,70,,36835,18,0,11 12,1,30,,36814,18,0,10,1,70,,36836,18,0,11 12,1,9,,65471,18,,,1,21,,36815,18,0,10,1,70,,36837,18,0,11 12,1,30,,36816,18,0,10,1,70,,36838,18,0,11 12,1,30,,36817,18,0,10,1,70,,36839,18,0,11 12,1
101,'20260814',524,,40580,17,,,1,30,,40604,24,,,1,65,,40581,17,,,1,17,,40623,26,,,1,15,,40621,28,,,1,7,,40601,9,,,1,48,,40624,26,,,1,15,,40599,17,,,1,7,,40597,9,,,1,8,,40625,26,,,1,16,,40622,28,,,1,7,,40602,9,,,1,47,,40626,26,,,1,15,,40600,17,,,1,7,,40598,9,,,1,10,,40627,41,,,1,6,,40603,9,,,1,64,,40605,24,,,1,30,,40582,17,,,1,70,,40606,24,,,1,30,,40583,17,,,1,70,,40607,24,,,1,30,,40584,17,,,1,70,,40619,28,,,1,30,,40585,17,,,1,70,,40608,24,,,1,30,,40586,17,,,1,70,,40609,24,,,1,30,,40587,17,,,1,70,,40610,24,,,1,30,,40588,17,,,1,71,,40611,24,,,1,30,,40589,17,,,1,68,,40612,24,,,1,32,,40590,17,,,1,68,,40613,24,,,1,30,,40591,17,,,1,71,,40614,24,,,1,29,,40592,17,,,1,70,,40620,28,,,1,30,,40593,17,,,1,70,,40615,24,,,1,30,,40594,17,,,1,70,,40616,24,,,1,30,,40595,17,,,1,70,,40617,24,,,1,30,,40596,17,,,1,70,,40618,24,,,1
101,'20260815',743,,65472,11,,,1,65,,40675,28,,,1,30,,40630,17,,,1,70,,40676,28,,,1,30,,40631,17,,,1,70,,40677,28,,,1,30,,40632,17,,,1,70,,40663,24,,,1,30,,40633,17,,,1,70,,40678,28,,,1,30,,40634,17,,,1,70,,40664,24,,,1,30,,40635,17,,,1,70,,40665,24,,,1,30,,40636,17,,,1,15,,40654,5,,,1,55,,40666,24,,,1,15,,40646,5,,,1,15,,40637,17,,,1,15,,40655,5,,,1,55,,40667,24,,,1,15,,40647,5,,,1,15,,40638,17,,,1,15,,40656,5,,,1,55,,40668,24,,,1,15,,40648,5,,,1,15,,40639,17,,,1,15,,40657,5,,,1,55,,40669,24,,,1,15,,40649,5,,,1,15,,40640,17,,,1,15,,40658,5,,,1,55,,40670,24,,,1,15,,40650,5,,,1,15,,40641,17,,,1,15,,40659,5,,,1,55,,40679,28,,,1,15,,40651,5,,,1,15,,40642,17,,,1,15,,40660,5,,,1,55,,40671,24,,,1,15,,40652,5,,,1,15,,40643,17,,,1,15,,40661,5,,,1,55,,40672,24,,,1,15,,40653,5,,,1,15,,40644,17,,,1,15,,40662,5,,,1,55,,40673,24,,,1,30,,40645,17,,,1,70,,40674,24,,,1
101,'20260816',713,,65490,11,,,1,95,,40729,28,,,1,30,,40684,17,,,1,70,,40730,28,,,1,30,,40685,17,,,1,70,,40731,28,,,1,30,,40686,17,,,1,70,,40717,24,,,1,30,,40687,17,,,1,70,,40732,28,,,1,30,,40688,17,,,1,70,,40718,24,,,1,30,,40689,17,,,1,70,,40719,24,,,1,30,,40690,17,,,1,15,,65481,5,,,1,55,,40720,24,,,1,15,,65473,5,,,1,15,,40691,17,,,1,15,,65482,5,,,1,55,,40721,24,,,1,15,,65474,5,,,1,15,,40692,17,,,1,15,,65483,5,,,1,55,,40722,24,,,1,15,,65475,5,,,1,15,,40693,17,,,1,15,,65484,5,,,1,55,,40723,24,,,1,15,,65476,5,,,1,15,,40694,17,,,1,15,,65485,5,,,1,55,,40724,24,,,1,15,,65477,5,,,1,15,,40695,17,,,1,15,,65486,5,,,1,55,,40733,28,,,1,15,,65478,5,,,1,15,,40696,17,,,1,15,,65487,5,,,1,55,,40725,24,,,1,15,,65479,5,,,1,15,,40697,17,,,1,15,,65488,5,,,1,55,,40726,24,,,1,15,,65480,5,,,1,15,,40698,17,,,1,15,,65489,5,,,1,55,,40727,24,,,1,30,,40699,17,,,1
101,'20260817',524,,64732,17,,,1,30,,64741,24,,,1,70,,64733,17,,,1,12,,64746,26,,,1,15,,64744,28,,,1,7,,64738,9,,,1,48,,64747,26,,,1,15,,64736,17,,,1,7,,64734,9,,,1,8,,64748,26,,,1,16,,64745,28,,,1,7,,64739,9,,,1,47,,64749,26,,,1,15,,64737,17,,,1,7,,64735,9,,,1,10,,64750,41,,,1,6,,64740,9,,,1,64,,64742,24,,,1,30,,40740,17,,,1,70,,64743,24,,,1,30,,40741,17,,,1,70,,40765,24,,,1,30,,40742,17,,,1,70,,40775,28,,,1,30,,40743,17,,,1,70,,40766,24,,,1,30,,40744,17,,,1,70,,40767,24,,,1,30,,40745,17,,,1,70,,40768,24,,,1,30,,40746,17,,,1,71,,40769,24,,,1,30,,40747,17,,,1,68,,40770,24,,,1,32,,40748,17,,,1,68,,40771,24,,,1,30,,40749,17,,,1,71,,40772,24,,,1,29,,40750,17,,,1,70,,40776,28,,,1,30,,40751,17,,,1,70,,40773,24,,,1,30,,40752,17,,,1,70,,40774,24,,,1,30,,40753,17,,,1,100,,40754,17,,,1
101,'20260818',524,,40786,17,,,1,30,,40810,24,,,1,70,,40787,17,,,1,12,,40827,26,,,1,15,,40825,28,,,1,7,,40807,9,,,1,48,,40828,26,,,1,15,,40805,17,,,1,7,,40803,9,,,1,8,,40829,26,,,1,16,,40826,28,,,1,7,,40808,9,,,1,47,,40830,26,,,1,15,,40806,17,,,1,7,,40804,9,,,1,10,,40831,41,,,1,6,,40809,9,,,1,64,,40811,24,,,1,30,,40788,17,,,1,70,,40812,24,,,1,30,,40789,17,,,1,70,,40813,24,,,1,30,,40790,17,,,1,70,,40823,28,,,1,30,,40791,17,,,1,70,,40814,24,,,1,30,,40792,17,,,1,70,,40815,24,,,1,30,,40793,17,,,1,70,,40816,24,,,1,30,,40794,17,,,1,71,,40817,24,,,1,30,,40795,17,,,1,68,,40818,24,,,1,32,,40796,17,,,1,68,,40819,24,,,1,30,,40797,17,,,1,71,,40820,24,,,1,29,,40798,17,,,1,70,,40824,28,,,1,30,,40799,17,,,1,70,,40821,24,,,1,30,,40800,17,,,1,70,,40822,24,,,1,30,,40801,17,,,1,100,,40802,17,,,1
101,'20260819',524,,40834,17,,,1,30,,40858,24,,,1,70,,40835,17,,,1,12,,40875,26,,,1,15,,40873,28,,,1,7,,40855,9,,,1,48,,40876,26,,,1,15,,40853,17,,,1,7,,40851,9,,,1,8,,40877,26,,,1,16,,40874,28,,,1,7,,40856,9,,,1,47,,40878,26,,,1,15,,40854,17,,,1,7,,40852,9,,,1,10,,40879,41,,,1,6,,40857,9,,,1,64,,40859,24,,,1,30,,40836,17,,,1,70,,40860,24,,,1,30,,40837,17,,,1,70,,40861,24,,,1,30,,40838,17,,,1,70,,40871,28,,,1,30,,40839,17,,,1,70,,40862,24,,,1,30,,40840,17,,,1,70,,40863,24,,,1,30,,40841,17,,,1,70,,40864,24,,,1,30,,40842,17,,,1,71,,40865,24,,,1,30,,40843,17,,,1,68,,40866,24,,,1,32,,40844,17,,,1,68,,40867,24,,,1,30,,40845,17,,,1,71,,40868,24,,,1,29,,40846,17,,,1,70,,40872,28,,,1,30,,40847,17,,,1,70,,40869,24,,,1,30,,40848,17,,,1,70,,40870,24,,,1,30,,40849,17,,,1,100,,40850,17,,,1
101,'20260820',524,,40882,17,,,1,30,,40906,24,,,1,70,,40883,17,,,1,12,,40923,26,,,1,15,,40921,28,,,1,7,,40903,9,,,1,48,,40924,26,,,1,15,,40901,17,,,1,7,,40899,9,,,1,8,,40925,26,,,1,16,,40922,28,,,1,7,,40904,9,,,1,47,,40926,26,,,1,15,,40902,17,,,1,7,,40900,9,,,1,10,,40927,41,,,1,6,,40905,9,,,1,64,,40907,24,,,1,30,,40884,17,,,1,70,,40908,24,,,1,30,,40885,17,,,1,70,,40909,24,,,1,30,,40886,17,,,1,70,,40919,28,,,1,30,,40887,17,,,1,70,,40910,24,,,1,30,,40888,17,,,1,70,,40911,24,,,1,30,,40889,17,,,1,70,,40912,24,,,1,30,,40890,17,,,1,71,,40913,24,,,1,30,,40891,17,,,1,68,,40914,24,,,1,32,,40892,17,,,1,68,,40915,24,,,1,30,,40893,17,,,1,71,,40916,24,,,1,29,,40894,17,,,1,70,,40920,28,,,1,30,,40895,17,,,1,70,,40917,24,,,1,30,,40896,17,,,1,70,,40918,24,,,1,30,,40897,17,,,1,100,,40898,17,,,1
101,'20260821',524,,40930,17,,,1,30,,40954,24,,,1,70,,40931,17,,,1,12,,40973,26,,,1,15,,40971,28,,,1,7,,40951,9,,,1,48,,40974,26,,,1,15,,40949,17,,,1,7,,40947,9,,,1,8,,40975,26,,,1,16,,40972,28,,,1,7,,40952,9,,,1,47,,40976,26,,,1,15,,40950,17,,,1,7,,40948,9,,,1,10,,40977,41,,,1,6,,40953,9,,,1,64,,40955,24,,,1,29,,40932,17,,,1,70,,40956,24,,,1,30,,40933,17,,,1,70,,40957,24,,,1,30,,40934,17,,,1,70,,40969,28,,,1,30,,40935,17,,,1,70,,40958,24,,,1,30,,40936,17,,,1,70,,40959,24,,,1,30,,40937,17,,,1,70,,40960,24,,,1,30,,40938,17,,,1,71,,40961,24,,,1,30,,40939,17,,,1,69,,40962,24,,,1,31,,40940,17,,,1,69,,40963,24,,,1,30,,40941,17,,,1,71,,40964,24,,,1,29,,40942,17,,,1,70,,40970,28,,,1,30,,40943,17,,,1,70,,40965,24,,,1,30,,40944,17,,,1,70,,40966,24,,,1,30,,40945,17,,,1,70,,40967,24,,,1,30,,40946,17,,,1,70,,40968,24,,,1
101,'20260822',808,,41025,28,,,1,30,,40980,17,,,1,70,,41026,28,,,1,30,,40981,17,,,1,70,,41027,28,,,1,30,,40982,17,,,1,70,,41013,24,,,1,30,,40983,17,,,1,70,,41028,28,,,1,30,,40984,17,,,1,70,,41014,24,,,1,30,,40985,17,,,1,70,,41015,24,,,1,30,,40986,17,,,1,15,,41004,5,,,1,55,,41016,24,,,1,15,,40996,5,,,1,15,,40987,17,,,1,15,,41005,5,,,1,55,,41017,24,,,1,15,,40997,5,,,1,15,,40988,17,,,1,15,,41006,5,,,1,55,,41018,24,,,1,15,,40998,5,,,1,15,,40989,17,,,1,15,,41007,5,,,1,55,,41019,24,,,1,15,,40999,5,,,1,15,,40990,17,,,1,15,,41008,5,,,1,55,,41020,24,,,1,15,,41000,5,,,1,15,,40991,17,,,1,15,,41009,5,,,1,55,,41029,28,,,1,15,,41001,5,,,1,15,,40992,17,,,1,15,,41010,5,,,1,55,,41021,24,,,1,15,,41002,5,,,1,15,,40993,17,,,1,15,,41011,5,,,1,55,,41022,24,,,1,15,,41003,5,,,1,15,,40994,17,,,1,15,,41012,5,,,1,55,,41023,24,,,1,30,,40995,17,,,1,70,,41024,24,,,1
101,'20260823',808,,41079,28,,,1,30,,41034,17,,,1,70,,41080,28,,,1,30,,41035,17,,,1,70,,41081,28,,,1,30,,41036,17,,,1,70,,41067,24,,,1,30,,41037,17,,,1,70,,41082,28,,,1,30,,41038,17,,,1,70,,41068,24,,,1,30,,41039,17,,,1,70,,41069,24,,,1,30,,41040,17,,,1,15,,41058,5,,,1,55,,41070,24,,,1,15,,41050,5,,,1,15,,41041,17,,,1,15,,41059,5,,,1,55,,41071,24,,,1,15,,41051,5,,,1,15,,41042,17,,,1,15,,41060,5,,,1,55,,41072,24,,,1,15,,41052,5,,,1,15,,41043,17,,,1,15,,41061,5,,,1,55,,41073,24,,,1,15,,41053,5,,,1,15,,41044,17,,,1,15,,41062,5,,,1,55,,41074,24,,,1,15,,41054,5,,,1,15,,41045,17,,,1,15,,41063,5,,,1,55,,41083,28,,,1,15,,41055,5,,,1,15,,41046,17,,,1,15,,41064,5,,,1,55,,41075,24,,,1,15,,41056,5,,,1,15,,41047,17,,,1,15,,41065,5,,,1,55,,41076,24,,,1,15,,41057,5,,,1,15,,41048,17,,,1,15,,41066,5,,,1,55,,41077,24,,,1,30,,41049,17,,,1
101,'20260824',524,,64753,17,,,1,30,,64762,24,,,1,70,,64754,17,,,1,12,,64767,26,,,1,15,,64765,28,,,1,7,,64759,9,,,1,48,,64768,26,,,1,15,,64757,17,,,1,7,,64755,9,,,1,8,,64769,26,,,1,16,,64766,28,,,1,7,,64760,9,,,1,47,,64770,26,,,1,15,,64758,17,,,1,7,,64756,9,,,1,10,,64771,41,,,1,6,,64761,9,,,1,64,,64763,24,,,1,29,,41090,17,,,1,70,,64764,24,,,1,30,,41091,17,,,1,70,,41115,24,,,1,30,,41092,17,,,1,70,,41125,28,,,1,30,,41093,17,,,1,70,,41116,24,,,1,30,,41094,17,,,1,70,,41117,24,,,1,30,,41095,17,,,1,70,,41118,24,,,1,30,,41096,17,,,1,71,,41119,24,,,1,30,,41097,17,,,1,69,,41120,24,,,1,31,,41098,17,,,1,69,,41121,24,,,1,30,,41099,17,,,1,71,,41122,24,,,1,29,,41100,17,,,1,70,,41126,28,,,1,30,,41101,17,,,1,70,,41123,24,,,1,30,,41102,17,,,1,70,,41124,24,,,1,30,,41103,17,,,1,70,,65501,24,,,1,30,,41104,17,,,1
101,'20260825',524,,41136,17,,,1,30,,41160,24,,,1,70,,41137,17,,,1,12,,41177,26,,,1,15,,41175,28,,,1,7,,41157,9,,,1,48,,41178,26,,,1,15,,41155,17,,,1,7,,41153,9,,,1,8,,41179,26,,,1,16,,41176,28,,,1,7,,41158,9,,,1,47,,41180,26,,,1,15,,41156,17,,,1,7,,41154,9,,,1,10,,41181,41,,,1,6,,41159,9,,,1,64,,41161,24,,,1,29,,41138,17,,,1,70,,41162,24,,,1,30,,41139,17,,,1,70,,41163,24,,,1,30,,41140,17,,,1,70,,41173,28,,,1,30,,41141,17,,,1,70,,41164,24,,,1,30,,41142,17,,,1,70,,41165,24,,,1,30,,41143,17,,,1,70,,41166,24,,,1,30,,41144,17,,,1,71,,41167,24,,,1,30,,41145,17,,,1,69,,41168,24,,,1,31,,41146,17,,,1,69,,41169,24,,,1,30,,41147,17,,,1,71,,41170,24,,,1,29,,41148,17,,,1,70,,41174,28,,,1,30,,41149,17,,,1,70,,41171,24,,,1,30,,41150,17,,,1,70,,41172,24,,,1,30,,41151,17,,,1,70,,65509,24,,,1,30,,41152,17,,,1
101,'20260826',524,,41184,17,,,1,30,,41208,24,,,1,70,,41185,17,,,1,12,,41225,26,,,1,15,,41223,28,,,1,7,,41205,9,,,1,48,,41226,26,,,1,15,,41203,17,,,1,7,,41201,9,,,1,8,,41227,26,,,1,16,,41224,28,,,1,7,,41206,9,,,1,47,,41228,26,,,1,15,,41204,17,,,1,7,,41202,9,,,1,10,,41229,41,,,1,6,,41207,9,,,1,64,,41209,24,,,1,29,,41186,17,,,1,70,,41210,24,,,1,30,,41187,17,,,1,70,,41211,24,,,1,30,,41188,17,,,1,70,,41221,28,,,1,30,,41189,17,,,1,70,,41212,24,,,1,30,,41190,17,,,1,70,,41213,24,,,1,30,,41191,17,,,1,70,,41214,24,,,1,30,,41192,17,,,1,71,,41215,24,,,1,30,,41193,17,,,1,69,,41216,24,,,1,31,,41194,17,,,1,69,,41217,24,,,1,30,,41195,17,,,1,71,,41218,24,,,1,29,,41196,17,,,1,70,,41222,28,,,1,30,,41197,17,,,1,70,,41219,24,,,1,30,,41198,17,,,1,70,,41220,24,,,1,30,,41199,17,,,1,70,,65517,24,,,1,30,,41200,17,,,1
101,'20260827',524,,41232,17,,,1,30,,41256,24,,,1,70,,41233,17,,,1,12,,41273,26,,,1,15,,41271,28,,,1,7,,41253,9,,,1,48,,41274,26,,,1,15,,41251,17,,,1,7,,41249,9,,,1,8,,41275,26,,,1,16,,41272,28,,,1,7,,41254,9,,,1,47,,41276,26,,,1,15,,41252,17,,,1,7,,41250,9,,,1,10,,41277,41,,,1,6,,41255,9,,,1,64,,41257,24,,,1,29,,41234,17,,,1,70,,41258,24,,,1,30,,41235,17,,,1,70,,41259,24,,,1,30,,41236,17,,,1,70,,41269,28,,,1,30,,41237,17,,,1,70,,41260,24,,,1,30,,41238,17,,,1,70,,41261,24,,,1,30,,41239,17,,,1,70,,41262,24,,,1,30,,41240,17,,,1,71,,41263,24,,,1,30,,41241,17,,,1,69,,41264,24,,,1,31,,41242,17,,,1,69,,41265,24,,,1,30,,41243,17,,,1,71,,41266,24,,,1,29,,41244,17,,,1,70,,41270,28,,,1,30,,41245,17,,,1,70,,41267,24,,,1,30,,41246,17,,,1,70,,41268,24,,,1,30,,41247,17,,,1,70,,65525,24,,,1,30,,41248,17,,,1
101,'20260828',524,,41280,17,,,1,30,,41304,24,,,1,70,,41281,17,,,1,12,,41323,26,,,1,15,,41321,28,,,1,7,,41301,9,,,1,48,,41324,26,,,1,15,,41299,17,,,1,7,,41297,9,,,1,8,,41325,26,,,1,16,,41322,28,,,1,7,,41302,9,,,1,47,,41326,26,,,1,15,,41300,17,,,1,7,,41298,9,,,1,10,,41327,41,,,1,6,,41303,9,,,1,64,,41305,24,,,1,29,,41282,17,,,1,70,,41306,24,,,1,30,,41283,17,,,1,70,,41307,24,,,1,30,,41284,17,,,1,70,,41319,28,,,1,30,,41285,17,,,1,70,,41308,24,,,1,30,,41286,17,,,1,70,,41309,24,,,1,30,,41287,17,,,1,70,,41310,24,,,1,30,,41288,17,,,1,71,,41311,24,,,1,30,,41289,17,,,1,69,,41312,24,,,1,31,,41290,17,,,1,69,,41313,24,,,1,30,,41291,17,,,1,71,,41314,24,,,1,29,,41292,17,,,1,70,,41320,28,,,1,30,,41293,17,,,1,70,,41315,24,,,1,30,,41294,17,,,1,70,,41316,24,,,1,30,,41295,17,,,1,70,,41317,24,,,1,30,,41296,17,,,1,70,,41318,24,,,1
101,'20260829',808,,41375,28,,,1,30,,41330,17,,,1,70,,41376,28,,,1,30,,41331,17,,,1,70,,41377,28,,,1,30,,41332,17,,,1,70,,41363,24,,,1,30,,41333,17,,,1,70,,41378,28,,,1,30,,41334,17,,,1,70,,41364,24,,,1,30,,41335,17,,,1,70,,41365,24,,,1,30,,41336,17,,,1,15,,41354,5,,,1,55,,41366,24,,,1,15,,41346,5,,,1,15,,41337,17,,,1,15,,41355,5,,,1,55,,41367,24,,,1,15,,41347,5,,,1,15,,41338,17,,,1,15,,41356,5,,,1,55,,41368,24,,,1,15,,41348,5,,,1,15,,41339,17,,,1,15,,41357,5,,,1,55,,41369,24,,,1,15,,41349,5,,,1,15,,41340,17,,,1,15,,41358,5,,,1,55,,41370,24,,,1,15,,41350,5,,,1,15,,41341,17,,,1,15,,41359,5,,,1,55,,41379,28,,,1,15,,41351,5,,,1,15,,41342,17,,,1,15,,41360,5,,,1,55,,41371,24,,,1,15,,41352,5,,,1,15,,41343,17,,,1,15,,41361,5,,,1,55,,41372,24,,,1,15,,41353,5,,,1,15,,41344,17,,,1,15,,41362,5,,,1,55,,41373,24,,,1,30,,41345,17,,,1,70,,41374,24,,,1
101,'20260830',808,,41429,28,,,1,30,,41384,17,,,1,70,,41430,28,,,1,30,,41385,17,,,1,70,,41431,28,,,1,30,,41386,17,,,1,70,,41417,24,,,1,30,,41387,17,,,1,70,,41432,28,,,1,30,,41388,17,,,1,70,,41418,24,,,1,30,,41389,17,,,1,70,,41419,24,,,1,30,,41390,17,,,1,15,,41408,5,,,1,55,,41420,24,,,1,15,,41400,5,,,1,15,,41391,17,,,1,15,,41409,5,,,1,55,,41421,24,,,1,15,,41401,5,,,1,15,,41392,17,,,1,15,,41410,5,,,1,55,,41422,24,,,1,15,,41402,5,,,1,15,,41393,17,,,1,15,,41411,5,,,1,55,,41423,24,,,1,15,,41403,5,,,1,15,,41394,17,,,1,15,,41412,5,,,1,55,,41424,24,,,1,15,,41404,5,,,1,15,,41395,17,,,1,15,,41413,5,,,1,55,,41433,28,,,1,15,,41405,5,,,1,15,,41396,17,,,1,15,,41414,5,,,1,55,,41425,24,,,1,15,,41406,5,,,1,15,,41397,17,,,1,15,,41415,5,,,1,55,,41426,24,,,1,15,,41407,5,,,1,15,,41398,17,,,1,15,,41416,5,,,1,55,,41427,24,,,1,30,,41399,17,,,1
101,'20260831',524,,64774,17,,,1,30,,64783,24,,,1,70,,64775,17,,,1,12,,64788,26,,,1,15,,64786,28,,,1,7,,64780,9,,,1,48,,64789,26,,,1,15,,64778,17,,,1,7,,64776,9,,,1,8,,64790,26,,,1,16,,64787,28,,,1,7,,64781,9,,,1,47,,64791,26,,,1,15,,64779,17,,,1,7,,64777,9,,,1,10,,64792,41,,,1,6,,64782,9,,,1,64,,64784,24,,,1,29,,41440,17,,,1,70,,64785,24,,,1,30,,41441,17,,,1,70,,41465,24,,,1,30,,41442,17,,,1,70,,41475,28,,,1,30,,41443,17,,,1,70,,41466,24,,,1,30,,41444,17,,,1,70,,41467,24,,,1,30,,41445,17,,,1,70,,41468,24,,,1,30,,41446,17,,,1,71,,41469,24,,,1,30,,41447,17,,,1,69,,41470,24,,,1,31,,41448,17,,,1,69,,41471,24,,,1,30,,41449,17,,,1,71,,41472,24,,,1,29,,41450,17,,,1,70,,41476,28,,,1,30,,41451,17,,,1,70,,41473,24,,,1,30,,41452,17,,,1,70,,41474,24,,,1,30,,41453,17,,,1,70,,65542,24,,,1,30,,41454,17,,,1
101,'20260901',524,,41486,17,,,1,30,,41510,24,,,1,70,,41487,17,,,1,12,,41527,26,,,1,15,,41525,28,,,1,7,,41507,9,,,1,48,,41528,26,,,1,15,,41505,17,,,1,7,,41503,9,,,1,8,,41529,26,,,1,16,,41526,28,,,1,7,,41508,9,,,1,47,,41530,26,,,1,15,,41506,17,,,1,7,,41504,9,,,1,10,,41531,41,,,1,6,,41509,9,,,1,64,,41511,24,,,1,29,,41488,17,,,1,70,,41512,24,,,1,30,,41489,17,,,1,70,,41513,24,,,1,30,,41490,17,,,1,70,,41523,28,,,1,30,,41491,17,,,1,70,,41514,24,,,1,30,,41492,17,,,1,70,,41515,24,,,1,30,,41493,17,,,1,70,,41516,24,,,1,30,,41494,17,,,1,71,,41517,24,,,1,30,,41495,17,,,1,69,,41518,24,,,1,31,,41496,17,,,1,69,,41519,24,,,1,30,,41497,17,,,1,71,,41520,24,,,1,29,,41498,17,,,1,70,,41524,28,,,1,30,,41499,17,,,1,70,,41521,24,,,1,30,,41500,17,,,1,70,,41522,24,,,1,30,,41501,17,,,1,70,,65550,24,,,1,30,,41502,17,,,1
101,'20260902',524,,41534,17,,,1,30,,41558,24,,,1,70,,41535,17,,,1,12,,41575,26,,,1,15,,41573,28,,,1,7,,41555,9,,,1,48,,41576,26,,,1,15,,41553,17,,,1,7,,41551,9,,,1,8,,41577,26,,,1,16,,41574,28,,,1,7,,41556,9,,,1,47,,41578,26,,,1,15,,41554,17,,,1,7,,41552,9,,,1,10,,41579,41,,,1,6,,41557,9,,,1,64,,41559,24,,,1,29,,41536,17,,,1,70,,41560,24,,,1,30,,41537,17,,,1,70,,41561,24,,,1,30,,41538,17,,,1,70,,41571,28,,,1,30,,41539,17,,,1,70,,41562,24,,,1,30,,41540,17,,,1,70,,41563,24,,,1,30,,41541,17,,,1,70,,41564,24,,,1,30,,41542,17,,,1,71,,41565,24,,,1,30,,41543,17,,,1,69,,41566,24,,,1,31,,41544,17,,,1,69,,41567,24,,,1,30,,41545,17,,,1,71,,41568,24,,,1,29,,41546,17,,,1,70,,41572,28,,,1,30,,41547,17,,,1,70,,41569,24,,,1,30,,41548,17,,,1,70,,41570,24,,,1,30,,41549,17,,,1,70,,65558,24,,,1,30,,41550,17,,,1
101,'20260903',524,,41582,17,,,1,30,,41606,24,,,1,70,,41583,17,,,1,12,,41623,26,,,1,15,,41621,28,,,1,7,,41603,9,,,1,48,,41624,26,,,1,15,,41601,17,,,1,7,,41599,9,,,1,8,,41625,26,,,1,16,,41622,28,,,1,7,,41604,9,,,1,47,,41626,26,,,1,15,,41602,17,,,1,7,,41600,9,,,1,10,,41627,41,,,1,6,,41605,9,,,1,64,,41607,24,,,1,29,,41584,17,,,1,70,,41608,24,,,1,30,,41585,17,,,1,70,,41609,24,,,1,30,,41586,17,,,1,70,,41619,28,,,1,30,,41587,17,,,1,70,,41610,24,,,1,30,,41588,17,,,1,70,,41611,24,,,1,30,,41589,17,,,1,70,,41612,24,,,1,30,,41590,17,,,1,71,,41613,24,,,1,30,,41591,17,,,1,69,,41614,24,,,1,31,,41592,17,,,1,69,,41615,24,,,1,30,,41593,17,,,1,71,,41616,24,,,1,29,,41594,17,,,1,70,,41620,28,,,1,30,,41595,17,,,1,70,,41617,24,,,1,30,,41596,17,,,1,70,,41618,24,,,1,30,,41597,17,,,1,70,,65566,24,,,1,30,,41598,17,,,1
101,'20260904',524,,41630,17,,,1,30,,41654,24,,,1,70,,41631,17,,,1,12,,41673,26,,,1,15,,41671,28,,,1,7,,41651,9,,,1,48,,41674,26,,,1,15,,41649,17,,,1,7,,41647,9,,,1,8,,41675,26,,,1,16,,41672,28,,,1,7,,41652,9,,,1,47,,41676,26,,,1,15,,41650,17,,,1,7,,41648,9,,,1,10,,41677,41,,,1,6,,41653,9,,,1,64,,41655,24,,,1,29,,41632,17,,,1,70,,41656,24,,,1,30,,41633,17,,,1,70,,41657,24,,,1,30,,41634,17,,,1,70,,41669,28,,,1,30,,41635,17,,,1,70,,41658,24,,,1,30,,41636,17,,,1,70,,41659,24,,,1,30,,41637,17,,,1,70,,41660,24,,,1,30,,41638,17,,,1,71,,41661,24,,,1,30,,41639,17,,,1,69,,41662,24,,,1,31,,41640,17,,,1,69,,41663,24,,,1,30,,41641,17,,,1,71,,41664,24,,,1,29,,41642,17,,,1,70,,41670,28,,,1,30,,41643,17,,,1,70,,41665,24,,,1,30,,41644,17,,,1,70,,41666,24,,,1,30,,41645,17,,,1,70,,41667,24,,,1,30,,41646,17,,,1,70,,41668,24,,,1
