300,'20260819',649,,45241,9,0,7,1,70,,45226,9,0,7,1,30,,45242,9,0,7,1,70,,45227,9,0,7,1,30,,45243,9,0,7,1,70,,45228,9,0,7,1,30,,45258,9,0,35,1,70,,45229,9,0,7,1,30,,45245,9,0,23 26,1,70,,45230,9,0,7,1,30,,45246,9,0,23 26,1,70,,45231,9,0,7,1,30,,45259,9,0,35,1,70,,45232,9,0,7,1,30,,45247,9,0,23 26,1,70,,45233,9,0,7,1,30,,45248,9,0,23 26,1,70,,45234,9,0,7,1,30,,45260,9,0,35,1,70,,45235,9,0,7,1,30,,45253,9,0,27,1,70,,45254,9,0,27,1,30,,45244,9,0,7,1,70,,45236,9,0,7,1,30,,45249,9,0,23 26,1,70,,45237,9,0,7,1,30,,45250,9,0,23 26,1,70,,45238,9,0,7,1,30,,45251,9,0,23 26,1,70,,45239,9,0,7,1,30,,45261,9,0,35,1,70,,45240,9,0,7,1,30,,45262,9,0,35,1,100,,45252,9,0,23 26,1
300,'20260820',649,,45281,9,0,7,1,70,,45266,9,0,7,1,30,,45282,9,0,7,1,70,,45267,9,0,7,1,30,,45283,9,0,7,1,70,,45268,9,0,7,1,30,,45298,9,0,35,1,70,,45269,9,0,7,1,30,,45285,9,0,23 26,1,70,,45270,9,0,7,1,30,,45286,9,0,23 26,1,70,,45271,9,0,7,1,30,,45299,9,0,35,1,70,,45272,9,0,7,1,30,,45287,9,0,23 26,1,70,,45273,9,0,7,1,30,,45288,9,0,23 26,1,70,,45274,9,0,7,1,30,,45300,9,0,35,1,70,,45275,9,0,7,1,30,,45293,9,0,27,1,70,,45294,9,0,27,1,30,,45284,9,0,7,1,70,,45276,9,0,7,1,30,,45289,9,0,23 26,1,70,,45277,9,0,7,1,30,,45290,9,0,23 26,1,70,,45278,9,0,7,1,30,,45291,9,0,23 26,1,70,,45279,9,0,7,1,30,,45301,9,0,35,1,70,,45280,9,0,7,1,30,,45302,9,0,35,1,100,,45292,9,0,23 26,1
300,'20260821',649,,45321,9,0,7,1,70,,45306,9,0,7,1,30,,45322,9,0,7,1,70,,45307,9,0,7,1,30,,45323,9,0,7,1,70,,45308,9,0,7,1,30,,45338,9,0,35,1,70,,45309,9,0,7,1,30,,45325,9,0,23 26,1,70,,45310,9,0,7,1,30,,45326,9,0,23 26,1,70,,45311,9,0,7,1,30,,45339,9,0,35,1,70,,45312,9,0,7,1,30,,45327,9,0,23 26,1,70,,45313,9,0,7,1,30,,45328,9,0,23 26,1,70,,45314,9,0,7,1,30,,45340,9,0,35,1,70,,45315,9,0,7,1,30,,45333,9,0,27,1,70,,45334,9,0,27,1,30,,45324,9,0,7,1,70,,45316,9,0,7,1,30,,45329,9,0,23 26,1,70,,45317,9,0,7,1,30,,45330,9,0,23 26,1,70,,45318,9,0,7,1,30,,45331,9,0,23 26,1,70,,45319,9,0,7,1,30,,45341,9,0,35,1,70,,45320,9,0,7,1,30,,45342,9,0,35,1,100,,45332,9,0,23 26,1
300,'20260822',849,,45355,9,0,23 26,1,154,,45356,9,0,23 26,1,100,,45357,9,0,23 26,1,100,,45358,9,0,23 26,1,100,,45359,9,0,23 26,1,100,,45360,9,0,23 26,1,100,,45361,9,0,23 26,1,30,,45346,9,0,7,1,70,,45362,9,0,23 26,1,30,,45347,9,0,7,1,70,,45369,9,0,35,1,30,,45348,9,0,7,1,70,,45363,9,0,23 26,1,30,,45349,9,0,7,1,70,,45364,9,0,23 26,1,30,,45350,9,0,7,1,70,,45365,9,0,23 26,1,30,,45351,9,0,7,1,70,,45366,9,0,23 26,1,30,,45352,9,0,7,1,70,,45367,9,0,23 26,1,30,,45353,9,0,7,1,70,,45370,9,0,35,1,30,,45354,9,0,7,1,70,,45368,9,0,23 26,1
300,'20260823',849,,45380,9,0,23 26,1,154,,45381,9,0,23 26,1,100,,45382,9,0,23 26,1,100,,45383,9,0,23 26,1,100,,45384,9,0,23 26,1,100,,45385,9,0,23 26,1,100,,45386,9,0,23 26,1,30,,45371,9,0,7,1,70,,45387,9,0,23 26,1,30,,45372,9,0,7,1,70,,45394,9,0,35,1,30,,45373,9,0,7,1,70,,45388,9,0,23 26,1,30,,45374,9,0,7,1,70,,45389,9,0,23 26,1,30,,45375,9,0,7,1,70,,45390,9,0,23 26,1,30,,45376,9,0,7,1,70,,45391,9,0,23 26,1,30,,45377,9,0,7,1,70,,45392,9,0,23 26,1,30,,45378,9,0,7,1,70,,45395,9,0,35,1,30,,45379,9,0,7,1,70,,45393,9,0,23 26,1
300,'20260824',649,,64952,9,0,7,1,70,,64937,9,0,7,1,30,,64953,9,0,7,1,70,,64938,9,0,7,1,30,,64954,9,0,7,1,70,,64939,9,0,7,1,30,,64961,9,0,35,1,70,,64940,9,0,7,1,30,,45415,9,0,23 26,1,70,,64941,9,0,7,1,30,,45416,9,0,23 26,1,70,,64942,9,0,7,1,30,,64962,9,0,35,1,70,,64943,9,0,7,1,30,,45417,9,0,23 26,1,70,,64944,9,0,7,1,30,,45418,9,0,23 26,1,70,,64945,9,0,7,1,30,,64963,9,0,35,1,70,,64946,9,0,7,1,30,,64956,9,0,27,1,70,,64957,9,0,27,1,30,,64955,9,0,7,1,70,,64947,9,0,7,1,30,,45419,9,0,23 26,1,70,,64948,9,0,7,1,30,,45420,9,0,23 26,1,70,,64949,9,0,7,1,30,,45421,9,0,23 26,1,70,,64950,9,0,7,1,30,,64964,9,0,35,1,70,,64951,9,0,7,1,30,,45432,9,0,35,1,100,,45422,9,0,23 26,1
300,'20260825',649,,45451,9,0,7,1,70,,45436,9,0,7,1,30,,45452,9,0,7,1,70,,45437,9,0,7,1,30,,45453,9,0,7,1,70,,45438,9,0,7,1,30,,45468,9,0,35,1,70,,45439,9,0,7,1,30,,45455,9,0,23 26,1,70,,45440,9,0,7,1,30,,45456,9,0,23 26,1,70,,45441,9,0,7,1,30,,45469,9,0,35,1,70,,45442,9,0,7,1,30,,45457,9,0,23 26,1,70,,45443,9,0,7,1,30,,45458,9,0,23 26,1,70,,45444,9,0,7,1,30,,45470,9,0,35,1,70,,45445,9,0,7,1,30,,45463,9,0,27,1,70,,45464,9,0,27,1,30,,45454,9,0,7,1,70,,45446,9,0,7,1,30,,45459,9,0,23 26,1,70,,45447,9,0,7,1,30,,45460,9,0,23 26,1,70,,45448,9,0,7,1,30,,45461,9,0,23 26,1,70,,45449,9,0,7,1,30,,45471,9,0,35,1,70,,45450,9,0,7,1,30,,45472,9,0,35,1,100,,45462,9,0,23 26,1
300,'20260826',649,,45491,9,0,7,1,70,,45476,9,0,7,1,30,,45492,9,0,7,1,70,,45477,9,0,7,1,30,,45493,9,0,7,1,70,,45478,9,0,7,1,30,,45508,9,0,35,1,70,,45479,9,0,7,1,30,,45495,9,0,23 26,1,70,,45480,9,0,7,1,30,,45496,9,0,23 26,1,70,,45481,9,0,7,1,30,,45509,9,0,35,1,70,,45482,9,0,7,1,30,,45497,9,0,23 26,1,70,,45483,9,0,7,1,30,,45498,9,0,23 26,1,70,,45484,9,0,7,1,30,,45510,9,0,35,1,70,,45485,9,0,7,1,30,,45503,9,0,27,1,70,,45504,9,0,27,1,30,,45494,9,0,7,1,70,,45486,9,0,7,1,30,,45499,9,0,23 26,1,70,,45487,9,0,7,1,30,,45500,9,0,23 26,1,70,,45488,9,0,7,1,30,,45501,9,0,23 26,1,70,,45489,9,0,7,1,30,,45511,9,0,35,1,70,,45490,9,0,7,1,30,,45512,9,0,35,1,100,,45502,9,0,23 26,1
300,'20260827',649,,45531,9,0,7,1,70,,45516,9,0,7,1,30,,45532,9,0,7,1,70,,45517,9,0,7,1,30,,45533,9,0,7,1,70,,45518,9,0,7,1,30,,45548,9,0,35,1,70,,45519,9,0,7,1,30,,45535,9,0,23 26,1,70,,45520,9,0,7,1,30,,45536,9,0,23 26,1,70,,45521,9,0,7,1,30,,45549,9,0,35,1,70,,45522,9,0,7,1,30,,45537,9,0,23 26,1,70,,45523,9,0,7,1,30,,45538,9,0,23 26,1,70,,45524,9,0,7,1,30,,45550,9,0,35,1,70,,45525,9,0,7,1,30,,45543,9,0,27,1,70,,45544,9,0,27,1,30,,45534,9,0,7,1,70,,45526,9,0,7,1,30,,45539,9,0,23 26,1,70,,45527,9,0,7,1,30,,45540,9,0,23 26,1,70,,45528,9,0,7,1,30,,45541,9,0,23 26,1,70,,45529,9,0,7,1,30,,45551,9,0,35,1,70,,45530,9,0,7,1,30,,45552,9,0,35,1,100,,45542,9,0,23 26,1
300,'20260828',649,,45571,9,0,7,1,70,,45556,9,0,7,1,30,,45572,9,0,7,1,70,,45557,9,0,7,1,30,,45573,9,0,7,1,70,,45558,9,0,7,1,30,,45588,9,0,35,1,70,,45559,9,0,7,1,30,,45575,9,0,23 26,1,70,,45560,9,0,7,1,30,,45576,9,0,23 26,1,70,,45561,9,0,7,1,30,,45589,9,0,35,1,70,,45562,9,0,7,1,30,,45577,9,0,23 26,1,70,,45563,9,0,7,1,30,,45578,9,0,23 26,1,70,,45564,9,0,7,1,30,,45590,9,0,35,1,70,,45565,9,0,7,1,30,,45583,9,0,27,1,70,,45584,9,0,27,1,30,,45574,9,0,7,1,70,,45566,9,0,7,1,30,,45579,9,0,23 26,1,70,,45567,9,0,7,1,30,,45580,9,0,23 26,1,70,,45568,9,0,7,1,30,,45581,9,0,23 26,1,70,,45569,9,0,7,1,30,,45591,9,0,35,1,70,,45570,9,0,7,1,30,,45592,9,0,35,1,100,,45582,9,0,23 26,1
300,'20260829',849,,45605,9,0,23 26,1,154,,45606,9,0,23 26,1,100,,45607,9,0,23 26,1,100,,45608,9,0,23 26,1,100,,45609,9,0,23 26,1,100,,45610,9,0,23 26,1,100,,45611,9,0,23 26,1,30,,45596,9,0,7,1,70,,45612,9,0,23 26,1,30,,45597,9,0,7,1,70,,45619,9,0,35,1,30,,45598,9,0,7,1,70,,45613,9,0,23 26,1,30,,45599,9,0,7,1,70,,45614,9,0,23 26,1,30,,45600,9,0,7,1,70,,45615,9,0,23 26,1,30,,45601,9,0,7,1,70,,45616,9,0,23 26,1,30,,45602,9,0,7,1,70,,45617,9,0,23 26,1,30,,45603,9,0,7,1,70,,45620,9,0,35,1,30,,45604,9,0,7,1,70,,45618,9,0,23 26,1
300,'20260830',849,,45630,9,0,23 26,1,154,,45631,9,0,23 26,1,100,,45632,9,0,23 26,1,100,,45633,9,0,23 26,1,100,,45634,9,0,23 26,1,100,,45635,9,0,23 26,1,100,,45636,9,0,23 26,1,30,,45621,9,0,7,1,70,,45637,9,0,23 26,1,30,,45622,9,0,7,1,70,,45644,9,0,35,1,30,,45623,9,0,7,1,70,,45638,9,0,23 26,1,30,,45624,9,0,7,1,70,,45639,9,0,23 26,1,30,,45625,9,0,7,1,70,,45640,9,0,23 26,1,30,,45626,9,0,7,1,70,,45641,9,0,23 26,1,30,,45627,9,0,7,1,70,,45642,9,0,23 26,1,30,,45628,9,0,7,1,70,,45645,9,0,35,1,30,,45629,9,0,7,1,70,,45643,9,0,23 26,1
300,'20260831',649,,64983,9,0,7,1,70,,64968,9,0,7,1,30,,64984,9,0,7,1,70,,64969,9,0,7,1,30,,64985,9,0,7,1,70,,64970,9,0,7,1,30,,64992,9,0,35,1,70,,64971,9,0,7,1,30,,45665,9,0,23 26,1,70,,64972,9,0,7,1,30,,45666,9,0,23 26,1,70,,64973,9,0,7,1,30,,64993,9,0,35,1,70,,64974,9,0,7,1,30,,45667,9,0,23 26,1,70,,64975,9,0,7,1,30,,45668,9,0,23 26,1,70,,64976,9,0,7,1,30,,64994,9,0,35,1,70,,64977,9,0,7,1,30,,64987,9,0,27,1,70,,64988,9,0,27,1,30,,64986,9,0,7,1,70,,64978,9,0,7,1,30,,45669,9,0,23 26,1,70,,64979,9,0,7,1,30,,45670,9,0,23 26,1,70,,64980,9,0,7,1,30,,45671,9,0,23 26,1,70,,64981,9,0,7,1,30,,64995,9,0,35,1,70,,64982,9,0,7,1,30,,45682,9,0,35,1,100,,45672,9,0,23 26,1
300,'20260901',649,,45701,9,0,7,1,70,,45686,9,0,7,1,30,,45702,9,0,7,1,70,,45687,9,0,7,1,30,,45703,9,0,7,1,70,,45688,9,0,7,1,30,,45718,9,0,35,1,70,,45689,9,0,7,1,30,,45705,9,0,23 26,1,70,,45690,9,0,7,1,30,,45706,9,0,23 26,1,70,,45691,9,0,7,1,30,,45719,9,0,35,1,70,,45692,9,0,7,1,30,,45707,9,0,23 26,1,70,,45693,9,0,7,1,30,,45708,9,0,23 26,1,70,,45694,9,0,7,1,30,,45720,9,0,35,1,70,,45695,9,0,7,1,30,,45713,9,0,27,1,70,,45714,9,0,27,1,30,,45704,9,0,7,1,70,,45696,9,0,7,1,30,,45709,9,0,23 26,1,70,,45697,9,0,7,1,30,,45710,9,0,23 26,1,70,,45698,9,0,7,1,30,,45711,9,0,23 26,1,70,,45699,9,0,7,1,30,,45721,9,0,35,1,70,,45700,9,0,7,1,30,,45722,9,0,35,1,100,,45712,9,0,23 26,1
300,'20260902',649,,45741,9,0,7,1,70,,45726,9,0,7,1,30,,45742,9,0,7,1,70,,45727,9,0,7,1,30,,45743,9,0,7,1,70,,45728,9,0,7,1,30,,45758,9,0,35,1,70,,45729,9,0,7,1,30,,45745,9,0,23 26,1,70,,45730,9,0,7,1,30,,45746,9,0,23 26,1,70,,45731,9,0,7,1,30,,45759,9,0,35,1,70,,45732,9,0,7,1,30,,45747,9,0,23 26,1,70,,45733,9,0,7,1,30,,45748,9,0,23 26,1,70,,45734,9,0,7,1,30,,45760,9,0,35,1,70,,45735,9,0,7,1,30,,45753,9,0,27,1,70,,45754,9,0,27,1,30,,45744,9,0,7,1,70,,45736,9,0,7,1,30,,45749,9,0,23 26,1,70,,45737,9,0,7,1,30,,45750,9,0,23 26,1,70,,45738,9,0,7,1,30,,45751,9,0,23 26,1,70,,45739,9,0,7,1,30,,45761,9,0,35,1,70,,45740,9,0,7,1,30,,45762,9,0,35,1,100,,45752,9,0,23 26,1
300,'20260903',649,,45781,9,0,7,1,70,,45766,9,0,7,1,30,,45782,9,0,7,1,70,,45767,9,0,7,1,30,,45783,9,0,7,1,70,,45768,9,0,7,1,30,,45798,9,0,35,1,70,,45769,9,0,7,1,30,,45785,9,0,23 26,1,70,,45770,9,0,7,1,30,,45786,9,0,23 26,1,70,,45771,9,0,7,1,30,,45799,9,0,35,1,70,,45772,9,0,7,1,30,,45787,9,0,23 26,1,70,,45773,9,0,7,1,30,,45788,9,0,23 26,1,70,,45774,9,0,7,1,30,,45800,9,0,35,1,70,,45775,9,0,7,1,30,,45793,9,0,27,1,70,,45794,9,0,27,1,30,,45784,9,0,7,1,70,,45776,9,0,7,1,30,,45789,9,0,23 26,1,70,,45777,9,0,7,1,30,,45790,9,0,23 26,1,70,,45778,9,0,7,1,30,,45791,9,0,23 26,1,70,,45779,9,0,7,1,30,,45801,9,0,35,1,70,,45780,9,0,7,1,30,,45802,9,0,35,1,100,,45792,9,0,23 26,1
300,'20260904',649,,45821,9,0,7,1,70,,45806,9,0,7,1,30,,45822,9,0,7,1,70,,45807,9,0,7,1,30,,45823,9,0,7,1,70,,45808,9,0,7,1,30,,45838,9,0,35,1,70,,45809,9,0,7,1,30,,45825,9,0,23 26,1,70,,45810,9,0,7,1,30,,45826,9,0,23 26,1,70,,45811,9,0,7,1,30,,45839,9,0,35,1,70,,45812,9,0,7,1,30,,45827,9,0,23 26,1,70,,45813,9,0,7,1,30,,45828,9,0,23 26,1,70,,45814,9,0,7,1,30,,45840,9,0,35,1,70,,45815,9,0,7,1,30,,45833,9,0,27,1,70,,45834,9,0,27,1,30,,45824,9,0,7,1,70,,45816,9,0,7,1,30,,45829,9,0,23 26,1,70,,45817,9,0,7,1,30,,45830,9,0,23 26,1,70,,45818,9,0,7,1,30,,45831,9,0,23 26,1,70,,45819,9,0,7,1,30,,45841,9,0,35,1,70,,45820,9,0,7,1,30,,45842,9,0,35,1,100,,45832,9,0,23 26,1
301,'20260819',619,,48238,21,,,1,30,,48240,34,,,1,70,,48227,10,,,1,30,,48211,10,,,1,70,,48228,10,,,1,30,,48212,10,,,1,70,,48229,10,,,1,30,,48213,10,,,1,70,,48230,10,,,1,30,,48214,10,,,1,70,,48232,16,,,1,30,,48215,10,,,1,70,,48233,16,,,1,30,,48216,10,,,1,70,,48244,34,,,1,30,,48217,10,,,1,70,,48234,16,,,1,30,,48218,10,,,1,70,,48235,16,,,1,30,,48219,10,,,1,70,,48245,34,,,1,30,,48220,10,,,1,100,,48221,10,,,1,100,,48222,10,,,1,70,,48231,10,,,1,100,,48236,16,,,1,30,,48223,10,,,1,70,,48237,16,,,1,30,,48224,10,,,1,70,,48246,34,,,1,30,,48225,10,,,1,100,,48226,10,,,1
301,'20260820',619,,48278,21,,,1,30,,48280,34,,,1,70,,48267,10,,,1,30,,48251,10,,,1,70,,48268,10,,,1,30,,48252,10,,,1,70,,48269,10,,,1,30,,48253,10,,,1,70,,48270,10,,,1,30,,48254,10,,,1,70,,48272,16,,,1,30,,48255,10,,,1,70,,48273,16,,,1,30,,48256,10,,,1,70,,48284,34,,,1,30,,48257,10,,,1,70,,48274,16,,,1,30,,48258,10,,,1,70,,48275,16,,,1,30,,48259,10,,,1,70,,48285,34,,,1,30,,48260,10,,,1,100,,48261,10,,,1,100,,48262,10,,,1,70,,48271,10,,,1,100,,48276,16,,,1,30,,48263,10,,,1,70,,48277,16,,,1,30,,48264,10,,,1,70,,48286,34,,,1,30,,48265,10,,,1,100,,48266,10,,,1
301,'20260821',619,,48318,21,,,1,30,,48320,34,,,1,70,,48307,10,,,1,30,,48291,10,,,1,70,,48308,10,,,1,30,,48292,10,,,1,70,,48309,10,,,1,30,,48293,10,,,1,70,,48310,10,,,1,30,,48294,10,,,1,70,,48312,16,,,1,30,,48295,10,,,1,70,,48313,16,,,1,30,,48296,10,,,1,70,,48324,34,,,1,30,,48297,10,,,1,70,,48314,16,,,1,30,,48298,10,,,1,70,,48315,16,,,1,30,,48299,10,,,1,70,,48325,34,,,1,30,,48300,10,,,1,100,,48301,10,,,1,100,,48302,10,,,1,70,,48311,10,,,1,100,,48316,16,,,1,30,,48303,10,,,1,70,,48317,16,,,1,30,,48304,10,,,1,70,,48326,34,,,1,30,,48305,10,,,1,100,,48306,10,,,1
301,'20260822',819,,48340,16,,,1,100,,48354,34,,,1,100,,48341,16,,,1,100,,48342,16,,,1,100,,48343,16,,,1,100,,48344,16,,,1,100,,48345,16,,,1,30,,48331,10,,,1,70,,48346,16,,,1,30,,48332,10,,,1,70,,48347,16,,,1,30,,48333,10,,,1,70,,48355,34,,,1,30,,48334,10,,,1,70,,48348,16,,,1,30,,48335,10,,,1,70,,48349,16,,,1,30,,48336,10,,,1,70,,48350,16,,,1,30,,48337,10,,,1,70,,48351,16,,,1,30,,48338,10,,,1,70,,48352,16,,,1,30,,48339,10,,,1,70,,48353,16,,,1
301,'20260823',819,,48365,16,,,1,100,,48379,34,,,1,100,,48366,16,,,1,100,,48367,16,,,1,100,,48368,16,,,1,100,,48369,16,,,1,100,,48370,16,,,1,30,,48356,10,,,1,70,,48371,16,,,1,30,,48357,10,,,1,70,,48372,16,,,1,30,,48358,10,,,1,70,,48380,34,,,1,30,,48359,10,,,1,70,,48373,16,,,1,30,,48360,10,,,1,70,,48374,16,,,1,30,,48361,10,,,1,70,,48375,16,,,1,30,,48362,10,,,1,70,,48376,16,,,1,30,,48363,10,,,1,70,,48377,16,,,1,30,,48364,10,,,1,70,,48378,16,,,1
301,'20260824',619,,65082,21,,,1,30,,65084,34,,,1,70,,65071,10,,,1,30,,65063,10,,,1,70,,65072,10,,,1,30,,65064,10,,,1,70,,65073,10,,,1,30,,65065,10,,,1,70,,65074,10,,,1,30,,65066,10,,,1,70,,65076,16,,,1,30,,65067,10,,,1,70,,65077,16,,,1,30,,65068,10,,,1,70,,65088,34,,,1,30,,65069,10,,,1,70,,65078,16,,,1,30,,48388,10,,,1,70,,65079,16,,,1,30,,48389,10,,,1,70,,65089,34,,,1,30,,48390,10,,,1,100,,48391,10,,,1,100,,48392,10,,,1,70,,65075,10,,,1,100,,65080,16,,,1,30,,48393,10,,,1,70,,65081,16,,,1,30,,48394,10,,,1,70,,65090,34,,,1,30,,48395,10,,,1,100,,65070,10,,,1
301,'20260825',619,,48448,21,,,1,30,,48450,34,,,1,70,,48437,10,,,1,30,,48421,10,,,1,70,,48438,10,,,1,30,,48422,10,,,1,70,,48439,10,,,1,30,,48423,10,,,1,70,,48440,10,,,1,30,,48424,10,,,1,70,,48442,16,,,1,30,,48425,10,,,1,70,,48443,16,,,1,30,,48426,10,,,1,70,,48454,34,,,1,30,,48427,10,,,1,70,,48444,16,,,1,30,,48428,10,,,1,70,,48445,16,,,1,30,,48429,10,,,1,70,,48455,34,,,1,30,,48430,10,,,1,100,,48431,10,,,1,100,,48432,10,,,1,70,,48441,10,,,1,100,,48446,16,,,1,30,,48433,10,,,1,70,,48447,16,,,1,30,,48434,10,,,1,70,,48456,34,,,1,30,,48435,10,,,1,100,,48436,10,,,1
301,'20260826',619,,48488,21,,,1,30,,48490,34,,,1,70,,48477,10,,,1,30,,48461,10,,,1,70,,48478,10,,,1,30,,48462,10,,,1,70,,48479,10,,,1,30,,48463,10,,,1,70,,48480,10,,,1,30,,48464,10,,,1,70,,48482,16,,,1,30,,48465,10,,,1,70,,48483,16,,,1,30,,48466,10,,,1,70,,48494,34,,,1,30,,48467,10,,,1,70,,48484,16,,,1,30,,48468,10,,,1,70,,48485,16,,,1,30,,48469,10,,,1,70,,48495,34,,,1,30,,48470,10,,,1,100,,48471,10,,,1,100,,48472,10,,,1,70,,48481,10,,,1,100,,48486,16,,,1,30,,48473,10,,,1,70,,48487,16,,,1,30,,48474,10,,,1,70,,48496,34,,,1,30,,48475,10,,,1,100,,48476,10,,,1
301,'20260827',619,,48528,21,,,1,30,,48530,34,,,1,70,,48517,10,,,1,30,,48501,10,,,1,70,,48518,10,,,1,30,,48502,10,,,1,70,,48519,10,,,1,30,,48503,10,,,1,70,,48520,10,,,1,30,,48504,10,,,1,70,,48522,16,,,1,30,,48505,10,,,1,70,,48523,16,,,1,30,,48506,10,,,1,70,,48534,34,,,1,30,,48507,10,,,1,70,,48524,16,,,1,30,,48508,10,,,1,70,,48525,16,,,1,30,,48509,10,,,1,70,,48535,34,,,1,30,,48510,10,,,1,100,,48511,10,,,1,100,,48512,10,,,1,70,,48521,10,,,1,100,,48526,16,,,1,30,,48513,10,,,1,70,,48527,16,,,1,30,,48514,10,,,1,70,,48536,34,,,1,30,,48515,10,,,1,100,,48516,10,,,1
301,'20260828',619,,48568,21,,,1,30,,48570,34,,,1,70,,48557,10,,,1,30,,48541,10,,,1,70,,48558,10,,,1,30,,48542,10,,,1,70,,48559,10,,,1,30,,48543,10,,,1,70,,48560,10,,,1,30,,48544,10,,,1,70,,48562,16,,,1,30,,48545,10,,,1,70,,48563,16,,,1,30,,48546,10,,,1,70,,48574,34,,,1,30,,48547,10,,,1,70,,48564,16,,,1,30,,48548,10,,,1,70,,48565,16,,,1,30,,48549,10,,,1,70,,48575,34,,,1,30,,48550,10,,,1,100,,48551,10,,,1,100,,48552,10,,,1,70,,48561,10,,,1,100,,48566,16,,,1,30,,48553,10,,,1,70,,48567,16,,,1,30,,48554,10,,,1,70,,48576,34,,,1,30,,48555,10,,,1,100,,48556,10,,,1
301,'20260829',819,,48590,16,,,1,100,,48604,34,,,1,100,,48591,16,,,1,100,,48592,16,,,1,100,,48593,16,,,1,100,,48594,16,,,1,100,,48595,16,,,1,30,,48581,10,,,1,70,,48596,16,,,1,30,,48582,10,,,1,70,,48597,16,,,1,30,,48583,10,,,1,70,,48605,34,,,1,30,,48584,10,,,1,70,,48598,16,,,1,30,,48585,10,,,1,70,,48599,16,,,1,30,,48586,10,,,1,70,,48600,16,,,1,30,,48587,10,,,1,70,,48601,16,,,1,30,,48588,10,,,1,70,,48602,16,,,1,30,,48589,10,,,1,70,,48603,16,,,1
301,'20260830',819,,48615,16,,,1,100,,48629,34,,,1,100,,48616,16,,,1,100,,48617,16,,,1,100,,48618,16,,,1,100,,48619,16,,,1,100,,48620,16,,,1,30,,48606,10,,,1,70,,48621,16,,,1,30,,48607,10,,,1,70,,48622,16,,,1,30,,48608,10,,,1,70,,48630,34,,,1,30,,48609,10,,,1,70,,48623,16,,,1,30,,48610,10,,,1,70,,48624,16,,,1,30,,48611,10,,,1,70,,48625,16,,,1,30,,48612,10,,,1,70,,48626,16,,,1,30,,48613,10,,,1,70,,48627,16,,,1,30,,48614,10,,,1,70,,48628,16,,,1
301,'20260831',619,,65114,21,,,1,30,,65116,34,,,1,70,,65103,10,,,1,30,,65095,10,,,1,70,,65104,10,,,1,30,,65096,10,,,1,70,,65105,10,,,1,30,,65097,10,,,1,70,,65106,10,,,1,30,,65098,10,,,1,70,,65108,16,,,1,30,,65099,10,,,1,70,,65109,16,,,1,30,,65100,10,,,1,70,,65120,34,,,1,30,,65101,10,,,1,70,,65110,16,,,1,30,,48638,10,,,1,70,,65111,16,,,1,30,,48639,10,,,1,70,,65121,34,,,1,30,,48640,10,,,1,100,,48641,10,,,1,100,,48642,10,,,1,70,,65107,10,,,1,100,,65112,16,,,1,30,,48643,10,,,1,70,,65113,16,,,1,30,,48644,10,,,1,70,,65122,34,,,1,30,,48645,10,,,1,100,,65102,10,,,1
301,'20260901',619,,48698,21,,,1,30,,48700,34,,,1,70,,48687,10,,,1,30,,48671,10,,,1,70,,48688,10,,,1,30,,48672,10,,,1,70,,48689,10,,,1,30,,48673,10,,,1,70,,48690,10,,,1,30,,48674,10,,,1,70,,48692,16,,,1,30,,48675,10,,,1,70,,48693,16,,,1,30,,48676,10,,,1,70,,48704,34,,,1,30,,48677,10,,,1,70,,48694,16,,,1,30,,48678,10,,,1,70,,48695,16,,,1,30,,48679,10,,,1,70,,48705,34,,,1,30,,48680,10,,,1,100,,48681,10,,,1,100,,48682,10,,,1,70,,48691,10,,,1,100,,48696,16,,,1,30,,48683,10,,,1,70,,48697,16,,,1,30,,48684,10,,,1,70,,48706,34,,,1,30,,48685,10,,,1,100,,48686,10,,,1
301,'20260902',619,,48738,21,,,1,30,,48740,34,,,1,70,,48727,10,,,1,30,,48711,10,,,1,70,,48728,10,,,1,30,,48712,10,,,1,70,,48729,10,,,1,30,,48713,10,,,1,70,,48730,10,,,1,30,,48714,10,,,1,70,,48732,16,,,1,30,,48715,10,,,1,70,,48733,16,,,1,30,,48716,10,,,1,70,,48744,34,,,1,30,,48717,10,,,1,70,,48734,16,,,1,30,,48718,10,,,1,70,,48735,16,,,1,30,,48719,10,,,1,70,,48745,34,,,1,30,,48720,10,,,1,100,,48721,10,,,1,100,,48722,10,,,1,70,,48731,10,,,1,100,,48736,16,,,1,30,,48723,10,,,1,70,,48737,16,,,1,30,,48724,10,,,1,70,,48746,34,,,1,30,,48725,10,,,1,100,,48726,10,,,1
301,'20260903',619,,48778,21,,,1,30,,48780,34,,,1,70,,48767,10,,,1,30,,48751,10,,,1,70,,48768,10,,,1,30,,48752,10,,,1,70,,48769,10,,,1,30,,48753,10,,,1,70,,48770,10,,,1,30,,48754,10,,,1,70,,48772,16,,,1,30,,48755,10,,,1,70,,48773,16,,,1,30,,48756,10,,,1,70,,48784,34,,,1,30,,48757,10,,,1,70,,48774,16,,,1,30,,48758,10,,,1,70,,48775,16,,,1,30,,48759,10,,,1,70,,48785,34,,,1,30,,48760,10,,,1,100,,48761,10,,,1,100,,48762,10,,,1,70,,48771,10,,,1,100,,48776,16,,,1,30,,48763,10,,,1,70,,48777,16,,,1,30,,48764,10,,,1,70,,48786,34,,,1,30,,48765,10,,,1,100,,48766,10,,,1
301,'20260904',619,,48818,21,,,1,30,,48820,34,,,1,70,,48807,10,,,1,30,,48791,10,,,1,70,,48808,10,,,1,30,,48792,10,,,1,70,,48809,10,,,1,30,,48793,10,,,1,70,,48810,10,,,1,30,,48794,10,,,1,70,,48812,16,,,1,30,,48795,10,,,1,70,,48813,16,,,1,30,,48796,10,,,1,70,,48824,34,,,1,30,,48797,10,,,1,70,,48814,16,,,1,30,,48798,10,,,1,70,,48815,16,,,1,30,,48799,10,,,1,70,,48825,34,,,1,30,,48800,10,,,1,100,,48801,10,,,1,100,,48802,10,,,1,70,,48811,10,,,1,100,,48816,16,,,1,30,,48803,10,,,1,70,,48817,16,,,1,30,,48804,10,,,1,70,,48826,34,,,1,30,,48805,10,,,1,100,,48806,10,,,1
