200,'20260917',1620,,73147,25,,,1,30,,73148,25,,,1,55,,73149,25,,,1,15,,73150,25,,,1,15,,73151,25,,,1,15,,73152,25,,,1,55,,73153,25,,,1,30,,73154,25,,,1,70,,73155,25,,,1,45,,73156,25,,,1
200,'20260918',1620,,73157,25,,,1,30,,73158,25,,,1,55,,73159,25,,,1,15,,73160,25,,,1,15,,73161,25,,,1,15,,73162,25,,,1,55,,73163,25,,,1,30,,73164,25,,,1,70,,73165,25,,,1,45,,73166,25,,,1
200,'20260921',1620,,73167,25,,,1,30,,73168,25,,,1,55,,73169,25,,,1,15,,73170,25,,,1,15,,73171,25,,,1,15,,73172,25,,,1,55,,73173,25,,,1,30,,73174,25,,,1,70,,73175,25,,,1,45,,73176,25,,,1
200,'20260922',1620,,73177,25,,,1,30,,73178,25,,,1,55,,73179,25,,,1,15,,73180,25,,,1,15,,73181,25,,,1,15,,73182,25,,,1,55,,73183,25,,,1,30,,73184,25,,,1,70,,73185,25,,,1,45,,73186,25,,,1
200,'20260923',1620,,73187,25,,,1,30,,73188,25,,,1,55,,73189,25,,,1,15,,73190,25,,,1,15,,73191,25,,,1,15,,73192,25,,,1,55,,73193,25,,,1,30,,73194,25,,,1,70,,73195,25,,,1,45,,73196,25,,,1
200,'20260924',1620,,73197,25,,,1,30,,73198,25,,,1,55,,73199,25,,,1,15,,73200,25,,,1,15,,73201,25,,,1,15,,73202,25,,,1,55,,73203,25,,,1,30,,73204,25,,,1,70,,73205,25,,,1,45,,73206,25,,,1
200,'20260925',1620,,73207,25,,,1,30,,73208,25,,,1,55,,73209,25,,,1,15,,73210,25,,,1,15,,73211,25,,,1,15,,73212,25,,,1,55,,73213,25,,,1,30,,73214,25,,,1,70,,73215,25,,,1,45,,73216,25,,,1
200,'20260928',1620,,73217,25,,,1,30,,73218,25,,,1,55,,73219,25,,,1,15,,73220,25,,,1,15,,73221,25,,,1,15,,73222,25,,,1,55,,73223,25,,,1,30,,73224,25,,,1,70,,73225,25,,,1,45,,73226,25,,,1
200,'20260929',1620,,73227,25,,,1,30,,73228,25,,,1,55,,73229,25,,,1,15,,73230,25,,,1,15,,73231,25,,,1,15,,73232,25,,,1,55,,73233,25,,,1,30,,73234,25,,,1,70,,73235,25,,,1,45,,73236,25,,,1
200,'20260930',1620,,73237,25,,,1,30,,73238,25,,,1,55,,73239,25,,,1,15,,73240,25,,,1,15,,73241,25,,,1,15,,73242,25,,,1,55,,73243,25,,,1,30,,73244,25,,,1,70,,73245,25,,,1,45,,73246,25,,,1
200,'20261001',1620,,73247,25,,,1,30,,73248,25,,,1,55,,73249,25,,,1,15,,73250,25,,,1,15,,73251,25,,,1,15,,73252,25,,,1,55,,73253,25,,,1,30,,73254,25,,,1,70,,73255,25,,,1,45,,73256,25,,,1
200,'20261002',1620,,73257,25,,,1,30,,73258,25,,,1,55,,73259,25,,,1,15,,73260,25,,,1,15,,73261,25,,,1,15,,73262,25,,,1,55,,73263,25,,,1,30,,73264,25,,,1,70,,73265,25,,,1,45,,73266,25,,,1
200,'20261005',1620,,73267,25,,,1,30,,73268,25,,,1,55,,73269,25,,,1,15,,73270,25,,,1,15,,73271,25,,,1,15,,73272,25,,,1,55,,73273,25,,,1,30,,73274,25,,,1,70,,73275,25,,,1,45,,73276,25,,,1
200,'20261006',1620,,73277,25,,,1,30,,73278,25,,,1,55,,73279,25,,,1,15,,73280,25,,,1,15,,73281,25,,,1,15,,73282,25,,,1,55,,73283,25,,,1,30,,73284,25,,,1,70,,73285,25,,,1,45,,73286,25,,,1
200,'20261007',1620,,73287,25,,,1,30,,73288,25,,,1,55,,73289,25,,,1,15,,73290,25,,,1,15,,73291,25,,,1,15,,73292,25,,,1,55,,73293,25,,,1,30,,73294,25,,,1,70,,73295,25,,,1,45,,73296,25,,,1
200,'20261008',1620,,73297,25,,,1,30,,73298,25,,,1,55,,73299,25,,,1,15,,73300,25,,,1,15,,73301,25,,,1,15,,73302,25,,,1,55,,73303,25,,,1,30,,73304,25,,,1,70,,73305,25,,,1,45,,73306,25,,,1
200,'20261009',1620,,73307,25,,,1,30,,73308,25,,,1,55,,73309,25,,,1,15,,73310,25,,,1,15,,73311,25,,,1,15,,73312,25,,,1,55,,73313,25,,,1,30,,73314,25,,,1,70,,73315,25,,,1,45,,73316,25,,,1
200,'20261012',1620,,73317,25,,,1,30,,73318,25,,,1,55,,73319,25,,,1,15,,73320,25,,,1,15,,73321,25,,,1,15,,73322,25,,,1,55,,73323,25,,,1,30,,73324,25,,,1,70,,73325,25,,,1,45,,73326,25,,,1
200,'20261013',1620,,73327,25,,,1,30,,73328,25,,,1,55,,73329,25,,,1,15,,73330,25,,,1,15,,73331,25,,,1,15,,73332,25,,,1,55,,73333,25,,,1,30,,73334,25,,,1,70,,73335,25,,,1,45,,73336,25,,,1
200,'20261014',1620,,73337,25,,,1,30,,73338,25,,,1,55,,73339,25,,,1,15,,73340,25,,,1,15,,73341,25,,,1,15,,73342,25,,,1,55,,73343,25,,,1,30,,73344,25,,,1,70,,73345,25,,,1,45,,73346,25,,,1
200,'20261015',1620,,73347,25,,,1,30,,73348,25,,,1,55,,73349,25,,,1,15,,73350,25,,,1,15,,73351,25,,,1,15,,73352,25,,,1,55,,73353,25,,,1,30,,73354,25,,,1,70,,73355,25,,,1,45,,73356,25,,,1
200,'20261016',1620,,73357,25,,,1,30,,73358,25,,,1,55,,73359,25,,,1,15,,73360,25,,,1,15,,73361,25,,,1,15,,73362,25,,,1,55,,73363,25,,,1,30,,73364,25,,,1,70,,73365,25,,,1,45,,73366,25,,,1
200,'20261019',1620,,73367,25,,,1,30,,73368,25,,,1,55,,73369,25,,,1,15,,73370,25,,,1,15,,73371,25,,,1,15,,73372,25,,,1,55,,73373,25,,,1,30,,73374,25,,,1,70,,73375,25,,,1,45,,73376,25,,,1
200,'20261020',1620,,73377,25,,,1,30,,73378,25,,,1,55,,73379,25,,,1,15,,73380,25,,,1,15,,73381,25,,,1,15,,73382,25,,,1,55,,73383,25,,,1,30,,73384,25,,,1,70,,73385,25,,,1,45,,73386,25,,,1
200,'20261021',1620,,73387,25,,,1,30,,73388,25,,,1,55,,73389,25,,,1,15,,73390,25,,,1,15,,73391,25,,,1,15,,73392,25,,,1,55,,73393,25,,,1,30,,73394,25,,,1,70,,73395,25,,,1,45,,73396,25,,,1
200,'20261022',1620,,73397,25,,,1,30,,73398,25,,,1,55,,73399,25,,,1,15,,73400,25,,,1,15,,73401,25,,,1,15,,73402,25,,,1,55,,73403,25,,,1,30,,73404,25,,,1,70,,73405,25,,,1,45,,73406,25,,,1
200,'20261023',1620,,73407,25,,,1,30,,73408,25,,,1,55,,73409,25,,,1,15,,73410,25,,,1,15,,73411,25,,,1,15,,73412,25,,,1,55,,73413,25,,,1,30,,73414,25,,,1,70,,73415,25,,,1,45,,73416,25,,,1
200,'20261026',1620,,73417,25,,,1,30,,73418,25,,,1,55,,73419,25,,,1,15,,73420,25,,,1,15,,73421,25,,,1,15,,73422,25,,,1,55,,73423,25,,,1,30,,73424,25,,,1,70,,73425,25,,,1,45,,73426,25,,,1
200,'20261027',1620,,73427,25,,,1,30,,73428,25,,,1,55,,73429,25,,,1,15,,73430,25,,,1,15,,73431,25,,,1,15,,73432,25,,,1,55,,73433,25,,,1,30,,73434,25,,,1,70,,73435,25,,,1,45,,73436,25,,,1
200,'20261028',1620,,73437,25,,,1,30,,73438,25,,,1,55,,73439,25,,,1,15,,73440,25,,,1,15,,73441,25,,,1,15,,73442,25,,,1,55,,73443,25,,,1,30,,73444,25,,,1,70,,73445,25,,,1,45,,73446,25,,,1
200,'20261029',1620,,73447,25,,,1,30,,73448,25,,,1,55,,73449,25,,,1,15,,73450,25,,,1,15,,73451,25,,,1,15,,73452,25,,,1,55,,73453,25,,,1,30,,73454,25,,,1,70,,73455,25,,,1,45,,73456,25,,,1
200,'20261030',1620,,73457,25,,,1,30,,73458,25,,,1,55,,73459,25,,,1,15,,73460,25,,,1,15,,73461,25,,,1,15,,73462,25,,,1,55,,73463,25,,,1,30,,73464,25,,,1,70,,73465,25,,,1,45,,73466,25,,,1
200,'20261102',1620,,73467,25,,,1,30,,73468,25,,,1,55,,73469,25,,,1,15,,73470,25,,,1,15,,73471,25,,,1,15,,73472,25,,,1,55,,73473,25,,,1,30,,73474,25,,,1,70,,73475,25,,,1,45,,73476,25,,,1
200,'20261103',1620,,73477,25,,,1,30,,73478,25,,,1,55,,73479,25,,,1,15,,73480,25,,,1,15,,73481,25,,,1,15,,73482,25,,,1,55,,73483,25,,,1,30,,73484,25,,,1,70,,73485,25,,,1,45,,73486,25,,,1
200,'20261104',1620,,73487,25,,,1,30,,73488,25,,,1,55,,73489,25,,,1,15,,73490,25,,,1,15,,73491,25,,,1,15,,73492,25,,,1,55,,73493,25,,,1,30,,73494,25,,,1,70,,73495,25,,,1,45,,73496,25,,,1
200,'20261105',1620,,73497,25,,,1,30,,73498,25,,,1,55,,73499,25,,,1,15,,73500,25,,,1,15,,73501,25,,,1,15,,73502,25,,,1,55,,73503,25,,,1,30,,73504,25,,,1,70,,73505,25,,,1,45,,73506,25,,,1
200,'20261106',1620,,73507,25,,,1,30,,73508,25,,,1,55,,73509,25,,,1,15,,73510,25,,,1,15,,73511,25,,,1,15,,73512,25,,,1,55,,73513,25,,,1,30,,73514,25,,,1,70,,73515,25,,,1,45,,73516,25,,,1
200,'20261109',1620,,73517,25,,,1,30,,73518,25,,,1,55,,73519,25,,,1,15,,73520,25,,,1,15,,73521,25,,,1,15,,73522,25,,,1,55,,73523,25,,,1,30,,73524,25,,,1,70,,73525,25,,,1,45,,73526,25,,,1
200,'20261110',1620,,73527,25,,,1,30,,73528,25,,,1,55,,73529,25,,,1,15,,73530,25,,,1,15,,73531,25,,,1,15,,73532,25,,,1,55,,73533,25,,,1,30,,73534,25,,,1,70,,73535,25,,,1,45,,73536,25,,,1
200,'20261111',1620,,73537,25,,,1,30,,73538,25,,,1,55,,73539,25,,,1,15,,73540,25,,,1,15,,73541,25,,,1,15,,73542,25,,,1,55,,73543,25,,,1,30,,73544,25,,,1,70,,73545,25,,,1,45,,73546,25,,,1
200,'20261112',1620,,73547,25,,,1,30,,73548,25,,,1,55,,73549,25,,,1,15,,73550,25,,,1,15,,73551,25,,,1,15,,73552,25,,,1,55,,73553,25,,,1,30,,73554,25,,,1,70,,73555,25,,,1,45,,73556,25,,,1
200,'20261113',1620,,73557,25,,,1,30,,73558,25,,,1,55,,73559,25,,,1,15,,73560,25,,,1,15,,73561,25,,,1,15,,73562,25,,,1,55,,73563,25,,,1,30,,73564,25,,,1,70,,73565,25,,,1,45,,73566,25,,,1
200,'20261116',1620,,73567,25,,,1,30,,73568,25,,,1,55,,73569,25,,,1,15,,73570,25,,,1,15,,73571,25,,,1,15,,73572,25,,,1,55,,73573,25,,,1,30,,73574,25,,,1,70,,73575,25,,,1,45,,73576,25,,,1
200,'20261117',1620,,73577,25,,,1,30,,73578,25,,,1,55,,73579,25,,,1,15,,73580,25,,,1,15,,73581,25,,,1,15,,73582,25,,,1,55,,73583,25,,,1,30,,73584,25,,,1,70,,73585,25,,,1,45,,73586,25,,,1
200,'20261118',1620,,73587,25,,,1,30,,73588,25,,,1,55,,73589,25,,,1,15,,73590,25,,,1,15,,73591,25,,,1,15,,73592,25,,,1,55,,73593,25,,,1,30,,73594,25,,,1,70,,73595,25,,,1,45,,73596,25,,,1
200,'20261119',1620,,73597,25,,,1,30,,73598,25,,,1,55,,73599,25,,,1,15,,73600,25,,,1,15,,73601,25,,,1,15,,73602,25,,,1,55,,73603,25,,,1,30,,73604,25,,,1,70,,73605,25,,,1,45,,73606,25,,,1
200,'20261120',1620,,73607,25,,,1,30,,73608,25,,,1,55,,73609,25,,,1,15,,73610,25,,,1,15,,73611,25,,,1,15,,73612,25,,,1,55,,73613,25,,,1,30,,73614,25,,,1,70,,73615,25,,,1,45,,73616,25,,,1
200,'20261123',1620,,73617,25,,,1,30,,73618,25,,,1,55,,73619,25,,,1,15,,73620,25,,,1,15,,73621,25,,,1,15,,73622,25,,,1,55,,73623,25,,,1,30,,73624,25,,,1,70,,73625,25,,,1,45,,73626,25,,,1
200,'20261124',1620,,73627,25,,,1,30,,73628,25,,,1,55,,73629,25,,,1,15,,73630,25,,,1,15,,73631,25,,,1,15,,73632,25,,,1,55,,73633,25,,,1,30,,73634,25,,,1,70,,73635,25,,,1,45,,73636,25,,,1
200,'20261125',1620,,73637,25,,,1,30,,73638,25,,,1,55,,73639,25,,,1,15,,73640,25,,,1,15,,73641,25,,,1,15,,73642,25,,,1,55,,73643,25,,,1,30,,73644,25,,,1,70,,73645,25,,,1,45,,73646,25,,,1
200,'20261126',1620,,73647,25,,,1,30,,73648,25,,,1,55,,73649,25,,,1,15,,73650,25,,,1,15,,73651,25,,,1,15,,73652,25,,,1,55,,73653,25,,,1,30,,73654,25,,,1,70,,73655,25,,,1,45,,73656,25,,,1
200,'20261127',1620,,73657,25,,,1,30,,73658,25,,,1,55,,73659,25,,,1,15,,73660,25,,,1,15,,73661,25,,,1,15,,73662,25,,,1,55,,73663,25,,,1,30,,73664,25,,,1,70,,73665,25,,,1,45,,73666,25,,,1
201,'20260917',620,,73737,11,,,1,30,,73738,11,,,1,55,,73739,11,,,1,15,,73740,11,,,1,15,,73741,11,,,1,15,,73742,11,,,1,55,,73743,11,,,1,15,,73744,11,,,1,15,,73745,11,,,1,15,,73746,11,,,1
201,'20260918',620,,73747,11,,,1,30,,73748,11,,,1,55,,73749,11,,,1,15,,73750,11,,,1,15,,73751,11,,,1,15,,73752,11,,,1,55,,73753,11,,,1,15,,73754,11,,,1,15,,73755,11,,,1,15,,73756,11,,,1
201,'20260921',620,,73757,11,,,1,30,,73758,11,,,1,55,,73759,11,,,1,15,,73760,11,,,1,15,,73761,11,,,1,15,,73762,11,,,1,55,,73763,11,,,1,15,,73764,11,,,1,15,,73765,11,,,1,15,,73766,11,,,1
201,'20260922',620,,73767,11,,,1,30,,73768,11,,,1,55,,73769,11,,,1,15,,73770,11,,,1,15,,73771,11,,,1,15,,73772,11,,,1,55,,73773,11,,,1,15,,73774,11,,,1,15,,73775,11,,,1,15,,73776,11,,,1
201,'20260923',620,,73777,11,,,1,30,,73778,11,,,1,55,,73779,11,,,1,15,,73780,11,,,1,15,,73781,11,,,1,15,,73782,11,,,1,55,,73783,11,,,1,15,,73784,11,,,1,15,,73785,11,,,1,15,,73786,11,,,1
201,'20260924',620,,73787,11,,,1,30,,73788,11,,,1,55,,73789,11,,,1,15,,73790,11,,,1,15,,73791,11,,,1,15,,73792,11,,,1,55,,73793,11,,,1,15,,73794,11,,,1,15,,73795,11,,,1,15,,73796,11,,,1
201,'20260925',620,,73797,11,,,1,30,,73798,11,,,1,55,,73799,11,,,1,15,,73800,11,,,1,15,,73801,11,,,1,15,,73802,11,,,1,55,,73803,11,,,1,15,,73804,11,,,1,15,,73805,11,,,1,15,,73806,11,,,1
201,'20260928',620,,73807,11,,,1,30,,73808,11,,,1,55,,73809,11,,,1,15,,73810,11,,,1,15,,73811,11,,,1,15,,73812,11,,,1,55,,73813,11,,,1,15,,73814,11,,,1,15,,73815,11,,,1,15,,73816,11,,,1
201,'20260929',620,,73817,11,,,1,30,,73818,11,,,1,55,,73819,11,,,1,15,,73820,11,,,1,15,,73821,11,,,1,15,,73822,11,,,1,55,,73823,11,,,1,15,,73824,11,,,1,15,,73825,11,,,1,15,,73826,11,,,1
201,'20260930',620,,73827,11,,,1,30,,73828,11,,,1,55,,73829,11,,,1,15,,73830,11,,,1,15,,73831,11,,,1,15,,73832,11,,,1,55,,73833,11,,,1,15,,73834,11,,,1,15,,73835,11,,,1,15,,73836,11,,,1
201,'20261001',620,,73837,11,,,1,30,,73838,11,,,1,55,,73839,11,,,1,15,,73840,11,,,1,15,,73841,11,,,1,15,,73842,11,,,1,55,,73843,11,,,1,15,,73844,11,,,1,15,,73845,11,,,1,15,,73846,11,,,1
201,'20261002',620,,73847,11,,,1,30,,73848,11,,,1,55,,73849,11,,,1,15,,73850,11,,,1,15,,73851,11,,,1,15,,73852,11,,,1,55,,73853,11,,,1,15,,73854,11,,,1,15,,73855,11,,,1,15,,73856,11,,,1
201,'20261005',620,,73857,11,,,1,30,,73858,11,,,1,55,,73859,11,,,1,15,,73860,11,,,1,15,,73861,11,,,1,15,,73862,11,,,1,55,,73863,11,,,1,15,,73864,11,,,1,15,,73865,11,,,1,15,,73866,11,,,1
201,'20261006',620,,73867,11,,,1,30,,73868,11,,,1,55,,73869,11,,,1,15,,73870,11,,,1,15,,73871,11,,,1,15,,73872,11,,,1,55,,73873,11,,,1,15,,73874,11,,,1,15,,73875,11,,,1,15,,73876,11,,,1
201,'20261007',620,,73877,11,,,1,30,,73878,11,,,1,55,,73879,11,,,1,15,,73880,11,,,1,15,,73881,11,,,1,15,,73882,11,,,1,55,,73883,11,,,1,15,,73884,11,,,1,15,,73885,11,,,1,15,,73886,11,,,1
201,'20261008',620,,73887,11,,,1,30,,73888,11,,,1,55,,73889,11,,,1,15,,73890,11,,,1,15,,73891,11,,,1,15,,73892,11,,,1,55,,73893,11,,,1,15,,73894,11,,,1,15,,73895,11,,,1,15,,73896,11,,,1
201,'20261009',620,,73897,11,,,1,30,,73898,11,,,1,55,,73899,11,,,1,15,,73900,11,,,1,15,,73901,11,,,1,15,,73902,11,,,1,55,,73903,11,,,1,15,,73904,11,,,1,15,,73905,11,,,1,15,,73906,11,,,1
201,'20261012',620,,73907,11,,,1,30,,73908,11,,,1,55,,73909,11,,,1,15,,73910,11,,,1,15,,73911,11,,,1,15,,73912,11,,,1,55,,73913,11,,,1,15,,73914,11,,,1,15,,73915,11,,,1,15,,73916,11,,,1
201,'20261013',620,,73917,11,,,1,30,,73918,11,,,1,55,,73919,11,,,1,15,,73920,11,,,1,15,,73921,11,,,1,15,,73922,11,,,1,55,,73923,11,,,1,15,,73924,11,,,1,15,,73925,11,,,1,15,,73926,11,,,1
201,'20261014',620,,73927,11,,,1,30,,73928,11,,,1,55,,73929,11,,,1,15,,73930,11,,,1,15,,73931,11,,,1,15,,73932,11,,,1,55,,73933,11,,,1,15,,73934,11,,,1,15,,73935,11,,,1,15,,73936,11,,,1
201,'20261015',620,,73937,11,,,1,30,,73938,11,,,1,55,,73939,11,,,1,15,,73940,11,,,1,15,,73941,11,,,1,15,,73942,11,,,1,55,,73943,11,,,1,15,,73944,11,,,1,15,,73945,11,,,1,15,,73946,11,,,1
201,'20261016',620,,73947,11,,,1,30,,73948,11,,,1,55,,73949,11,,,1,15,,73950,11,,,1,15,,73951,11,,,1,15,,73952,11,,,1,55,,73953,11,,,1,15,,73954,11,,,1,15,,73955,11,,,1,15,,73956,11,,,1
201,'20261019',620,,73957,11,,,1,30,,73958,11,,,1,55,,73959,11,,,1,15,,73960,11,,,1,15,,73961,11,,,1,15,,73962,11,,,1,55,,73963,11,,,1,15,,73964,11,,,1,15,,73965,11,,,1,15,,73966,11,,,1
201,'20261020',620,,73967,11,,,1,30,,73968,11,,,1,55,,73969,11,,,1,15,,73970,11,,,1,15,,73971,11,,,1,15,,73972,11,,,1,55,,73973,11,,,1,15,,73974,11,,,1,15,,73975,11,,,1,15,,73976,11,,,1
201,'20261021',620,,73977,11,,,1,30,,73978,11,,,1,55,,73979,11,,,1,15,,73980,11,,,1,15,,73981,11,,,1,15,,73982,11,,,1,55,,73983,11,,,1,15,,73984,11,,,1,15,,73985,11,,,1,15,,73986,11,,,1
201,'20261022',620,,73987,11,,,1,30,,73988,11,,,1,55,,73989,11,,,1,15,,73990,11,,,1,15,,73991,11,,,1,15,,73992,11,,,1,55,,73993,11,,,1,15,,73994,11,,,1,15,,73995,11,,,1,15,,73996,11,,,1
201,'20261023',620,,73997,11,,,1,30,,73998,11,,,1,55,,73999,11,,,1,15,,74000,11,,,1,15,,74001,11,,,1,15,,74002,11,,,1,55,,74003,11,,,1,15,,74004,11,,,1,15,,74005,11,,,1,15,,74006,11,,,1
201,'20261026',620,,74007,11,,,1,30,,74008,11,,,1,55,,74009,11,,,1,15,,74010,11,,,1,15,,74011,11,,,1,15,,74012,11,,,1,55,,74013,11,,,1,15,,74014,11,,,1,15,,74015,11,,,1,15,,74016,11,,,1
201,'20261027',620,,74017,11,,,1,30,,74018,11,,,1,55,,74019,11,,,1,15,,74020,11,,,1,15,,74021,11,,,1,15,,74022,11,,,1,55,,74023,11,,,1,15,,74024,11,,,1,15,,74025,11,,,1,15,,74026,11,,,1
201,'20261028',620,,74027,11,,,1,30,,74028,11,,,1,55,,74029,11,,,1,15,,74030,11,,,1,15,,74031,11,,,1,15,,74032,11,,,1,55,,74033,11,,,1,15,,74034,11,,,1,15,,74035,11,,,1,15,,74036,11,,,1
201,'20261029',620,,74037,11,,,1,30,,74038,11,,,1,55,,74039,11,,,1,15,,74040,11,,,1,15,,74041,11,,,1,15,,74042,11,,,1,55,,74043,11,,,1,15,,74044,11,,,1,15,,74045,11,,,1,15,,74046,11,,,1
201,'20261030',620,,74047,11,,,1,30,,74048,11,,,1,55,,74049,11,,,1,15,,74050,11,,,1,15,,74051,11,,,1,15,,74052,11,,,1,55,,74053,11,,,1,15,,74054,11,,,1,15,,74055,11,,,1,15,,74056,11,,,1
201,'20261102',620,,74057,11,,,1,30,,74058,11,,,1,55,,74059,11,,,1,15,,74060,11,,,1,15,,74061,11,,,1,15,,74062,11,,,1,55,,74063,11,,,1,15,,74064,11,,,1,15,,74065,11,,,1,15,,74066,11,,,1
201,'20261103',620,,74067,11,,,1,30,,74068,11,,,1,55,,74069,11,,,1,15,,74070,11,,,1,15,,74071,11,,,1,15,,74072,11,,,1,55,,74073,11,,,1,15,,74074,11,,,1,15,,74075,11,,,1,15,,74076,11,,,1
201,'20261104',620,,74077,11,,,1,30,,74078,11,,,1,55,,74079,11,,,1,15,,74080,11,,,1,15,,74081,11,,,1,15,,74082,11,,,1,55,,74083,11,,,1,15,,74084,11,,,1,15,,74085,11,,,1,15,,74086,11,,,1
201,'20261105',620,,74087,11,,,1,30,,74088,11,,,1,55,,74089,11,,,1,15,,74090,11,,,1,15,,74091,11,,,1,15,,74092,11,,,1,55,,74093,11,,,1,15,,74094,11,,,1,15,,74095,11,,,1,15,,74096,11,,,1
201,'20261106',620,,74097,11,,,1,30,,74098,11,,,1,55,,74099,11,,,1,15,,74100,11,,,1,15,,74101,11,,,1,15,,74102,11,,,1,55,,74103,11,,,1,15,,74104,11,,,1,15,,74105,11,,,1,15,,74106,11,,,1
201,'20261109',620,,74107,11,,,1,30,,74108,11,,,1,55,,74109,11,,,1,15,,74110,11,,,1,15,,74111,11,,,1,15,,74112,11,,,1,55,,74113,11,,,1,15,,74114,11,,,1,15,,74115,11,,,1,15,,74116,11,,,1
201,'20261110',620,,74117,11,,,1,30,,74118,11,,,1,55,,74119,11,,,1,15,,74120,11,,,1,15,,74121,11,,,1,15,,74122,11,,,1,55,,74123,11,,,1,15,,74124,11,,,1,15,,74125,11,,,1,15,,74126,11,,,1
201,'20261111',620,,74127,11,,,1,30,,74128,11,,,1,55,,74129,11,,,1,15,,74130,11,,,1,15,,74131,11,,,1,15,,74132,11,,,1,55,,74133,11,,,1,15,,74134,11,,,1,15,,74135,11,,,1,15,,74136,11,,,1
201,'20261112',620,,74137,11,,,1,30,,74138,11,,,1,55,,74139,11,,,1,15,,74140,11,,,1,15,,74141,11,,,1,15,,74142,11,,,1,55,,74143,11,,,1,15,,74144,11,,,1,15,,74145,11,,,1,15,,74146,11,,,1
201,'20261113',620,,74147,11,,,1,30,,74148,11,,,1,55,,74149,11,,,1,15,,74150,11,,,1,15,,74151,11,,,1,15,,74152,11,,,1,55,,74153,11,,,1,15,,74154,11,,,1,15,,74155,11,,,1,15,,74156,11,,,1
201,'20261116',620,,74157,11,,,1,30,,74158,11,,,1,55,,74159,11,,,1,15,,74160,11,,,1,15,,74161,11,,,1,15,,74162,11,,,1,55,,74163,11,,,1,15,,74164,11,,,1,15,,74165,11,,,1,15,,74166,11,,,1
201,'20261117',620,,74167,11,,,1,30,,74168,11,,,1,55,,74169,11,,,1,15,,74170,11,,,1,15,,74171,11,,,1,15,,74172,11,,,1,55,,74173,11,,,1,15,,74174,11,,,1,15,,74175,11,,,1,15,,74176,11,,,1
201,'20261118',620,,74177,11,,,1,30,,74178,11,,,1,55,,74179,11,,,1,15,,74180,11,,,1,15,,74181,11,,,1,15,,74182,11,,,1,55,,74183,11,,,1,15,,74184,11,,,1,15,,74185,11,,,1,15,,74186,11,,,1
201,'20261119',620,,74187,11,,,1,30,,74188,11,,,1,55,,74189,11,,,1,15,,74190,11,,,1,15,,74191,11,,,1,15,,74192,11,,,1,55,,74193,11,,,1,15,,74194,11,,,1,15,,74195,11,,,1,15,,74196,11,,,1
201,'20261120',620,,74197,11,,,1,30,,74198,11,,,1,55,,74199,11,,,1,15,,74200,11,,,1,15,,74201,11,,,1,15,,74202,11,,,1,55,,74203,11,,,1,15,,74204,11,,,1,15,,74205,11,,,1,15,,74206,11,,,1
201,'20261123',620,,74207,11,,,1,30,,74208,11,,,1,55,,74209,11,,,1,15,,74210,11,,,1,15,,74211,11,,,1,15,,74212,11,,,1,55,,74213,11,,,1,15,,74214,11,,,1,15,,74215,11,,,1,15,,74216,11,,,1
201,'20261124',620,,74217,11,,,1,30,,74218,11,,,1,55,,74219,11,,,1,15,,74220,11,,,1,15,,74221,11,,,1,15,,74222,11,,,1,55,,74223,11,,,1,15,,74224,11,,,1,15,,74225,11,,,1,15,,74226,11,,,1
201,'20261125',620,,74227,11,,,1,30,,74228,11,,,1,55,,74229,11,,,1,15,,74230,11,,,1,15,,74231,11,,,1,15,,74232,11,,,1,55,,74233,11,,,1,15,,74234,11,,,1,15,,74235,11,,,1,15,,74236,11,,,1
201,'20261126',620,,74237,11,,,1,30,,74238,11,,,1,55,,74239,11,,,1,15,,74240,11,,,1,15,,74241,11,,,1,15,,74242,11,,,1,55,,74243,11,,,1,15,,74244,11,,,1,15,,74245,11,,,1,15,,74246,11,,,1
201,'20261127',620,,74247,11,,,1,30,,74248,11,,,1,55,,74249,11,,,1,15,,74250,11,,,1,15,,74251,11,,,1,15,,74252,11,,,1,55,,74253,11,,,1,15,,74254,11,,,1,15,,74255,11,,,1,15,,74256,11,,,1
