100,'20260819',1706,,36050,43,4,,1,100,,36051,43,4,,1,30,,36052,43,4,,1,70,,36053,43,4,,1
100,'20260820',1706,,36098,43,4,,1,100,,36099,43,4,,1,30,,36100,43,4,,1,70,,36101,43,4,,1
100,'20260821',1712,,36148,43,4,,1,100,,36149,43,4,,1,30,,36150,43,4,,1,69,,36151,43,4,,1
100,'20260824',1712,,64687,43,4,,1,100,,64688,43,4,,1,30,,64689,43,4,,1,69,,64690,43,4,,1
100,'20260825',1712,,36350,43,4,,1,100,,36351,43,4,,1,30,,36352,43,4,,1,69,,36353,43,4,,1
100,'20260826',1712,,36398,43,4,,1,100,,36399,43,4,,1,30,,36400,43,4,,1,69,,36401,43,4,,1
100,'20260827',1712,,36446,43,4,,1,100,,36447,43,4,,1,30,,36448,43,4,,1,69,,36449,43,4,,1
100,'20260828',1712,,36496,43,4,,1,100,,36497,43,4,,1,30,,36498,43,4,,1,69,,36499,43,4,,1
100,'20260831',1712,,64706,43,4,,1,100,,64707,43,4,,1,30,,64708,43,4,,1,69,,64709,43,4,,1
100,'20260901',1712,,36698,43,4,,1,100,,36699,43,4,,1,30,,36700,43,4,,1,69,,36701,43,4,,1
100,'20260902',1712,,36746,43,4,,1,100,,36747,43,4,,1,30,,36748,43,4,,1,69,,36749,43,4,,1
100,'20260903',1712,,36794,43,4,,1,100,,36795,43,4,,1,30,,36796,43,4,,1,69,,36797,43,4,,1
100,'20260904',1712,,36844,43,4,,1,100,,36845,43,4,,1,30,,36846,43,4,,1,69,,36847,43,4,,1
101,'20260819',547,,40875,1,,,1,70,,40876,1,,,1,30,,40877,1,,,1,70,,40878,1,,,1
101,'20260820',547,,40923,1,,,1,70,,40924,1,,,1,30,,40925,1,,,1,70,,40926,1,,,1
101,'20260821',547,,40973,1,,,1,70,,40974,1,,,1,30,,40975,1,,,1,70,,40976,1,,,1
101,'20260824',547,,64767,1,,,1,70,,64768,1,,,1,30,,64769,1,,,1,70,,64770,1,,,1
101,'20260825',547,,41177,1,,,1,70,,41178,1,,,1,30,,41179,1,,,1,70,,41180,1,,,1
101,'20260826',547,,41225,1,,,1,70,,41226,1,,,1,30,,41227,1,,,1,70,,41228,1,,,1
101,'20260827',547,,41273,1,,,1,70,,41274,1,,,1,30,,41275,1,,,1,70,,41276,1,,,1
101,'20260828',547,,41323,1,,,1,70,,41324,1,,,1,30,,41325,1,,,1,70,,41326,1,,,1
101,'20260831',547,,64788,1,,,1,70,,64789,1,,,1,30,,64790,1,,,1,70,,64791,1,,,1
101,'20260901',547,,41527,1,,,1,70,,41528,1,,,1,30,,41529,1,,,1,70,,41530,1,,,1
101,'20260902',547,,41575,1,,,1,70,,41576,1,,,1,30,,41577,1,,,1,70,,41578,1,,,1
101,'20260903',547,,41623,1,,,1,70,,41624,1,,,1,30,,41625,1,,,1,70,,41626,1,,,1
101,'20260904',547,,41673,1,,,1,70,,41674,1,,,1,30,,41675,1,,,1,70,,41676,1,,,1
