300,'20260917',930,,74683,21,0,35,1,89,,74678,21,0,35,1,101,,74665,21,0,23 26,1,100,,74666,21,0,23 26,1,102,,74679,21,0,35,1,98,,74667,21,0,23 26,1,100,,74668,21,0,23 26,1,100,,74680,21,0,35,1,80,,74675,21,0,35,1,21,,74673,21,0,27,1,8,,74685,21,,,1,22,,74674,21,0,27,1,49,,74676,21,0,35,1,31,,74684,21,0,35,1,26,,74677,21,0,35,1,63,,74669,21,0,23 26,1,100,,74670,21,0,23 26,1,100,,74671,21,0,23 26,1,100,,74681,21,0,35,1,102,,74682,21,0,35,1,98,,74672,21,0,23 26,1
300,'20260918',930,,74723,21,0,35,1,89,,74718,21,0,35,1,101,,74705,21,0,23 26,1,100,,74706,21,0,23 26,1,102,,74719,21,0,35,1,98,,74707,21,0,23 26,1,100,,74708,21,0,23 26,1,100,,74720,21,0,35,1,80,,74715,21,0,35,1,21,,74713,21,0,27,1,8,,74725,21,,,1,22,,74714,21,0,27,1,49,,74716,21,0,35,1,31,,74724,21,0,35,1,26,,74717,21,0,35,1,63,,74709,21,0,23 26,1,100,,74710,21,0,23 26,1,100,,74711,21,0,23 26,1,100,,74721,21,0,27,1,102,,74722,21,0,35,1
300,'20260919',917,,74735,13,0,23 26,1,114,,74736,13,0,23 26,1,100,,74737,13,0,23 26,1,100,,74738,13,0,23 26,1,100,,74739,13,0,23 26,1,100,,74740,13,0,23 26,1,100,,74741,13,0,23 26,1,100,,74742,13,0,23 26,1,100,,74749,13,0,23 26,1,100,,74743,13,0,23 26,1,100,,74744,13,0,23 26,1,100,,74745,13,0,23 26,1,100,,74746,13,0,23 26,1,100,,74747,13,0,23 26,1,100,,74750,13,0,23 26,1,100,,74748,13,0,23 26,1
300,'20260920',917,,74761,13,0,23 26,1,114,,74762,13,0,23 26,1,100,,74763,13,0,23 26,1,100,,74764,13,0,23 26,1,100,,74765,13,0,23 26,1,100,,74766,13,0,23 26,1,100,,74767,13,0,23 26,1,100,,74768,13,0,23 26,1,100,,74775,13,0,23 26,1,100,,74769,13,0,23 26,1,100,,74770,13,0,23 26,1,100,,74771,13,0,23 26,1,100,,74772,13,0,23 26,1,100,,74773,13,0,23 26,1,100,,74776,13,0,23 26,1,100,,74774,13,0,23 26,1
300,'20260921',929,,74815,21,0,35,1,90,,74810,21,0,35,1,100,,74797,21,0,23 26,1,100,,74798,21,0,23 26,1,101,,74811,21,0,35,1,99,,74799,21,0,23 26,1,100,,74800,21,0,23 26,1,100,,74812,21,0,35,1,38,,74807,21,0,35,1,63,,74805,21,0,27,1,8,,74817,21,,,1,22,,74806,21,0,27,1,9,,74808,21,0,35,1,71,,74816,21,0,35,1,26,,74809,21,0,35,1,63,,74801,21,0,23 26,1,100,,74802,21,0,23 26,1,100,,74803,21,0,23 26,1,100,,74813,21,0,35,1,100,,74814,21,0,35,1,100,,74804,21,0,23 26,1
300,'20260922',928,,74855,21,0,35,1,91,,74850,21,0,35,1,100,,74837,21,0,23 26,1,100,,74838,21,0,23 26,1,100,,74851,21,0,35,1,100,,74839,21,0,23 26,1,100,,74840,21,0,23 26,1,100,,74852,21,0,35,1,38,,74847,21,0,35,1,62,,74845,21,0,27,1,9,,74857,21,,,1,21,,74846,21,0,27,1,9,,74848,21,0,35,1,71,,74856,21,0,35,1,27,,74849,21,0,35,1,63,,74841,21,0,23 26,1,100,,74842,21,0,23 26,1,100,,74843,21,0,23 26,1,100,,74853,21,0,35,1,100,,74854,21,0,35,1,100,,74844,21,0,23 26,1
300,'20260923',928,,74895,21,0,35,1,91,,74890,21,0,35,1,100,,74877,21,0,23 26,1,100,,74878,21,0,23 26,1,100,,74891,21,0,35,1,100,,74879,21,0,23 26,1,100,,74880,21,0,23 26,1,100,,74892,21,0,35,1,38,,74887,21,0,35,1,62,,74885,21,0,27,1,9,,74897,21,,,1,21,,74886,21,0,27,1,9,,74888,21,0,35,1,71,,74896,21,0,35,1,27,,74889,21,0,35,1,63,,74881,21,0,23 26,1,100,,74882,21,0,23 26,1,100,,74883,21,0,23 26,1,100,,74893,21,0,35,1,100,,74894,21,0,35,1,100,,74884,21,0,23 26,1
300,'20260924',928,,74935,21,0,35,1,91,,74930,21,0,35,1,100,,74917,21,0,23 26,1,100,,74918,21,0,23 26,1,100,,74931,21,0,35,1,100,,74919,21,0,23 26,1,100,,74920,21,0,23 26,1,100,,74932,21,0,35,1,38,,74927,21,0,35,1,62,,74925,21,0,27,1,9,,74937,21,,,1,21,,74926,21,0,27,1,9,,74928,21,0,35,1,71,,74936,21,0,35,1,27,,74929,21,0,35,1,63,,74921,21,0,23 26,1,100,,74922,21,0,23 26,1,100,,74923,21,0,23 26,1,100,,74933,21,0,35,1,100,,74934,21,0,35,1,100,,74924,21,0,23 26,1
300,'20260925',928,,74975,21,0,35,1,91,,74970,21,0,35,1,100,,74957,21,0,23 26,1,100,,74958,21,0,23 26,1,100,,74971,21,0,35,1,100,,74959,21,0,23 26,1,100,,74960,21,0,23 26,1,100,,74972,21,0,35,1,38,,74967,21,0,35,1,62,,74965,21,0,27,1,9,,74977,21,,,1,21,,74966,21,0,27,1,9,,74968,21,0,35,1,71,,74976,21,0,35,1,27,,74969,21,0,35,1,63,,74961,21,0,23 26,1,100,,74962,21,0,23 26,1,100,,74963,21,0,23 26,1,100,,74973,21,0,35,1,100,,74974,21,0,35,1,100,,74964,21,0,23 26,1
300,'20260926',917,,74987,21,0,23 26,1,11,,75003,21,,,1,103,,74988,21,0,23 26,1,100,,74989,21,0,23 26,1,100,,74990,21,0,23 26,1,100,,74991,21,0,23 26,1,100,,74992,21,0,23 26,1,100,,74993,21,0,23 26,1,100,,74994,21,0,23 26,1,100,,75001,21,0,35,1,100,,74995,21,0,23 26,1,100,,74996,21,0,23 26,1,100,,74997,21,0,23 26,1,100,,74998,21,0,23 26,1,100,,74999,21,0,23 26,1,100,,75002,21,0,35,1,100,,75000,21,0,23 26,1
300,'20260927',917,,75013,21,0,23 26,1,11,,75029,21,,,1,103,,75014,21,0,23 26,1,100,,75015,21,0,23 26,1,100,,75016,21,0,23 26,1,100,,75017,21,0,23 26,1,100,,75018,21,0,23 26,1,100,,75019,21,0,23 26,1,100,,75020,21,0,23 26,1,100,,75027,21,0,35,1,100,,75021,21,0,23 26,1,100,,75022,21,0,23 26,1,100,,75023,21,0,23 26,1,100,,75024,21,0,23 26,1,100,,75025,21,0,23 26,1,100,,75028,21,0,35,1,100,,75026,21,0,23 26,1
300,'20260928',928,,75067,21,0,35,1,91,,75062,21,0,35,1,100,,75049,21,0,23 26,1,100,,75050,21,0,23 26,1,100,,75063,21,0,35,1,100,,75051,21,0,23 26,1,100,,75052,21,0,23 26,1,100,,75064,21,0,35,1,38,,75059,21,0,35,1,62,,75057,21,0,27,1,9,,75069,21,,,1,21,,75058,21,0,27,1,9,,75060,21,0,35,1,71,,75068,21,0,35,1,27,,75061,21,0,35,1,63,,75053,21,0,23 26,1,100,,75054,21,0,23 26,1,100,,75055,21,0,23 26,1,100,,75065,21,0,35,1,100,,75066,21,0,35,1,100,,75056,21,0,23 26,1
300,'20260929',928,,75107,21,0,35,1,91,,75102,21,0,35,1,100,,75089,21,0,23 26,1,100,,75090,21,0,23 26,1,100,,75103,21,0,35,1,100,,75091,21,0,23 26,1,100,,75092,21,0,23 26,1,100,,75104,21,0,35,1,38,,75099,21,0,35,1,62,,75097,21,0,27,1,9,,75109,21,,,1,21,,75098,21,0,27,1,9,,75100,21,0,35,1,71,,75108,21,0,35,1,27,,75101,21,0,35,1,63,,75093,21,0,23 26,1,100,,75094,21,0,23 26,1,100,,75095,21,0,23 26,1,100,,75105,21,0,35,1,100,,75106,21,0,35,1,100,,75096,21,0,23 26,1
300,'20260930',928,,75147,21,0,35,1,91,,75142,21,0,35,1,100,,75129,21,0,23 26,1,100,,75130,21,0,23 26,1,100,,75143,21,0,35,1,100,,75131,21,0,23 26,1,100,,75132,21,0,23 26,1,100,,75144,21,0,35,1,38,,75139,21,0,35,1,62,,75137,21,0,27,1,9,,75149,21,,,1,21,,75138,21,0,27,1,9,,75140,21,0,35,1,71,,75148,21,0,35,1,27,,75141,21,0,35,1,63,,75133,21,0,23 26,1,100,,75134,21,0,23 26,1,100,,75135,21,0,23 26,1,100,,75145,21,0,35,1,100,,75146,21,0,35,1,100,,75136,21,0,23 26,1
300,'20261001',928,,75187,21,0,35,1,91,,75182,21,0,35,1,100,,75169,21,0,23 26,1,100,,75170,21,0,23 26,1,100,,75183,21,0,35,1,100,,75171,21,0,23 26,1,100,,75172,21,0,23 26,1,100,,75184,21,0,35,1,38,,75179,21,0,35,1,62,,75177,21,0,27,1,9,,75189,21,,,1,21,,75178,21,0,27,1,9,,75180,21,0,35,1,71,,75188,21,0,35,1,27,,75181,21,0,35,1,63,,75173,21,0,23 26,1,100,,75174,21,0,23 26,1,100,,75175,21,0,23 26,1,100,,75185,21,0,35,1,100,,75186,21,0,35,1,100,,75176,21,0,23 26,1
300,'20261002',928,,75227,21,0,35,1,91,,75222,21,0,35,1,100,,75209,21,0,23 26,1,100,,75210,21,0,23 26,1,100,,75223,21,0,35,1,100,,75211,21,0,23 26,1,100,,75212,21,0,23 26,1,100,,75224,21,0,35,1,38,,75219,21,0,35,1,62,,75217,21,0,27,1,9,,75229,21,,,1,21,,75218,21,0,27,1,9,,75220,21,0,35,1,71,,75228,21,0,35,1,27,,75221,21,0,35,1,63,,75213,21,0,23 26,1,100,,75214,21,0,23 26,1,100,,75215,21,0,23 26,1,100,,75225,21,0,27,1,100,,75226,21,0,35,1
300,'20261003',917,,75239,13,0,23 26,1,114,,75240,13,0,23 26,1,100,,75241,13,0,23 26,1,100,,75242,13,0,23 26,1,100,,75243,13,0,23 26,1,100,,75244,13,0,23 26,1,100,,75245,13,0,23 26,1,100,,75246,13,0,23 26,1,100,,75253,13,0,23 26,1,100,,75247,13,0,23 26,1,100,,75248,13,0,23 26,1,100,,75249,13,0,23 26,1,100,,75250,13,0,23 26,1,100,,75251,13,0,23 26,1,100,,75254,13,0,23 26,1,100,,75252,13,0,23 26,1
300,'20261004',917,,75265,13,0,23 26,1,114,,75266,13,0,23 26,1,100,,75267,13,0,23 26,1,100,,75268,13,0,23 26,1,100,,75269,13,0,23 26,1,100,,75270,13,0,23 26,1,100,,75271,13,0,23 26,1,100,,75272,13,0,23 26,1,100,,75279,13,0,23 26,1,100,,75273,13,0,23 26,1,100,,75274,13,0,23 26,1,100,,75275,13,0,23 26,1,100,,75276,13,0,23 26,1,100,,75277,13,0,23 26,1,100,,75280,13,0,23 26,1,100,,75278,13,0,23 26,1
300,'20261005',928,,75319,21,0,35,1,91,,75314,21,0,35,1,100,,75301,21,0,23 26,1,100,,75302,21,0,23 26,1,100,,75315,21,0,35,1,100,,75303,21,0,23 26,1,100,,75304,21,0,23 26,1,100,,75316,21,0,35,1,38,,75311,21,0,35,1,62,,75309,21,0,27,1,9,,75321,21,,,1,21,,75310,21,0,27,1,9,,75312,21,0,35,1,71,,75320,21,0,35,1,27,,75313,21,0,35,1,63,,75305,21,0,23 26,1,100,,75306,21,0,23 26,1,100,,75307,21,0,23 26,1,100,,75317,21,0,35,1,100,,75318,21,0,35,1,100,,75308,21,0,23 26,1
300,'20261006',928,,75359,21,0,35,1,91,,75354,21,0,35,1,100,,75341,21,0,23 26,1,100,,75342,21,0,23 26,1,100,,75355,21,0,35,1,100,,75343,21,0,23 26,1,100,,75344,21,0,23 26,1,100,,75356,21,0,35,1,38,,75351,21,0,35,1,62,,75349,21,0,27,1,9,,75361,21,,,1,21,,75350,21,0,27,1,9,,75352,21,0,35,1,71,,75360,21,0,35,1,27,,75353,21,0,35,1,63,,75345,21,0,23 26,1,100,,75346,21,0,23 26,1,100,,75347,21,0,23 26,1,100,,75357,21,0,35,1,100,,75358,21,0,35,1,100,,75348,21,0,23 26,1
300,'20261007',928,,75399,21,0,35,1,91,,75394,21,0,35,1,100,,75381,21,0,23 26,1,100,,75382,21,0,23 26,1,100,,75395,21,0,35,1,100,,75383,21,0,23 26,1,100,,75384,21,0,23 26,1,100,,75396,21,0,35,1,38,,75391,21,0,35,1,62,,75389,21,0,27,1,9,,75401,21,,,1,21,,75390,21,0,27,1,9,,75392,21,0,35,1,71,,75400,21,0,35,1,27,,75393,21,0,35,1,63,,75385,21,0,23 26,1,100,,75386,21,0,23 26,1,100,,75387,21,0,23 26,1,100,,75397,21,0,35,1,100,,75398,21,0,35,1,100,,75388,21,0,23 26,1
300,'20261008',928,,75439,21,0,35,1,91,,75434,21,0,35,1,100,,75421,21,0,23 26,1,100,,75422,21,0,23 26,1,100,,75435,21,0,35,1,100,,75423,21,0,23 26,1,100,,75424,21,0,23 26,1,100,,75436,21,0,35,1,38,,75431,21,0,35,1,62,,75429,21,0,27,1,9,,75441,21,,,1,21,,75430,21,0,27,1,9,,75432,21,0,35,1,71,,75440,21,0,35,1,27,,75433,21,0,35,1,63,,75425,21,0,23 26,1,100,,75426,21,0,23 26,1,100,,75427,21,0,23 26,1,100,,75437,21,0,35,1,100,,75438,21,0,35,1,100,,75428,21,0,23 26,1
300,'20261009',928,,75479,21,0,35,1,91,,75474,21,0,35,1,100,,75461,21,0,23 26,1,100,,75462,21,0,23 26,1,100,,75475,21,0,35,1,100,,75463,21,0,23 26,1,100,,75464,21,0,23 26,1,100,,75476,21,0,35,1,38,,75471,21,0,35,1,62,,75469,21,0,27,1,9,,75481,21,,,1,21,,75470,21,0,27,1,9,,75472,21,0,35,1,71,,75480,21,0,35,1,27,,75473,21,0,35,1,63,,75465,21,0,23 26,1,100,,75466,21,0,23 26,1,100,,75467,21,0,23 26,1,100,,75477,21,0,35,1,100,,75478,21,0,35,1,100,,75468,21,0,23 26,1
300,'20261010',917,,75491,21,0,23 26,1,11,,75507,21,,,1,103,,75492,21,0,23 26,1,100,,75493,21,0,23 26,1,100,,75494,21,0,23 26,1,100,,75495,21,0,23 26,1,100,,75496,21,0,23 26,1,100,,75497,21,0,23 26,1,100,,75498,21,0,23 26,1,100,,75505,21,0,35,1,100,,75499,21,0,23 26,1,100,,75500,21,0,23 26,1,100,,75501,21,0,23 26,1,100,,75502,21,0,23 26,1,100,,75503,21,0,23 26,1,100,,75506,21,0,35,1,100,,75504,21,0,23 26,1
300,'20261011',917,,75517,21,0,23 26,1,11,,75533,21,,,1,103,,75518,21,0,23 26,1,100,,75519,21,0,23 26,1,100,,75520,21,0,23 26,1,100,,75521,21,0,23 26,1,100,,75522,21,0,23 26,1,100,,75523,21,0,23 26,1,100,,75524,21,0,23 26,1,100,,75531,21,0,35,1,100,,75525,21,0,23 26,1,100,,75526,21,0,23 26,1,100,,75527,21,0,23 26,1,100,,75528,21,0,23 26,1,100,,75529,21,0,23 26,1,100,,75532,21,0,35,1,100,,75530,21,0,23 26,1
300,'20261012',928,,75571,21,0,35,1,91,,75566,21,0,35,1,100,,75553,21,0,23 26,1,100,,75554,21,0,23 26,1,100,,75567,21,0,35,1,100,,75555,21,0,23 26,1,100,,75556,21,0,23 26,1,100,,75568,21,0,35,1,38,,75563,21,0,35,1,62,,75561,21,0,27,1,9,,75573,21,,,1,21,,75562,21,0,27,1,9,,75564,21,0,35,1,71,,75572,21,0,35,1,27,,75565,21,0,35,1,63,,75557,21,0,23 26,1,100,,75558,21,0,23 26,1,100,,75559,21,0,23 26,1,100,,75569,21,0,35,1,100,,75570,21,0,35,1,100,,75560,21,0,23 26,1
300,'20261013',928,,75611,21,0,35,1,91,,75606,21,0,35,1,100,,75593,21,0,23 26,1,100,,75594,21,0,23 26,1,100,,75607,21,0,35,1,100,,75595,21,0,23 26,1,100,,75596,21,0,23 26,1,100,,75608,21,0,35,1,38,,75603,21,0,35,1,62,,75601,21,0,27,1,9,,75613,21,,,1,21,,75602,21,0,27,1,9,,75604,21,0,35,1,71,,75612,21,0,35,1,27,,75605,21,0,35,1,63,,75597,21,0,23 26,1,100,,75598,21,0,23 26,1,100,,75599,21,0,23 26,1,100,,75609,21,0,35,1,100,,75610,21,0,35,1,100,,75600,21,0,23 26,1
300,'20261014',928,,75651,21,0,35,1,91,,75646,21,0,35,1,100,,75633,21,0,23 26,1,100,,75634,21,0,23 26,1,100,,75647,21,0,35,1,100,,75635,21,0,23 26,1,100,,75636,21,0,23 26,1,100,,75648,21,0,35,1,38,,75643,21,0,35,1,62,,75641,21,0,27,1,9,,75653,21,,,1,21,,75642,21,0,27,1,9,,75644,21,0,35,1,71,,75652,21,0,35,1,27,,75645,21,0,35,1,63,,75637,21,0,23 26,1,100,,75638,21,0,23 26,1,100,,75639,21,0,23 26,1,100,,75649,21,0,35,1,100,,75650,21,0,35,1,100,,75640,21,0,23 26,1
300,'20261015',928,,75691,21,0,35,1,91,,75686,21,0,35,1,100,,75673,21,0,23 26,1,100,,75674,21,0,23 26,1,100,,75687,21,0,35,1,100,,75675,21,0,23 26,1,100,,75676,21,0,23 26,1,100,,75688,21,0,35,1,38,,75683,21,0,35,1,62,,75681,21,0,27,1,9,,75693,21,,,1,21,,75682,21,0,27,1,9,,75684,21,0,35,1,71,,75692,21,0,35,1,27,,75685,21,0,35,1,63,,75677,21,0,23 26,1,100,,75678,21,0,23 26,1,100,,75679,21,0,23 26,1,100,,75689,21,0,35,1,100,,75690,21,0,35,1,100,,75680,21,0,23 26,1
300,'20261016',928,,75731,21,0,35,1,91,,75726,21,0,35,1,100,,75713,21,0,23 26,1,100,,75714,21,0,23 26,1,100,,75727,21,0,35,1,100,,75715,21,0,23 26,1,100,,75716,21,0,23 26,1,100,,75728,21,0,35,1,38,,75723,21,0,35,1,62,,75721,21,0,27,1,9,,75733,21,,,1,21,,75722,21,0,27,1,9,,75724,21,0,35,1,71,,75732,21,0,35,1,27,,75725,21,0,35,1,63,,75717,21,0,23 26,1,100,,75718,21,0,23 26,1,100,,75719,21,0,23 26,1,100,,75729,21,0,35,1,100,,75730,21,0,35,1,100,,75720,21,0,23 26,1
300,'20261017',917,,75743,21,0,23 26,1,11,,75759,21,,,1,103,,75744,21,0,23 26,1,100,,75745,21,0,23 26,1,100,,75746,21,0,23 26,1,100,,75747,21,0,23 26,1,100,,75748,21,0,23 26,1,100,,75749,21,0,23 26,1,100,,75750,21,0,23 26,1,100,,75757,21,0,35,1,100,,75751,21,0,23 26,1,100,,75752,21,0,23 26,1,100,,75753,21,0,23 26,1,100,,75754,21,0,23 26,1,100,,75755,21,0,23 26,1,100,,75758,21,0,35,1,100,,75756,21,0,23 26,1
300,'20261018',917,,75769,21,0,23 26,1,11,,75785,21,,,1,103,,75770,21,0,23 26,1,100,,75771,21,0,23 26,1,100,,75772,21,0,23 26,1,100,,75773,21,0,23 26,1,100,,75774,21,0,23 26,1,100,,75775,21,0,23 26,1,100,,75776,21,0,23 26,1,100,,75783,21,0,35,1,100,,75777,21,0,23 26,1,100,,75778,21,0,23 26,1,100,,75779,21,0,23 26,1,100,,75780,21,0,23 26,1,100,,75781,21,0,23 26,1,100,,75784,21,0,35,1,100,,75782,21,0,23 26,1
300,'20261019',928,,75823,21,0,35,1,91,,75818,21,0,35,1,100,,75805,21,0,23 26,1,100,,75806,21,0,23 26,1,100,,75819,21,0,35,1,100,,75807,21,0,23 26,1,100,,75808,21,0,23 26,1,100,,75820,21,0,35,1,38,,75815,21,0,35,1,62,,75813,21,0,27,1,9,,75825,21,,,1,21,,75814,21,0,27,1,9,,75816,21,0,35,1,71,,75824,21,0,35,1,27,,75817,21,0,35,1,63,,75809,21,0,23 26,1,100,,75810,21,0,23 26,1,100,,75811,21,0,23 26,1,100,,75821,21,0,35,1,100,,75822,21,0,35,1,100,,75812,21,0,23 26,1
300,'20261020',928,,75863,21,0,35,1,91,,75858,21,0,35,1,100,,75845,21,0,23 26,1,100,,75846,21,0,23 26,1,100,,75859,21,0,35,1,100,,75847,21,0,23 26,1,100,,75848,21,0,23 26,1,100,,75860,21,0,35,1,38,,75855,21,0,35,1,62,,75853,21,0,27,1,9,,75865,21,,,1,21,,75854,21,0,27,1,9,,75856,21,0,35,1,71,,75864,21,0,35,1,27,,75857,21,0,35,1,63,,75849,21,0,23 26,1,100,,75850,21,0,23 26,1,100,,75851,21,0,23 26,1,100,,75861,21,0,35,1,100,,75862,21,0,35,1,100,,75852,21,0,23 26,1
300,'20261021',928,,75903,21,0,35,1,91,,75898,21,0,35,1,100,,75885,21,0,23 26,1,100,,75886,21,0,23 26,1,100,,75899,21,0,35,1,100,,75887,21,0,23 26,1,100,,75888,21,0,23 26,1,100,,75900,21,0,35,1,38,,75895,21,0,35,1,62,,75893,21,0,27,1,9,,75905,21,,,1,21,,75894,21,0,27,1,9,,75896,21,0,35,1,71,,75904,21,0,35,1,27,,75897,21,0,35,1,63,,75889,21,0,23 26,1,100,,75890,21,0,23 26,1,100,,75891,21,0,23 26,1,100,,75901,21,0,35,1,100,,75902,21,0,35,1,100,,75892,21,0,23 26,1
300,'20261022',928,,75943,21,0,35,1,91,,75938,21,0,35,1,100,,75925,21,0,23 26,1,100,,75926,21,0,23 26,1,100,,75939,21,0,35,1,100,,75927,21,0,23 26,1,100,,75928,21,0,23 26,1,100,,75940,21,0,35,1,38,,75935,21,0,35,1,62,,75933,21,0,27,1,9,,75945,21,,,1,21,,75934,21,0,27,1,9,,75936,21,0,35,1,71,,75944,21,0,35,1,27,,75937,21,0,35,1,63,,75929,21,0,23 26,1,100,,75930,21,0,23 26,1,100,,75931,21,0,23 26,1,100,,75941,21,0,35,1,100,,75942,21,0,35,1,100,,75932,21,0,23 26,1
300,'20261023',928,,75983,21,0,35,1,91,,75978,21,0,35,1,100,,75965,21,0,23 26,1,100,,75966,21,0,23 26,1,100,,75979,21,0,35,1,100,,75967,21,0,23 26,1,100,,75968,21,0,23 26,1,100,,75980,21,0,35,1,38,,75975,21,0,35,1,62,,75973,21,0,27,1,9,,75985,21,,,1,21,,75974,21,0,27,1,9,,75976,21,0,35,1,71,,75984,21,0,35,1,27,,75977,21,0,35,1,63,,75969,21,0,23 26,1,100,,75970,21,0,23 26,1,100,,75971,21,0,23 26,1,100,,75981,21,0,35,1,100,,75982,21,0,35,1,100,,75972,21,0,23 26,1
300,'20261024',917,,75995,21,0,23 26,1,11,,76011,21,,,1,103,,75996,21,0,23 26,1,100,,75997,21,0,23 26,1,100,,75998,21,0,23 26,1,100,,75999,21,0,23 26,1,100,,76000,21,0,23 26,1,100,,76001,21,0,23 26,1,100,,76002,21,0,23 26,1,100,,76009,21,0,35,1,100,,76003,21,0,23 26,1,100,,76004,21,0,23 26,1,100,,76005,21,0,23 26,1,100,,76006,21,0,23 26,1,100,,76007,21,0,23 26,1,100,,76010,21,0,35,1,100,,76008,21,0,23 26,1
300,'20261025',917,,76021,21,0,23 26,1,11,,76037,21,,,1,103,,76022,21,0,23 26,1,100,,76023,21,0,23 26,1,100,,76024,21,0,23 26,1,100,,76025,21,0,23 26,1,100,,76026,21,0,23 26,1,100,,76027,21,0,23 26,1,100,,76028,21,0,23 26,1,100,,76035,21,0,35,1,100,,76029,21,0,23 26,1,100,,76030,21,0,23 26,1,100,,76031,21,0,23 26,1,100,,76032,21,0,23 26,1,100,,76033,21,0,23 26,1,100,,76036,21,0,35,1,100,,76034,21,0,23 26,1
300,'20261026',928,,76075,21,0,35,1,91,,76070,21,0,35,1,100,,76057,21,0,23 26,1,100,,76058,21,0,23 26,1,100,,76071,21,0,35,1,100,,76059,21,0,23 26,1,100,,76060,21,0,23 26,1,100,,76072,21,0,35,1,38,,76067,21,0,35,1,62,,76065,21,0,27,1,9,,76077,21,,,1,21,,76066,21,0,27,1,9,,76068,21,0,35,1,71,,76076,21,0,35,1,27,,76069,21,0,35,1,63,,76061,21,0,23 26,1,100,,76062,21,0,23 26,1,100,,76063,21,0,23 26,1,100,,76073,21,0,35,1,100,,76074,21,0,35,1,100,,76064,21,0,23 26,1
300,'20261027',928,,76115,21,0,35,1,91,,76110,21,0,35,1,100,,76097,21,0,23 26,1,100,,76098,21,0,23 26,1,100,,76111,21,0,35,1,100,,76099,21,0,23 26,1,100,,76100,21,0,23 26,1,100,,76112,21,0,35,1,38,,76107,21,0,35,1,62,,76105,21,0,27,1,9,,76117,21,,,1,21,,76106,21,0,27,1,9,,76108,21,0,35,1,71,,76116,21,0,35,1,27,,76109,21,0,35,1,63,,76101,21,0,23 26,1,100,,76102,21,0,23 26,1,100,,76103,21,0,23 26,1,100,,76113,21,0,35,1,100,,76114,21,0,35,1,100,,76104,21,0,23 26,1
300,'20261028',928,,76155,21,0,35,1,91,,76150,21,0,35,1,100,,76137,21,0,23 26,1,100,,76138,21,0,23 26,1,100,,76151,21,0,35,1,100,,76139,21,0,23 26,1,100,,76140,21,0,23 26,1,100,,76152,21,0,35,1,38,,76147,21,0,35,1,62,,76145,21,0,27,1,9,,76157,21,,,1,21,,76146,21,0,27,1,9,,76148,21,0,35,1,71,,76156,21,0,35,1,27,,76149,21,0,35,1,63,,76141,21,0,23 26,1,100,,76142,21,0,23 26,1,100,,76143,21,0,23 26,1,100,,76153,21,0,35,1,100,,76154,21,0,35,1,100,,76144,21,0,23 26,1
300,'20261029',928,,76195,21,0,35,1,91,,76190,21,0,35,1,100,,76177,21,0,23 26,1,100,,76178,21,0,23 26,1,100,,76191,21,0,35,1,100,,76179,21,0,23 26,1,100,,76180,21,0,23 26,1,100,,76192,21,0,35,1,38,,76187,21,0,35,1,62,,76185,21,0,27,1,9,,76197,21,,,1,21,,76186,21,0,27,1,9,,76188,21,0,35,1,71,,76196,21,0,35,1,27,,76189,21,0,35,1,63,,76181,21,0,23 26,1,100,,76182,21,0,23 26,1,100,,76183,21,0,23 26,1,100,,76193,21,0,35,1,100,,76194,21,0,35,1,100,,76184,21,0,23 26,1
300,'20261030',928,,76235,21,0,35,1,91,,76230,21,0,35,1,100,,76217,21,0,23 26,1,100,,76218,21,0,23 26,1,100,,76231,21,0,35,1,100,,76219,21,0,23 26,1,100,,76220,21,0,23 26,1,100,,76232,21,0,35,1,38,,76227,21,0,35,1,62,,76225,21,0,27,1,9,,76237,21,,,1,21,,76226,21,0,27,1,9,,76228,21,0,35,1,71,,76236,21,0,35,1,27,,76229,21,0,35,1,63,,76221,21,0,23 26,1,100,,76222,21,0,23 26,1,100,,76223,21,0,23 26,1,100,,76233,21,0,35,1,100,,76234,21,0,35,1,100,,76224,21,0,23 26,1
300,'20261031',917,,76247,21,0,23 26,1,11,,76263,21,,,1,103,,76248,21,0,23 26,1,100,,76249,21,0,23 26,1,100,,76250,21,0,23 26,1,100,,76251,21,0,23 26,1,100,,76252,21,0,23 26,1,100,,76253,21,0,23 26,1,100,,76254,21,0,23 26,1,100,,76261,21,0,35,1,100,,76255,21,0,23 26,1,100,,76256,21,0,23 26,1,100,,76257,21,0,23 26,1,100,,76258,21,0,23 26,1,100,,76259,21,0,23 26,1,100,,76262,21,0,35,1,100,,76260,21,0,23 26,1
300,'20261101',917,,76273,21,0,23 26,1,11,,76289,21,,,1,103,,76274,21,0,23 26,1,100,,76275,21,0,23 26,1,100,,76276,21,0,23 26,1,100,,76277,21,0,23 26,1,100,,76278,21,0,23 26,1,100,,76279,21,0,23 26,1,100,,76280,21,0,23 26,1,100,,76287,21,0,35,1,100,,76281,21,0,23 26,1,100,,76282,21,0,23 26,1,100,,76283,21,0,23 26,1,100,,76284,21,0,23 26,1,100,,76285,21,0,23 26,1,100,,76288,21,0,35,1,100,,76286,21,0,23 26,1
300,'20261102',928,,76327,21,0,35,1,91,,76322,21,0,35,1,100,,76309,21,0,23 26,1,100,,76310,21,0,23 26,1,100,,76323,21,0,35,1,100,,76311,21,0,23 26,1,100,,76312,21,0,23 26,1,100,,76324,21,0,35,1,38,,76319,21,0,35,1,62,,76317,21,0,27,1,9,,76329,21,,,1,21,,76318,21,0,27,1,9,,76320,21,0,35,1,71,,76328,21,0,35,1,27,,76321,21,0,35,1,63,,76313,21,0,23 26,1,100,,76314,21,0,23 26,1,100,,76315,21,0,23 26,1,100,,76325,21,0,35,1,100,,76326,21,0,35,1,100,,76316,21,0,23 26,1
300,'20261103',928,,76367,21,0,35,1,91,,76362,21,0,35,1,100,,76349,21,0,23 26,1,100,,76350,21,0,23 26,1,100,,76363,21,0,35,1,100,,76351,21,0,23 26,1,100,,76352,21,0,23 26,1,100,,76364,21,0,35,1,38,,76359,21,0,35,1,62,,76357,21,0,27,1,9,,76369,21,,,1,21,,76358,21,0,27,1,9,,76360,21,0,35,1,71,,76368,21,0,35,1,27,,76361,21,0,35,1,63,,76353,21,0,23 26,1,100,,76354,21,0,23 26,1,100,,76355,21,0,23 26,1,100,,76365,21,0,35,1,100,,76366,21,0,35,1,100,,76356,21,0,23 26,1
300,'20261104',928,,76407,21,0,35,1,91,,76402,21,0,35,1,100,,76389,21,0,23 26,1,100,,76390,21,0,23 26,1,100,,76403,21,0,35,1,100,,76391,21,0,23 26,1,100,,76392,21,0,23 26,1,100,,76404,21,0,35,1,38,,76399,21,0,35,1,62,,76397,21,0,27,1,9,,76409,21,,,1,21,,76398,21,0,27,1,9,,76400,21,0,35,1,71,,76408,21,0,35,1,27,,76401,21,0,35,1,63,,76393,21,0,23 26,1,100,,76394,21,0,23 26,1,100,,76395,21,0,23 26,1,100,,76405,21,0,35,1,100,,76406,21,0,35,1,100,,76396,21,0,23 26,1
300,'20261105',928,,76447,21,0,35,1,91,,76442,21,0,35,1,100,,76429,21,0,23 26,1,100,,76430,21,0,23 26,1,100,,76443,21,0,35,1,100,,76431,21,0,23 26,1,100,,76432,21,0,23 26,1,100,,76444,21,0,35,1,38,,76439,21,0,35,1,62,,76437,21,0,27,1,9,,76449,21,,,1,21,,76438,21,0,27,1,9,,76440,21,0,35,1,71,,76448,21,0,35,1,27,,76441,21,0,35,1,63,,76433,21,0,23 26,1,100,,76434,21,0,23 26,1,100,,76435,21,0,23 26,1,100,,76445,21,0,35,1,100,,76446,21,0,35,1,100,,76436,21,0,23 26,1
300,'20261106',928,,76487,21,0,35,1,91,,76482,21,0,35,1,100,,76469,21,0,23 26,1,100,,76470,21,0,23 26,1,100,,76483,21,0,35,1,100,,76471,21,0,23 26,1,100,,76472,21,0,23 26,1,100,,76484,21,0,35,1,38,,76479,21,0,35,1,62,,76477,21,0,27,1,9,,76489,21,,,1,21,,76478,21,0,27,1,9,,76480,21,0,35,1,71,,76488,21,0,35,1,27,,76481,21,0,35,1,63,,76473,21,0,23 26,1,100,,76474,21,0,23 26,1,100,,76475,21,0,23 26,1,100,,76485,21,0,35,1,100,,76486,21,0,35,1,100,,76476,21,0,23 26,1
300,'20261107',917,,76499,21,0,23 26,1,11,,76515,21,,,1,103,,76500,21,0,23 26,1,100,,76501,21,0,23 26,1,100,,76502,21,0,23 26,1,100,,76503,21,0,23 26,1,100,,76504,21,0,23 26,1,100,,76505,21,0,23 26,1,100,,76506,21,0,23 26,1,100,,76513,21,0,35,1,100,,76507,21,0,23 26,1,100,,76508,21,0,23 26,1,100,,76509,21,0,23 26,1,100,,76510,21,0,23 26,1,100,,76511,21,0,23 26,1,100,,76514,21,0,35,1,100,,76512,21,0,23 26,1
300,'20261108',917,,76525,21,0,23 26,1,11,,76541,21,,,1,103,,76526,21,0,23 26,1,100,,76527,21,0,23 26,1,100,,76528,21,0,23 26,1,100,,76529,21,0,23 26,1,100,,76530,21,0,23 26,1,100,,76531,21,0,23 26,1,100,,76532,21,0,23 26,1,100,,76539,21,0,35,1,100,,76533,21,0,23 26,1,100,,76534,21,0,23 26,1,100,,76535,21,0,23 26,1,100,,76536,21,0,23 26,1,100,,76537,21,0,23 26,1,100,,76540,21,0,35,1,100,,76538,21,0,23 26,1
300,'20261109',928,,76579,21,0,35,1,91,,76574,21,0,35,1,100,,76561,21,0,23 26,1,100,,76562,21,0,23 26,1,100,,76575,21,0,35,1,100,,76563,21,0,23 26,1,100,,76564,21,0,23 26,1,100,,76576,21,0,35,1,38,,76571,21,0,35,1,62,,76569,21,0,27,1,9,,76581,21,,,1,21,,76570,21,0,27,1,9,,76572,21,0,35,1,71,,76580,21,0,35,1,27,,76573,21,0,35,1,63,,76565,21,0,23 26,1,100,,76566,21,0,23 26,1,100,,76567,21,0,23 26,1,100,,76577,21,0,35,1,100,,76578,21,0,35,1,100,,76568,21,0,23 26,1
300,'20261110',928,,76619,21,0,35,1,91,,76614,21,0,35,1,100,,76601,21,0,23 26,1,100,,76602,21,0,23 26,1,100,,76615,21,0,35,1,100,,76603,21,0,23 26,1,100,,76604,21,0,23 26,1,100,,76616,21,0,35,1,38,,76611,21,0,35,1,62,,76609,21,0,27,1,9,,76621,21,,,1,21,,76610,21,0,27,1,9,,76612,21,0,35,1,71,,76620,21,0,35,1,27,,76613,21,0,35,1,63,,76605,21,0,23 26,1,100,,76606,21,0,23 26,1,100,,76607,21,0,23 26,1,100,,76617,21,0,35,1,100,,76618,21,0,35,1,100,,76608,21,0,23 26,1
300,'20261111',928,,76659,21,0,35,1,91,,76654,21,0,35,1,100,,76641,21,0,23 26,1,100,,76642,21,0,23 26,1,100,,76655,21,0,35,1,100,,76643,21,0,23 26,1,100,,76644,21,0,23 26,1,100,,76656,21,0,35,1,38,,76651,21,0,35,1,62,,76649,21,0,27,1,9,,76661,21,,,1,21,,76650,21,0,27,1,9,,76652,21,0,35,1,71,,76660,21,0,35,1,27,,76653,21,0,35,1,63,,76645,21,0,23 26,1,100,,76646,21,0,23 26,1,100,,76647,21,0,23 26,1,100,,76657,21,0,35,1,100,,76658,21,0,35,1,100,,76648,21,0,23 26,1
300,'20261112',928,,76699,21,0,35,1,91,,76694,21,0,35,1,100,,76681,21,0,23 26,1,100,,76682,21,0,23 26,1,100,,76695,21,0,35,1,100,,76683,21,0,23 26,1,100,,76684,21,0,23 26,1,100,,76696,21,0,35,1,38,,76691,21,0,35,1,62,,76689,21,0,27,1,9,,76701,21,,,1,21,,76690,21,0,27,1,9,,76692,21,0,35,1,71,,76700,21,0,35,1,27,,76693,21,0,35,1,63,,76685,21,0,23 26,1,100,,76686,21,0,23 26,1,100,,76687,21,0,23 26,1,100,,76697,21,0,35,1,100,,76698,21,0,35,1,100,,76688,21,0,23 26,1
300,'20261113',928,,76739,21,0,35,1,91,,76734,21,0,35,1,100,,76721,21,0,23 26,1,100,,76722,21,0,23 26,1,100,,76735,21,0,35,1,100,,76723,21,0,23 26,1,100,,76724,21,0,23 26,1,100,,76736,21,0,35,1,38,,76731,21,0,35,1,62,,76729,21,0,27,1,9,,76741,21,,,1,21,,76730,21,0,27,1,9,,76732,21,0,35,1,71,,76740,21,0,35,1,27,,76733,21,0,35,1,63,,76725,21,0,23 26,1,100,,76726,21,0,23 26,1,100,,76727,21,0,23 26,1,100,,76737,21,0,35,1,100,,76738,21,0,35,1,100,,76728,21,0,23 26,1
300,'20261114',917,,76751,21,0,23 26,1,11,,76767,21,,,1,103,,76752,21,0,23 26,1,100,,76753,21,0,23 26,1,100,,76754,21,0,23 26,1,100,,76755,21,0,23 26,1,100,,76756,21,0,23 26,1,100,,76757,21,0,23 26,1,100,,76758,21,0,23 26,1,100,,76765,21,0,35,1,100,,76759,21,0,23 26,1,100,,76760,21,0,23 26,1,100,,76761,21,0,23 26,1,100,,76762,21,0,23 26,1,100,,76763,21,0,23 26,1,100,,76766,21,0,35,1,100,,76764,21,0,23 26,1
300,'20261115',917,,76777,21,0,23 26,1,11,,76793,21,,,1,103,,76778,21,0,23 26,1,100,,76779,21,0,23 26,1,100,,76780,21,0,23 26,1,100,,76781,21,0,23 26,1,100,,76782,21,0,23 26,1,100,,76783,21,0,23 26,1,100,,76784,21,0,23 26,1,100,,76791,21,0,35,1,100,,76785,21,0,23 26,1,100,,76786,21,0,23 26,1,100,,76787,21,0,23 26,1,100,,76788,21,0,23 26,1,100,,76789,21,0,23 26,1,100,,76792,21,0,35,1,100,,76790,21,0,23 26,1
300,'20261116',928,,76831,21,0,35,1,91,,76826,21,0,35,1,100,,76813,21,0,23 26,1,100,,76814,21,0,23 26,1,100,,76827,21,0,35,1,100,,76815,21,0,23 26,1,100,,76816,21,0,23 26,1,100,,76828,21,0,35,1,38,,76823,21,0,35,1,62,,76821,21,0,27,1,9,,76833,21,,,1,21,,76822,21,0,27,1,9,,76824,21,0,35,1,71,,76832,21,0,35,1,27,,76825,21,0,35,1,63,,76817,21,0,23 26,1,100,,76818,21,0,23 26,1,100,,76819,21,0,23 26,1,100,,76829,21,0,35,1,100,,76830,21,0,35,1,100,,76820,21,0,23 26,1
300,'20261117',928,,76871,21,0,35,1,91,,76866,21,0,35,1,100,,76853,21,0,23 26,1,100,,76854,21,0,23 26,1,100,,76867,21,0,35,1,100,,76855,21,0,23 26,1,100,,76856,21,0,23 26,1,100,,76868,21,0,35,1,38,,76863,21,0,35,1,62,,76861,21,0,27,1,9,,76873,21,,,1,21,,76862,21,0,27,1,9,,76864,21,0,35,1,71,,76872,21,0,35,1,27,,76865,21,0,35,1,63,,76857,21,0,23 26,1,100,,76858,21,0,23 26,1,100,,76859,21,0,23 26,1,100,,76869,21,0,35,1,100,,76870,21,0,35,1,100,,76860,21,0,23 26,1
300,'20261118',928,,76911,21,0,35,1,91,,76906,21,0,35,1,100,,76893,21,0,23 26,1,100,,76894,21,0,23 26,1,100,,76907,21,0,35,1,100,,76895,21,0,23 26,1,100,,76896,21,0,23 26,1,100,,76908,21,0,35,1,38,,76903,21,0,35,1,62,,76901,21,0,27,1,9,,76913,21,,,1,21,,76902,21,0,27,1,9,,76904,21,0,35,1,71,,76912,21,0,35,1,27,,76905,21,0,35,1,63,,76897,21,0,23 26,1,100,,76898,21,0,23 26,1,100,,76899,21,0,23 26,1,100,,76909,21,0,35,1,100,,76910,21,0,35,1,100,,76900,21,0,23 26,1
300,'20261119',928,,76951,21,0,35,1,91,,76946,21,0,35,1,100,,76933,21,0,23 26,1,100,,76934,21,0,23 26,1,100,,76947,21,0,35,1,100,,76935,21,0,23 26,1,100,,76936,21,0,23 26,1,100,,76948,21,0,35,1,38,,76943,21,0,35,1,62,,76941,21,0,27,1,9,,76953,21,,,1,21,,76942,21,0,27,1,9,,76944,21,0,35,1,71,,76952,21,0,35,1,27,,76945,21,0,35,1,63,,76937,21,0,23 26,1,100,,76938,21,0,23 26,1,100,,76939,21,0,23 26,1,100,,76949,21,0,35,1,100,,76950,21,0,35,1,100,,76940,21,0,23 26,1
300,'20261120',928,,76991,21,0,35,1,91,,76986,21,0,35,1,100,,76973,21,0,23 26,1,100,,76974,21,0,23 26,1,100,,76987,21,0,35,1,100,,76975,21,0,23 26,1,100,,76976,21,0,23 26,1,100,,76988,21,0,35,1,38,,76983,21,0,35,1,62,,76981,21,0,27,1,9,,76993,21,,,1,21,,76982,21,0,27,1,9,,76984,21,0,35,1,71,,76992,21,0,35,1,27,,76985,21,0,35,1,63,,76977,21,0,23 26,1,100,,76978,21,0,23 26,1,100,,76979,21,0,23 26,1,100,,76989,21,0,35,1,100,,76990,21,0,35,1,100,,76980,21,0,23 26,1
300,'20261121',917,,77003,21,0,23 26,1,11,,77019,21,,,1,103,,77004,21,0,23 26,1,100,,77005,21,0,23 26,1,100,,77006,21,0,23 26,1,100,,77007,21,0,23 26,1,100,,77008,21,0,23 26,1,100,,77009,21,0,23 26,1,100,,77010,21,0,23 26,1,100,,77017,21,0,35,1,100,,77011,21,0,23 26,1,100,,77012,21,0,23 26,1,100,,77013,21,0,23 26,1,100,,77014,21,0,23 26,1,100,,77015,21,0,23 26,1,100,,77018,21,0,35,1,100,,77016,21,0,23 26,1
300,'20261122',917,,77029,21,0,23 26,1,11,,77045,21,,,1,103,,77030,21,0,23 26,1,100,,77031,21,0,23 26,1,100,,77032,21,0,23 26,1,100,,77033,21,0,23 26,1,100,,77034,21,0,23 26,1,100,,77035,21,0,23 26,1,100,,77036,21,0,23 26,1,100,,77043,21,0,35,1,100,,77037,21,0,23 26,1,100,,77038,21,0,23 26,1,100,,77039,21,0,23 26,1,100,,77040,21,0,23 26,1,100,,77041,21,0,23 26,1,100,,77044,21,0,35,1,100,,77042,21,0,23 26,1
300,'20261123',928,,77083,21,0,35,1,91,,77078,21,0,35,1,100,,77065,21,0,23 26,1,100,,77066,21,0,23 26,1,100,,77079,21,0,35,1,100,,77067,21,0,23 26,1,100,,77068,21,0,23 26,1,100,,77080,21,0,35,1,38,,77075,21,0,35,1,62,,77073,21,0,27,1,9,,77085,21,,,1,21,,77074,21,0,27,1,9,,77076,21,0,35,1,71,,77084,21,0,35,1,27,,77077,21,0,35,1,63,,77069,21,0,23 26,1,100,,77070,21,0,23 26,1,100,,77071,21,0,23 26,1,100,,77081,21,0,35,1,100,,77082,21,0,35,1,100,,77072,21,0,23 26,1
300,'20261124',928,,77123,21,0,35,1,91,,77118,21,0,35,1,100,,77105,21,0,23 26,1,100,,77106,21,0,23 26,1,100,,77119,21,0,35,1,100,,77107,21,0,23 26,1,100,,77108,21,0,23 26,1,100,,77120,21,0,35,1,38,,77115,21,0,35,1,62,,77113,21,0,27,1,9,,77125,21,,,1,21,,77114,21,0,27,1,9,,77116,21,0,35,1,71,,77124,21,0,35,1,27,,77117,21,0,35,1,63,,77109,21,0,23 26,1,100,,77110,21,0,23 26,1,100,,77111,21,0,23 26,1,100,,77121,21,0,35,1,100,,77122,21,0,35,1,100,,77112,21,0,23 26,1
300,'20261125',928,,77163,21,0,35,1,91,,77158,21,0,35,1,100,,77145,21,0,23 26,1,100,,77146,21,0,23 26,1,100,,77159,21,0,35,1,100,,77147,21,0,23 26,1,100,,77148,21,0,23 26,1,100,,77160,21,0,35,1,38,,77155,21,0,35,1,62,,77153,21,0,27,1,9,,77165,21,,,1,21,,77154,21,0,27,1,9,,77156,21,0,35,1,71,,77164,21,0,35,1,27,,77157,21,0,35,1,63,,77149,21,0,23 26,1,100,,77150,21,0,23 26,1,100,,77151,21,0,23 26,1,100,,77161,21,0,35,1,100,,77162,21,0,35,1,100,,77152,21,0,23 26,1
300,'20261126',928,,77203,21,0,35,1,91,,77198,21,0,35,1,100,,77185,21,0,23 26,1,100,,77186,21,0,23 26,1,100,,77199,21,0,35,1,100,,77187,21,0,23 26,1,100,,77188,21,0,23 26,1,100,,77200,21,0,35,1,38,,77195,21,0,35,1,62,,77193,21,0,27,1,9,,77205,21,,,1,21,,77194,21,0,27,1,9,,77196,21,0,35,1,71,,77204,21,0,35,1,27,,77197,21,0,35,1,63,,77189,21,0,23 26,1,100,,77190,21,0,23 26,1,100,,77191,21,0,23 26,1,100,,77201,21,0,35,1,100,,77202,21,0,35,1,100,,77192,21,0,23 26,1
300,'20261127',928,,77243,21,0,35,1,91,,77238,21,0,35,1,100,,77225,21,0,23 26,1,100,,77226,21,0,23 26,1,100,,77239,21,0,35,1,100,,77227,21,0,23 26,1,100,,77228,21,0,23 26,1,100,,77240,21,0,35,1,38,,77235,21,0,35,1,62,,77233,21,0,27,1,9,,77245,21,,,1,21,,77234,21,0,27,1,9,,77236,21,0,35,1,71,,77244,21,0,35,1,27,,77237,21,0,35,1,63,,77229,21,0,23 26,1,100,,77230,21,0,23 26,1,100,,77231,21,0,23 26,1,100,,77241,21,0,35,1,100,,77242,21,0,35,1,100,,77232,21,0,23 26,1
301,'20260917',548,,77663,9,,,1,70,,77665,22,,,1,22,,77664,9,,,1,70,,77672,22,,,1,30,,77666,22,,,1,70,,77675,31,,,1,30,,77667,22,,,1,70,,77673,22,,,1,28,,77674,22,,,1,112,,77657,4,,,1,100,,77658,4,,,1,100,,77669,22,,,1,100,,77659,4,,,1,100,,77660,4,,,1,100,,77670,22,,,1,90,,77668,20,,,1,310,,77661,4,,,1,100,,77662,4,,,1,100,,77671,22,,,1
301,'20260918',548,,77703,9,,,1,70,,77705,22,,,1,22,,77704,9,,,1,70,,77712,22,,,1,30,,77706,22,,,1,70,,77715,31,,,1,30,,77707,22,,,1,70,,77713,22,,,1,28,,77714,22,,,1,112,,77697,4,,,1,100,,77698,4,,,1,100,,77709,22,,,1,100,,77699,4,,,1,100,,77700,4,,,1,100,,77710,22,,,1,90,,77708,20,,,1,310,,77701,4,,,1,100,,77702,4,,,1,100,,77711,22,,,1
301,'20260919',753,,77725,4,0,23 43,1,100,,77739,4,0,23 43,1,100,,77726,4,0,23 43,1,100,,77727,4,0,23 43,1,100,,77728,4,0,23 43,1,100,,77729,4,0,23 43,1,100,,77730,4,0,23 43,1,100,,77731,4,0,23 43,1,100,,77732,4,0,23 43,1,100,,77740,4,0,23 43,1,100,,77733,4,0,23 43,1,100,,77734,4,0,23 43,1,100,,77735,4,0,23 43,1,100,,77736,4,0,23 43,1,100,,77737,4,0,23 43,1,100,,77738,4,0,23 43,1
301,'20260920',753,,77751,4,0,23 43,1,100,,77765,4,0,23 43,1,100,,77752,4,0,23 43,1,100,,77753,4,0,23 43,1,100,,77754,4,0,23 43,1,100,,77755,4,0,23 43,1,100,,77756,4,0,23 43,1,100,,77757,4,0,23 43,1,100,,77758,4,0,23 43,1,100,,77766,4,0,23 43,1,100,,77759,4,0,23 43,1,100,,77760,4,0,23 43,1,100,,77761,4,0,23 43,1,100,,77762,4,0,23 43,1,100,,77763,4,0,23 43,1,100,,77764,4,0,23 43,1
301,'20260921',549,,77795,9,,,1,70,,77797,22,,,1,22,,77796,9,,,1,70,,77804,22,,,1,30,,77798,22,,,1,70,,77807,31,,,1,30,,77799,22,,,1,70,,77805,22,,,1,28,,77806,22,,,1,112,,77789,4,,,1,100,,77790,4,,,1,101,,77801,22,,,1,99,,77791,4,,,1,100,,77792,4,,,1,102,,77802,22,,,1,86,,77800,20,,,1,312,,77793,4,,,1,100,,77794,4,,,1,100,,77803,22,,,1
301,'20260922',550,,77835,9,,,1,70,,77837,22,,,1,22,,77836,9,,,1,70,,77844,22,,,1,30,,77838,22,,,1,70,,77847,31,,,1,30,,77839,22,,,1,70,,77845,22,,,1,28,,77846,22,,,1,112,,77829,4,,,1,100,,77830,4,,,1,100,,77841,22,,,1,100,,77831,4,,,1,100,,77832,4,,,1,100,,77842,22,,,1,88,,77840,20,,,1,312,,77833,4,,,1,100,,77834,4,,,1,100,,77843,22,,,1
301,'20260923',550,,77875,9,,,1,70,,77877,22,,,1,22,,77876,9,,,1,70,,77884,22,,,1,30,,77878,22,,,1,70,,77887,31,,,1,30,,77879,22,,,1,70,,77885,22,,,1,28,,77886,22,,,1,112,,77869,4,,,1,100,,77870,4,,,1,100,,77881,22,,,1,100,,77871,4,,,1,100,,77872,4,,,1,100,,77882,22,,,1,88,,77880,20,,,1,312,,77873,4,,,1,100,,77874,4,,,1,100,,77883,22,,,1
301,'20260924',550,,77915,9,,,1,70,,77917,22,,,1,22,,77916,9,,,1,70,,77924,22,,,1,30,,77918,22,,,1,70,,77927,31,,,1,30,,77919,22,,,1,70,,77925,22,,,1,28,,77926,22,,,1,112,,77909,4,,,1,100,,77910,4,,,1,100,,77921,22,,,1,100,,77911,4,,,1,100,,77912,4,,,1,100,,77922,22,,,1,88,,77920,20,,,1,312,,77913,4,,,1,100,,77914,4,,,1,100,,77923,22,,,1
301,'20260925',550,,77955,9,,,1,70,,77957,22,,,1,22,,77956,9,,,1,70,,77964,22,,,1,30,,77958,22,,,1,70,,77967,31,,,1,30,,77959,22,,,1,70,,77965,22,,,1,28,,77966,22,,,1,112,,77949,4,,,1,100,,77950,4,,,1,100,,77961,22,,,1,100,,77951,4,,,1,100,,77952,4,,,1,100,,77962,22,,,1,88,,77960,20,,,1,312,,77953,4,,,1,100,,77954,4,,,1,100,,77963,22,,,1
301,'20260926',753,,77977,4,,,1,100,,77991,22,,,1,100,,77978,4,,,1,100,,77979,4,,,1,100,,77980,4,,,1,100,,77981,4,,,1,100,,77982,4,,,1,100,,77983,4,,,1,100,,77984,4,,,1,100,,77992,22,,,1,100,,77985,4,,,1,100,,77986,4,,,1,100,,77987,4,,,1,53,,77993,29,,,1,47,,77988,4,,,1,100,,77989,4,,,1,100,,77990,4,,,1
301,'20260927',753,,78003,4,,,1,100,,78017,22,,,1,100,,78004,4,,,1,100,,78005,4,,,1,100,,78006,4,,,1,100,,78007,4,,,1,100,,78008,4,,,1,100,,78009,4,,,1,100,,78010,4,,,1,100,,78018,22,,,1,100,,78011,4,,,1,100,,78012,4,,,1,100,,78013,4,,,1,53,,78019,29,,,1,47,,78014,4,,,1,100,,78015,4,,,1,100,,78016,4,,,1
301,'20260928',550,,78047,9,,,1,70,,78049,22,,,1,22,,78048,9,,,1,70,,78056,22,,,1,30,,78050,22,,,1,70,,78059,31,,,1,30,,78051,22,,,1,70,,78057,22,,,1,28,,78058,22,,,1,112,,78041,4,,,1,100,,78042,4,,,1,100,,78053,22,,,1,100,,78043,4,,,1,100,,78044,4,,,1,100,,78054,22,,,1,88,,78052,20,,,1,312,,78045,4,,,1,100,,78046,4,,,1,100,,78055,22,,,1
301,'20260929',550,,78087,9,,,1,70,,78089,22,,,1,22,,78088,9,,,1,70,,78096,22,,,1,30,,78090,22,,,1,70,,78099,31,,,1,30,,78091,22,,,1,70,,78097,22,,,1,28,,78098,22,,,1,112,,78081,4,,,1,100,,78082,4,,,1,100,,78093,22,,,1,100,,78083,4,,,1,100,,78084,4,,,1,100,,78094,22,,,1,88,,78092,20,,,1,312,,78085,4,,,1,100,,78086,4,,,1,100,,78095,22,,,1
301,'20260930',550,,78127,9,,,1,70,,78129,22,,,1,22,,78128,9,,,1,70,,78136,22,,,1,30,,78130,22,,,1,70,,78139,31,,,1,30,,78131,22,,,1,70,,78137,22,,,1,28,,78138,22,,,1,112,,78121,4,,,1,100,,78122,4,,,1,100,,78133,22,,,1,100,,78123,4,,,1,100,,78124,4,,,1,100,,78134,22,,,1,88,,78132,20,,,1,312,,78125,4,,,1,100,,78126,4,,,1,100,,78135,22,,,1
301,'20261001',550,,78167,9,,,1,70,,78169,22,,,1,22,,78168,9,,,1,70,,78176,22,,,1,30,,78170,22,,,1,70,,78179,31,,,1,30,,78171,22,,,1,70,,78177,22,,,1,28,,78178,22,,,1,112,,78161,4,,,1,100,,78162,4,,,1,100,,78173,22,,,1,100,,78163,4,,,1,100,,78164,4,,,1,100,,78174,22,,,1,88,,78172,20,,,1,312,,78165,4,,,1,100,,78166,4,,,1,100,,78175,22,,,1
301,'20261002',550,,78207,9,,,1,70,,78209,22,,,1,22,,78208,9,,,1,70,,78216,22,,,1,30,,78210,22,,,1,70,,78219,31,,,1,30,,78211,22,,,1,70,,78217,22,,,1,28,,78218,22,,,1,112,,78201,4,,,1,100,,78202,4,,,1,100,,78213,22,,,1,100,,78203,4,,,1,100,,78204,4,,,1,100,,78214,22,,,1,88,,78212,20,,,1,312,,78205,4,,,1,100,,78206,4,,,1,100,,78215,22,,,1
301,'20261003',753,,78229,4,0,23 43,1,100,,78243,4,0,23 43,1,100,,78230,4,0,23 43,1,100,,78231,4,0,23 43,1,100,,78232,4,0,23 43,1,100,,78233,4,0,23 43,1,100,,78234,4,0,23 43,1,100,,78235,4,0,23 43,1,100,,78236,4,0,23 43,1,100,,78244,4,0,23 43,1,100,,78237,4,0,23 43,1,100,,78238,4,0,23 43,1,100,,78239,4,0,23 43,1,100,,78240,4,0,23 43,1,100,,78241,4,0,23 43,1,100,,78242,4,0,23 43,1
301,'20261004',753,,78255,4,0,23 43,1,100,,78269,4,0,23 43,1,100,,78256,4,0,23 43,1,100,,78257,4,0,23 43,1,100,,78258,4,0,23 43,1,100,,78259,4,0,23 43,1,100,,78260,4,0,23 43,1,100,,78261,4,0,23 43,1,100,,78262,4,0,23 43,1,100,,78270,4,0,23 43,1,100,,78263,4,0,23 43,1,100,,78264,4,0,23 43,1,100,,78265,4,0,23 43,1,100,,78266,4,0,23 43,1,100,,78267,4,0,23 43,1,100,,78268,4,0,23 43,1
301,'20261005',550,,78299,9,,,1,70,,78301,22,,,1,22,,78300,9,,,1,70,,78308,22,,,1,30,,78302,22,,,1,70,,78311,31,,,1,30,,78303,22,,,1,70,,78309,22,,,1,28,,78310,22,,,1,112,,78293,4,,,1,100,,78294,4,,,1,100,,78305,22,,,1,100,,78295,4,,,1,100,,78296,4,,,1,100,,78306,22,,,1,88,,78304,20,,,1,312,,78297,4,,,1,100,,78298,4,,,1,100,,78307,22,,,1
301,'20261006',550,,78339,9,,,1,70,,78341,22,,,1,22,,78340,9,,,1,70,,78348,22,,,1,30,,78342,22,,,1,70,,78351,31,,,1,30,,78343,22,,,1,70,,78349,22,,,1,28,,78350,22,,,1,112,,78333,4,,,1,100,,78334,4,,,1,100,,78345,22,,,1,100,,78335,4,,,1,100,,78336,4,,,1,100,,78346,22,,,1,88,,78344,20,,,1,312,,78337,4,,,1,100,,78338,4,,,1,100,,78347,22,,,1
301,'20261007',550,,78379,9,,,1,70,,78381,22,,,1,22,,78380,9,,,1,70,,78388,22,,,1,30,,78382,22,,,1,70,,78391,31,,,1,30,,78383,22,,,1,70,,78389,22,,,1,28,,78390,22,,,1,112,,78373,4,,,1,100,,78374,4,,,1,100,,78385,22,,,1,100,,78375,4,,,1,100,,78376,4,,,1,100,,78386,22,,,1,88,,78384,20,,,1,312,,78377,4,,,1,100,,78378,4,,,1,100,,78387,22,,,1
301,'20261008',550,,78419,9,,,1,70,,78421,22,,,1,22,,78420,9,,,1,70,,78428,22,,,1,30,,78422,22,,,1,70,,78431,31,,,1,30,,78423,22,,,1,70,,78429,22,,,1,28,,78430,22,,,1,112,,78413,4,,,1,100,,78414,4,,,1,100,,78425,22,,,1,100,,78415,4,,,1,100,,78416,4,,,1,100,,78426,22,,,1,88,,78424,20,,,1,312,,78417,4,,,1,100,,78418,4,,,1,100,,78427,22,,,1
301,'20261009',550,,78459,9,,,1,70,,78461,22,,,1,22,,78460,9,,,1,70,,78468,22,,,1,30,,78462,22,,,1,70,,78471,31,,,1,30,,78463,22,,,1,70,,78469,22,,,1,28,,78470,22,,,1,112,,78453,4,,,1,100,,78454,4,,,1,100,,78465,22,,,1,100,,78455,4,,,1,100,,78456,4,,,1,100,,78466,22,,,1,88,,78464,20,,,1,312,,78457,4,,,1,100,,78458,4,,,1,100,,78467,22,,,1
301,'20261010',753,,78481,4,,,1,100,,78495,22,,,1,100,,78482,4,,,1,100,,78483,4,,,1,100,,78484,4,,,1,100,,78485,4,,,1,100,,78486,4,,,1,100,,78487,4,,,1,100,,78488,4,,,1,100,,78496,22,,,1,100,,78489,4,,,1,100,,78490,4,,,1,100,,78491,4,,,1,53,,78497,29,,,1,47,,78492,4,,,1,100,,78493,4,,,1,100,,78494,4,,,1
301,'20261011',753,,78507,4,,,1,100,,78521,22,,,1,100,,78508,4,,,1,100,,78509,4,,,1,100,,78510,4,,,1,100,,78511,4,,,1,100,,78512,4,,,1,100,,78513,4,,,1,100,,78514,4,,,1,100,,78522,22,,,1,100,,78515,4,,,1,100,,78516,4,,,1,100,,78517,4,,,1,53,,78523,29,,,1,47,,78518,4,,,1,100,,78519,4,,,1,100,,78520,4,,,1
301,'20261012',550,,78551,9,,,1,70,,78553,22,,,1,22,,78552,9,,,1,70,,78560,22,,,1,30,,78554,22,,,1,70,,78563,31,,,1,30,,78555,22,,,1,70,,78561,22,,,1,28,,78562,22,,,1,112,,78545,4,,,1,100,,78546,4,,,1,100,,78557,22,,,1,100,,78547,4,,,1,100,,78548,4,,,1,100,,78558,22,,,1,88,,78556,20,,,1,312,,78549,4,,,1,100,,78550,4,,,1,100,,78559,22,,,1
301,'20261013',550,,78591,9,,,1,70,,78593,22,,,1,22,,78592,9,,,1,70,,78600,22,,,1,30,,78594,22,,,1,70,,78603,31,,,1,30,,78595,22,,,1,70,,78601,22,,,1,28,,78602,22,,,1,112,,78585,4,,,1,100,,78586,4,,,1,100,,78597,22,,,1,100,,78587,4,,,1,100,,78588,4,,,1,100,,78598,22,,,1,88,,78596,20,,,1,312,,78589,4,,,1,100,,78590,4,,,1,100,,78599,22,,,1
301,'20261014',550,,78631,9,,,1,70,,78633,22,,,1,22,,78632,9,,,1,70,,78640,22,,,1,30,,78634,22,,,1,70,,78643,31,,,1,30,,78635,22,,,1,70,,78641,22,,,1,28,,78642,22,,,1,112,,78625,4,,,1,100,,78626,4,,,1,100,,78637,22,,,1,100,,78627,4,,,1,100,,78628,4,,,1,100,,78638,22,,,1,88,,78636,20,,,1,312,,78629,4,,,1,100,,78630,4,,,1,100,,78639,22,,,1
301,'20261015',550,,78671,9,,,1,70,,78673,22,,,1,22,,78672,9,,,1,70,,78680,22,,,1,30,,78674,22,,,1,70,,78683,31,,,1,30,,78675,22,,,1,70,,78681,22,,,1,28,,78682,22,,,1,112,,78665,4,,,1,100,,78666,4,,,1,100,,78677,22,,,1,100,,78667,4,,,1,100,,78668,4,,,1,100,,78678,22,,,1,88,,78676,20,,,1,312,,78669,4,,,1,100,,78670,4,,,1,100,,78679,22,,,1
301,'20261016',550,,78711,9,,,1,70,,78713,22,,,1,22,,78712,9,,,1,70,,78720,22,,,1,30,,78714,22,,,1,70,,78723,31,,,1,30,,78715,22,,,1,70,,78721,22,,,1,28,,78722,22,,,1,112,,78705,4,,,1,100,,78706,4,,,1,100,,78717,22,,,1,100,,78707,4,,,1,100,,78708,4,,,1,100,,78718,22,,,1,88,,78716,20,,,1,312,,78709,4,,,1,100,,78710,4,,,1,100,,78719,22,,,1
301,'20261017',753,,78733,4,,,1,100,,78747,22,,,1,100,,78734,4,,,1,100,,78735,4,,,1,100,,78736,4,,,1,100,,78737,4,,,1,100,,78738,4,,,1,100,,78739,4,,,1,100,,78740,4,,,1,100,,78748,22,,,1,100,,78741,4,,,1,100,,78742,4,,,1,100,,78743,4,,,1,53,,78749,29,,,1,47,,78744,4,,,1,100,,78745,4,,,1,100,,78746,4,,,1
301,'20261018',753,,78759,4,,,1,100,,78773,22,,,1,100,,78760,4,,,1,100,,78761,4,,,1,100,,78762,4,,,1,100,,78763,4,,,1,100,,78764,4,,,1,100,,78765,4,,,1,100,,78766,4,,,1,100,,78774,22,,,1,100,,78767,4,,,1,100,,78768,4,,,1,100,,78769,4,,,1,53,,78775,29,,,1,47,,78770,4,,,1,100,,78771,4,,,1,100,,78772,4,,,1
301,'20261019',550,,78803,9,,,1,70,,78805,22,,,1,22,,78804,9,,,1,70,,78812,22,,,1,30,,78806,22,,,1,70,,78815,31,,,1,30,,78807,22,,,1,70,,78813,22,,,1,28,,78814,22,,,1,112,,78797,4,,,1,100,,78798,4,,,1,100,,78809,22,,,1,100,,78799,4,,,1,100,,78800,4,,,1,100,,78810,22,,,1,88,,78808,20,,,1,312,,78801,4,,,1,100,,78802,4,,,1,100,,78811,22,,,1
301,'20261020',550,,78843,9,,,1,70,,78845,22,,,1,22,,78844,9,,,1,70,,78852,22,,,1,30,,78846,22,,,1,70,,78855,31,,,1,30,,78847,22,,,1,70,,78853,22,,,1,28,,78854,22,,,1,112,,78837,4,,,1,100,,78838,4,,,1,100,,78849,22,,,1,100,,78839,4,,,1,100,,78840,4,,,1,100,,78850,22,,,1,88,,78848,20,,,1,312,,78841,4,,,1,100,,78842,4,,,1,100,,78851,22,,,1
301,'20261021',550,,78883,9,,,1,70,,78885,22,,,1,22,,78884,9,,,1,70,,78892,22,,,1,30,,78886,22,,,1,70,,78895,31,,,1,30,,78887,22,,,1,70,,78893,22,,,1,28,,78894,22,,,1,112,,78877,4,,,1,100,,78878,4,,,1,100,,78889,22,,,1,100,,78879,4,,,1,100,,78880,4,,,1,100,,78890,22,,,1,88,,78888,20,,,1,312,,78881,4,,,1,100,,78882,4,,,1,100,,78891,22,,,1
301,'20261022',550,,78923,9,,,1,70,,78925,22,,,1,22,,78924,9,,,1,70,,78932,22,,,1,30,,78926,22,,,1,70,,78935,31,,,1,30,,78927,22,,,1,70,,78933,22,,,1,28,,78934,22,,,1,112,,78917,4,,,1,100,,78918,4,,,1,100,,78929,22,,,1,100,,78919,4,,,1,100,,78920,4,,,1,100,,78930,22,,,1,88,,78928,20,,,1,312,,78921,4,,,1,100,,78922,4,,,1,100,,78931,22,,,1
301,'20261023',550,,78963,9,,,1,70,,78965,22,,,1,22,,78964,9,,,1,70,,78972,22,,,1,30,,78966,22,,,1,70,,78975,31,,,1,30,,78967,22,,,1,70,,78973,22,,,1,28,,78974,22,,,1,112,,78957,4,,,1,100,,78958,4,,,1,100,,78969,22,,,1,100,,78959,4,,,1,100,,78960,4,,,1,100,,78970,22,,,1,88,,78968,20,,,1,312,,78961,4,,,1,100,,78962,4,,,1,100,,78971,22,,,1
301,'20261024',753,,78985,4,,,1,100,,78999,22,,,1,100,,78986,4,,,1,100,,78987,4,,,1,100,,78988,4,,,1,100,,78989,4,,,1,100,,78990,4,,,1,100,,78991,4,,,1,100,,78992,4,,,1,100,,79000,22,,,1,100,,78993,4,,,1,100,,78994,4,,,1,100,,78995,4,,,1,53,,79001,29,,,1,47,,78996,4,,,1,100,,78997,4,,,1,100,,78998,4,,,1
301,'20261025',753,,79011,4,,,1,100,,79025,22,,,1,100,,79012,4,,,1,100,,79013,4,,,1,100,,79014,4,,,1,100,,79015,4,,,1,100,,79016,4,,,1,100,,79017,4,,,1,100,,79018,4,,,1,100,,79026,22,,,1,100,,79019,4,,,1,100,,79020,4,,,1,100,,79021,4,,,1,53,,79027,29,,,1,47,,79022,4,,,1,100,,79023,4,,,1,100,,79024,4,,,1
301,'20261026',550,,79055,9,,,1,70,,79057,22,,,1,22,,79056,9,,,1,70,,79064,22,,,1,30,,79058,22,,,1,70,,79067,31,,,1,30,,79059,22,,,1,70,,79065,22,,,1,28,,79066,22,,,1,112,,79049,4,,,1,100,,79050,4,,,1,100,,79061,22,,,1,100,,79051,4,,,1,100,,79052,4,,,1,100,,79062,22,,,1,88,,79060,20,,,1,312,,79053,4,,,1,100,,79054,4,,,1,100,,79063,22,,,1
301,'20261027',550,,79095,9,,,1,70,,79097,22,,,1,22,,79096,9,,,1,70,,79104,22,,,1,30,,79098,22,,,1,70,,79107,31,,,1,30,,79099,22,,,1,70,,79105,22,,,1,28,,79106,22,,,1,112,,79089,4,,,1,100,,79090,4,,,1,100,,79101,22,,,1,100,,79091,4,,,1,100,,79092,4,,,1,100,,79102,22,,,1,88,,79100,20,,,1,312,,79093,4,,,1,100,,79094,4,,,1,100,,79103,22,,,1
301,'20261028',550,,79135,9,,,1,70,,79137,22,,,1,22,,79136,9,,,1,70,,79144,22,,,1,30,,79138,22,,,1,70,,79147,31,,,1,30,,79139,22,,,1,70,,79145,22,,,1,28,,79146,22,,,1,112,,79129,4,,,1,100,,79130,4,,,1,100,,79141,22,,,1,100,,79131,4,,,1,100,,79132,4,,,1,100,,79142,22,,,1,88,,79140,20,,,1,312,,79133,4,,,1,100,,79134,4,,,1,100,,79143,22,,,1
301,'20261029',550,,79175,9,,,1,70,,79177,22,,,1,22,,79176,9,,,1,70,,79184,22,,,1,30,,79178,22,,,1,70,,79187,31,,,1,30,,79179,22,,,1,70,,79185,22,,,1,28,,79186,22,,,1,112,,79169,4,,,1,100,,79170,4,,,1,100,,79181,22,,,1,100,,79171,4,,,1,100,,79172,4,,,1,100,,79182,22,,,1,88,,79180,20,,,1,312,,79173,4,,,1,100,,79174,4,,,1,100,,79183,22,,,1
301,'20261030',550,,79215,9,,,1,70,,79217,22,,,1,22,,79216,9,,,1,70,,79224,22,,,1,30,,79218,22,,,1,70,,79227,31,,,1,30,,79219,22,,,1,70,,79225,22,,,1,28,,79226,22,,,1,112,,79209,4,,,1,100,,79210,4,,,1,100,,79221,22,,,1,100,,79211,4,,,1,100,,79212,4,,,1,100,,79222,22,,,1,88,,79220,20,,,1,312,,79213,4,,,1,100,,79214,4,,,1,100,,79223,22,,,1
301,'20261031',753,,79237,4,,,1,100,,79251,22,,,1,100,,79238,4,,,1,100,,79239,4,,,1,100,,79240,4,,,1,100,,79241,4,,,1,100,,79242,4,,,1,100,,79243,4,,,1,100,,79244,4,,,1,100,,79252,22,,,1,100,,79245,4,,,1,100,,79246,4,,,1,100,,79247,4,,,1,53,,79253,29,,,1,47,,79248,4,,,1,100,,79249,4,,,1,100,,79250,4,,,1
301,'20261101',753,,79263,4,,,1,100,,79277,22,,,1,100,,79264,4,,,1,100,,79265,4,,,1,100,,79266,4,,,1,100,,79267,4,,,1,100,,79268,4,,,1,100,,79269,4,,,1,100,,79270,4,,,1,100,,79278,22,,,1,100,,79271,4,,,1,100,,79272,4,,,1,100,,79273,4,,,1,53,,79279,29,,,1,47,,79274,4,,,1,100,,79275,4,,,1,100,,79276,4,,,1
301,'20261102',550,,79307,9,,,1,70,,79309,22,,,1,22,,79308,9,,,1,70,,79316,22,,,1,30,,79310,22,,,1,70,,79319,31,,,1,30,,79311,22,,,1,70,,79317,22,,,1,28,,79318,22,,,1,112,,79301,4,,,1,100,,79302,4,,,1,100,,79313,22,,,1,100,,79303,4,,,1,100,,79304,4,,,1,100,,79314,22,,,1,88,,79312,20,,,1,312,,79305,4,,,1,100,,79306,4,,,1,100,,79315,22,,,1
301,'20261103',550,,79347,9,,,1,70,,79349,22,,,1,22,,79348,9,,,1,70,,79356,22,,,1,30,,79350,22,,,1,70,,79359,31,,,1,30,,79351,22,,,1,70,,79357,22,,,1,28,,79358,22,,,1,112,,79341,4,,,1,100,,79342,4,,,1,100,,79353,22,,,1,100,,79343,4,,,1,100,,79344,4,,,1,100,,79354,22,,,1,88,,79352,20,,,1,312,,79345,4,,,1,100,,79346,4,,,1,100,,79355,22,,,1
301,'20261104',550,,79387,9,,,1,70,,79389,22,,,1,22,,79388,9,,,1,70,,79396,22,,,1,30,,79390,22,,,1,70,,79399,31,,,1,30,,79391,22,,,1,70,,79397,22,,,1,28,,79398,22,,,1,112,,79381,4,,,1,100,,79382,4,,,1,100,,79393,22,,,1,100,,79383,4,,,1,100,,79384,4,,,1,100,,79394,22,,,1,88,,79392,20,,,1,312,,79385,4,,,1,100,,79386,4,,,1,100,,79395,22,,,1
301,'20261105',550,,79427,9,,,1,70,,79429,22,,,1,22,,79428,9,,,1,70,,79436,22,,,1,30,,79430,22,,,1,70,,79439,31,,,1,30,,79431,22,,,1,70,,79437,22,,,1,28,,79438,22,,,1,112,,79421,4,,,1,100,,79422,4,,,1,100,,79433,22,,,1,100,,79423,4,,,1,100,,79424,4,,,1,100,,79434,22,,,1,88,,79432,20,,,1,312,,79425,4,,,1,100,,79426,4,,,1,100,,79435,22,,,1
301,'20261106',550,,79467,9,,,1,70,,79469,22,,,1,22,,79468,9,,,1,70,,79476,22,,,1,30,,79470,22,,,1,70,,79479,31,,,1,30,,79471,22,,,1,70,,79477,22,,,1,28,,79478,22,,,1,112,,79461,4,,,1,100,,79462,4,,,1,100,,79473,22,,,1,100,,79463,4,,,1,100,,79464,4,,,1,100,,79474,22,,,1,88,,79472,20,,,1,312,,79465,4,,,1,100,,79466,4,,,1,100,,79475,22,,,1
301,'20261107',753,,79489,4,,,1,100,,79503,22,,,1,100,,79490,4,,,1,100,,79491,4,,,1,100,,79492,4,,,1,100,,79493,4,,,1,100,,79494,4,,,1,100,,79495,4,,,1,100,,79496,4,,,1,100,,79504,22,,,1,100,,79497,4,,,1,100,,79498,4,,,1,100,,79499,4,,,1,53,,79505,29,,,1,47,,79500,4,,,1,100,,79501,4,,,1,100,,79502,4,,,1
301,'20261108',753,,79515,4,,,1,100,,79529,22,,,1,100,,79516,4,,,1,100,,79517,4,,,1,100,,79518,4,,,1,100,,79519,4,,,1,100,,79520,4,,,1,100,,79521,4,,,1,100,,79522,4,,,1,100,,79530,22,,,1,100,,79523,4,,,1,100,,79524,4,,,1,100,,79525,4,,,1,53,,79531,29,,,1,47,,79526,4,,,1,100,,79527,4,,,1,100,,79528,4,,,1
301,'20261109',550,,79559,9,,,1,70,,79561,22,,,1,22,,79560,9,,,1,70,,79568,22,,,1,30,,79562,22,,,1,70,,79571,31,,,1,30,,79563,22,,,1,70,,79569,22,,,1,28,,79570,22,,,1,112,,79553,4,,,1,100,,79554,4,,,1,100,,79565,22,,,1,100,,79555,4,,,1,100,,79556,4,,,1,100,,79566,22,,,1,88,,79564,20,,,1,312,,79557,4,,,1,100,,79558,4,,,1,100,,79567,22,,,1
301,'20261110',550,,79599,9,,,1,70,,79601,22,,,1,22,,79600,9,,,1,70,,79608,22,,,1,30,,79602,22,,,1,70,,79611,31,,,1,30,,79603,22,,,1,70,,79609,22,,,1,28,,79610,22,,,1,112,,79593,4,,,1,100,,79594,4,,,1,100,,79605,22,,,1,100,,79595,4,,,1,100,,79596,4,,,1,100,,79606,22,,,1,88,,79604,20,,,1,312,,79597,4,,,1,100,,79598,4,,,1,100,,79607,22,,,1
301,'20261111',550,,79639,9,,,1,70,,79641,22,,,1,22,,79640,9,,,1,70,,79648,22,,,1,30,,79642,22,,,1,70,,79651,31,,,1,30,,79643,22,,,1,70,,79649,22,,,1,28,,79650,22,,,1,112,,79633,4,,,1,100,,79634,4,,,1,100,,79645,22,,,1,100,,79635,4,,,1,100,,79636,4,,,1,100,,79646,22,,,1,88,,79644,20,,,1,312,,79637,4,,,1,100,,79638,4,,,1,100,,79647,22,,,1
301,'20261112',550,,79679,9,,,1,70,,79681,22,,,1,22,,79680,9,,,1,70,,79688,22,,,1,30,,79682,22,,,1,70,,79691,31,,,1,30,,79683,22,,,1,70,,79689,22,,,1,28,,79690,22,,,1,112,,79673,4,,,1,100,,79674,4,,,1,100,,79685,22,,,1,100,,79675,4,,,1,100,,79676,4,,,1,100,,79686,22,,,1,88,,79684,20,,,1,312,,79677,4,,,1,100,,79678,4,,,1,100,,79687,22,,,1
301,'20261113',550,,79719,9,,,1,70,,79721,22,,,1,22,,79720,9,,,1,70,,79728,22,,,1,30,,79722,22,,,1,70,,79731,31,,,1,30,,79723,22,,,1,70,,79729,22,,,1,28,,79730,22,,,1,112,,79713,4,,,1,100,,79714,4,,,1,100,,79725,22,,,1,100,,79715,4,,,1,100,,79716,4,,,1,100,,79726,22,,,1,88,,79724,20,,,1,312,,79717,4,,,1,100,,79718,4,,,1,100,,79727,22,,,1
301,'20261114',753,,79741,4,,,1,100,,79755,22,,,1,100,,79742,4,,,1,100,,79743,4,,,1,100,,79744,4,,,1,100,,79745,4,,,1,100,,79746,4,,,1,100,,79747,4,,,1,100,,79748,4,,,1,100,,79756,22,,,1,100,,79749,4,,,1,100,,79750,4,,,1,100,,79751,4,,,1,53,,79757,29,,,1,47,,79752,4,,,1,100,,79753,4,,,1,100,,79754,4,,,1
301,'20261115',753,,79767,4,,,1,100,,79781,22,,,1,100,,79768,4,,,1,100,,79769,4,,,1,100,,79770,4,,,1,100,,79771,4,,,1,100,,79772,4,,,1,100,,79773,4,,,1,100,,79774,4,,,1,100,,79782,22,,,1,100,,79775,4,,,1,100,,79776,4,,,1,100,,79777,4,,,1,53,,79783,29,,,1,47,,79778,4,,,1,100,,79779,4,,,1,100,,79780,4,,,1
301,'20261116',550,,79811,9,,,1,70,,79813,22,,,1,22,,79812,9,,,1,70,,79820,22,,,1,30,,79814,22,,,1,70,,79823,31,,,1,30,,79815,22,,,1,70,,79821,22,,,1,28,,79822,22,,,1,112,,79805,4,,,1,100,,79806,4,,,1,100,,79817,22,,,1,100,,79807,4,,,1,100,,79808,4,,,1,100,,79818,22,,,1,88,,79816,20,,,1,312,,79809,4,,,1,100,,79810,4,,,1,100,,79819,22,,,1
301,'20261117',550,,79851,9,,,1,70,,79853,22,,,1,22,,79852,9,,,1,70,,79860,22,,,1,30,,79854,22,,,1,70,,79863,31,,,1,30,,79855,22,,,1,70,,79861,22,,,1,28,,79862,22,,,1,112,,79845,4,,,1,100,,79846,4,,,1,100,,79857,22,,,1,100,,79847,4,,,1,100,,79848,4,,,1,100,,79858,22,,,1,88,,79856,20,,,1,312,,79849,4,,,1,100,,79850,4,,,1,100,,79859,22,,,1
301,'20261118',550,,79891,9,,,1,70,,79893,22,,,1,22,,79892,9,,,1,70,,79900,22,,,1,30,,79894,22,,,1,70,,79903,31,,,1,30,,79895,22,,,1,70,,79901,22,,,1,28,,79902,22,,,1,112,,79885,4,,,1,100,,79886,4,,,1,100,,79897,22,,,1,100,,79887,4,,,1,100,,79888,4,,,1,100,,79898,22,,,1,88,,79896,20,,,1,312,,79889,4,,,1,100,,79890,4,,,1,100,,79899,22,,,1
301,'20261119',550,,79931,9,,,1,70,,79933,22,,,1,22,,79932,9,,,1,70,,79940,22,,,1,30,,79934,22,,,1,70,,79943,31,,,1,30,,79935,22,,,1,70,,79941,22,,,1,28,,79942,22,,,1,112,,79925,4,,,1,100,,79926,4,,,1,100,,79937,22,,,1,100,,79927,4,,,1,100,,79928,4,,,1,100,,79938,22,,,1,88,,79936,20,,,1,312,,79929,4,,,1,100,,79930,4,,,1,100,,79939,22,,,1
301,'20261120',550,,79971,9,,,1,70,,79973,22,,,1,22,,79972,9,,,1,70,,79980,22,,,1,30,,79974,22,,,1,70,,79983,31,,,1,30,,79975,22,,,1,70,,79981,22,,,1,28,,79982,22,,,1,112,,79965,4,,,1,100,,79966,4,,,1,100,,79977,22,,,1,100,,79967,4,,,1,100,,79968,4,,,1,100,,79978,22,,,1,88,,79976,20,,,1,312,,79969,4,,,1,100,,79970,4,,,1,100,,79979,22,,,1
301,'20261121',753,,79993,4,,,1,100,,80007,22,,,1,100,,79994,4,,,1,100,,79995,4,,,1,100,,79996,4,,,1,100,,79997,4,,,1,100,,79998,4,,,1,100,,79999,4,,,1,100,,80000,4,,,1,100,,80008,22,,,1,100,,80001,4,,,1,100,,80002,4,,,1,100,,80003,4,,,1,53,,80009,29,,,1,47,,80004,4,,,1,100,,80005,4,,,1,100,,80006,4,,,1
301,'20261122',753,,80019,4,,,1,100,,80033,22,,,1,100,,80020,4,,,1,100,,80021,4,,,1,100,,80022,4,,,1,100,,80023,4,,,1,100,,80024,4,,,1,100,,80025,4,,,1,100,,80026,4,,,1,100,,80034,22,,,1,100,,80027,4,,,1,100,,80028,4,,,1,100,,80029,4,,,1,53,,80035,29,,,1,47,,80030,4,,,1,100,,80031,4,,,1,100,,80032,4,,,1
301,'20261123',550,,80063,9,,,1,70,,80065,22,,,1,22,,80064,9,,,1,70,,80072,22,,,1,30,,80066,22,,,1,70,,80075,31,,,1,30,,80067,22,,,1,70,,80073,22,,,1,28,,80074,22,,,1,112,,80057,4,,,1,100,,80058,4,,,1,100,,80069,22,,,1,100,,80059,4,,,1,100,,80060,4,,,1,100,,80070,22,,,1,88,,80068,20,,,1,312,,80061,4,,,1,100,,80062,4,,,1,100,,80071,22,,,1
301,'20261124',550,,80103,9,,,1,70,,80105,22,,,1,22,,80104,9,,,1,70,,80112,22,,,1,30,,80106,22,,,1,70,,80115,31,,,1,30,,80107,22,,,1,70,,80113,22,,,1,28,,80114,22,,,1,112,,80097,4,,,1,100,,80098,4,,,1,100,,80109,22,,,1,100,,80099,4,,,1,100,,80100,4,,,1,100,,80110,22,,,1,88,,80108,20,,,1,312,,80101,4,,,1,100,,80102,4,,,1,100,,80111,22,,,1
301,'20261125',550,,80143,9,,,1,70,,80145,22,,,1,22,,80144,9,,,1,70,,80152,22,,,1,30,,80146,22,,,1,70,,80155,31,,,1,30,,80147,22,,,1,70,,80153,22,,,1,28,,80154,22,,,1,112,,80137,4,,,1,100,,80138,4,,,1,100,,80149,22,,,1,100,,80139,4,,,1,100,,80140,4,,,1,100,,80150,22,,,1,88,,80148,20,,,1,312,,80141,4,,,1,100,,80142,4,,,1,100,,80151,22,,,1
301,'20261126',550,,80183,9,,,1,70,,80185,22,,,1,22,,80184,9,,,1,70,,80192,22,,,1,30,,80186,22,,,1,70,,80195,31,,,1,30,,80187,22,,,1,70,,80193,22,,,1,28,,80194,22,,,1,112,,80177,4,,,1,100,,80178,4,,,1,100,,80189,22,,,1,100,,80179,4,,,1,100,,80180,4,,,1,100,,80190,22,,,1,88,,80188,20,,,1,312,,80181,4,,,1,100,,80182,4,,,1,100,,80191,22,,,1
301,'20261127',550,,80223,9,,,1,70,,80225,22,,,1,22,,80224,9,,,1,70,,80232,22,,,1,30,,80226,22,,,1,70,,80235,31,,,1,30,,80227,22,,,1,70,,80233,22,,,1,28,,80234,22,,,1,112,,80217,4,,,1,100,,80218,4,,,1,100,,80229,22,,,1,100,,80219,4,,,1,100,,80220,4,,,1,100,,80230,22,,,1,88,,80228,20,,,1,312,,80221,4,,,1,100,,80222,4,,,1,100,,80231,22,,,1
