500,'20260819',1143,,49974,35,4,,1,404,,49975,35,4,,1,197,,49976,35,4,,1,85,,49973,35,4,,1,30,,49971,35,4,,1,55,,49972,35,4,,1,30,,49977,35,4,,1,201,,65582,35,4,,1
500,'20260820',1143,,49991,35,4,,1,404,,49992,35,4,,1,197,,49993,35,4,,1,85,,49990,35,4,,1,30,,49988,35,4,,1,55,,49989,35,4,,1,30,,49994,35,4,,1,201,,65583,35,4,,1
500,'20260821',1132,,50008,35,4,,1,411,,50009,35,4,,1,198,,50010,35,4,,1,85,,50007,35,4,,1,30,,50005,35,4,,1,55,,50006,35,4,,1,30,,50011,35,4,,1,403,,50012,35,4,,1,93,,50013,35,4,,1
500,'20260822',1031,,50023,35,4,,1,302,,50024,35,4,,1,300,,50025,35,4,,1,299,,50026,35,4,,1,311,,50027,35,4,,1,194,,50028,35,4,,1
500,'20260823',1031,,50038,35,4,,1,302,,50039,35,4,,1,300,,50040,35,4,,1,299,,50041,35,4,,1,311,,50042,35,4,,1,194,,50043,35,4,,1
500,'20260824',1132,,65153,35,4,,1,411,,65154,35,4,,1,198,,65155,35,4,,1,85,,65152,35,4,,1,30,,65150,35,4,,1,55,,65151,35,4,,1,30,,50058,35,4,,1,403,,65156,35,4,,1,93,,50060,35,4,,1
500,'20260825',1132,,50072,35,4,,1,411,,50073,35,4,,1,198,,50074,35,4,,1,85,,50071,35,4,,1,30,,50069,35,4,,1,55,,50070,35,4,,1,30,,50075,35,4,,1,403,,50076,35,4,,1,93,,50077,35,4,,1
500,'20260826',1132,,50089,35,4,,1,411,,50090,35,4,,1,198,,50091,35,4,,1,85,,50088,35,4,,1,30,,50086,35,4,,1,55,,50087,35,4,,1,30,,50092,35,4,,1,403,,50093,35,4,,1,93,,50094,35,4,,1
500,'20260827',1132,,50106,35,4,,1,411,,50107,35,4,,1,198,,50108,35,4,,1,85,,50105,35,4,,1,30,,50103,35,4,,1,55,,50104,35,4,,1,30,,50109,35,4,,1,403,,50110,35,4,,1,93,,50111,35,4,,1
500,'20260828',1132,,50123,35,4,,1,411,,50124,35,4,,1,198,,50125,35,4,,1,85,,50122,35,4,,1,30,,50120,35,4,,1,55,,50121,35,4,,1,30,,50126,35,4,,1,403,,50127,35,4,,1,93,,50128,35,4,,1
500,'20260829',1035,,50138,35,4,,1,302,,50139,35,4,,1,300,,50140,35,4,,1,300,,50141,35,4,,1,304,,50142,35,4,,1,196,,50143,35,4,,1
500,'20260830',1035,,50153,35,4,,1,302,,50154,35,4,,1,300,,50155,35,4,,1,300,,50156,35,4,,1,304,,50157,35,4,,1,196,,50158,35,4,,1
500,'20260831',1137,,65163,35,4,,1,407,,65164,35,4,,1,197,,65165,35,4,,1,85,,65162,35,4,,1,30,,65160,35,4,,1,55,,65161,35,4,,1,30,,50173,35,4,,1,403,,65166,35,4,,1,93,,50175,35,4,,1
500,'20260901',1137,,50187,35,4,,1,407,,50188,35,4,,1,197,,50189,35,4,,1,85,,50186,35,4,,1,30,,50184,35,4,,1,55,,50185,35,4,,1,30,,50190,35,4,,1,403,,50191,35,4,,1,93,,50192,35,4,,1
500,'20260902',1137,,50204,35,4,,1,407,,50205,35,4,,1,197,,50206,35,4,,1,85,,50203,35,4,,1,30,,50201,35,4,,1,55,,50202,35,4,,1,30,,50207,35,4,,1,403,,50208,35,4,,1,93,,50209,35,4,,1
500,'20260903',1137,,50221,35,4,,1,407,,50222,35,4,,1,197,,50223,35,4,,1,85,,50220,35,4,,1,30,,50218,35,4,,1,55,,50219,35,4,,1,30,,50224,35,4,,1,403,,50225,35,4,,1,93,,50226,35,4,,1
500,'20260904',1137,,50238,35,4,,1,407,,50239,35,4,,1,197,,50240,35,4,,1,85,,50237,35,4,,1,30,,50235,35,4,,1,55,,50236,35,4,,1,30,,50241,35,4,,1,403,,50242,35,4,,1,93,,50243,35,4,,1
501,'20260819',509,,51383,1,,,1,30,,51385,1,,,1,70,,51384,1,,,1,40,,51386,1,,,1,55,,51387,1,,,1,54,,51388,1,,,1,100,,51389,1,,,1,447,,51390,1,,,1
501,'20260820',509,,51400,1,,,1,30,,51402,1,,,1,70,,51401,1,,,1,40,,51403,1,,,1,55,,51404,1,,,1,54,,51405,1,,,1,100,,51406,1,,,1,447,,51407,1,,,1
501,'20260821',511,,51417,1,,,1,30,,51419,1,,,1,70,,51418,1,,,1,40,,51420,1,,,1,55,,51421,1,,,1,94,,51422,1,,,1,55,,51423,1,,,1,452,,51424,1,,,1,803,,51425,1,,,1
501,'20260822',659,,51435,1,,,1,97,,51436,1,,,1,303,,51437,1,,,1,300,,51438,1,,,1,300,,51439,1,,,1,349,,51440,1,,,1
501,'20260823',659,,51450,1,,,1,97,,51451,1,,,1,303,,51452,1,,,1,300,,51453,1,,,1,300,,51454,1,,,1,349,,51455,1,,,1
501,'20260824',511,,65196,1,,,1,30,,65198,1,,,1,70,,65197,1,,,1,40,,51467,1,,,1,55,,65199,1,,,1,94,,51469,1,,,1,55,,65200,1,,,1,452,,65201,1,,,1,803,,65202,1,,,1
501,'20260825',511,,51481,1,,,1,30,,51483,1,,,1,70,,51482,1,,,1,40,,51484,1,,,1,55,,51485,1,,,1,94,,51486,1,,,1,55,,51487,1,,,1,452,,51488,1,,,1,803,,51489,1,,,1
501,'20260826',511,,51498,1,,,1,30,,51500,1,,,1,70,,51499,1,,,1,40,,51501,1,,,1,55,,51502,1,,,1,94,,51503,1,,,1,55,,51504,1,,,1,452,,51505,1,,,1,803,,51506,1,,,1
501,'20260827',511,,51515,1,,,1,30,,51517,1,,,1,70,,51516,1,,,1,40,,51518,1,,,1,55,,51519,1,,,1,94,,51520,1,,,1,55,,51521,1,,,1,452,,51522,1,,,1,803,,51523,1,,,1
501,'20260828',511,,51532,1,,,1,30,,51534,1,,,1,70,,51533,1,,,1,40,,51535,1,,,1,55,,51536,1,,,1,94,,51537,1,,,1,55,,51538,1,,,1,452,,51539,1,,,1,803,,51540,1,,,1
501,'20260829',701,,51550,1,,,1,100,,51551,1,,,1,304,,51552,1,,,1,300,,51553,1,,,1,300,,51554,1,,,1,303,,51555,1,,,1
501,'20260830',701,,51565,1,,,1,100,,51566,1,,,1,304,,51567,1,,,1,300,,51568,1,,,1,300,,51569,1,,,1,303,,51570,1,,,1
501,'20260831',513,,65208,1,,,1,30,,65210,1,,,1,70,,65209,1,,,1,40,,51582,1,,,1,55,,65211,1,,,1,94,,51584,1,,,1,100,,65212,1,,,1,407,,65213,1,,,1,801,,65214,1,,,1
501,'20260901',513,,51596,1,,,1,30,,51598,1,,,1,70,,51597,1,,,1,40,,51599,1,,,1,55,,51600,1,,,1,94,,51601,1,,,1,100,,51602,1,,,1,407,,51603,1,,,1,801,,51604,1,,,1
501,'20260902',513,,51613,1,,,1,30,,51615,1,,,1,70,,51614,1,,,1,40,,51616,1,,,1,55,,51617,1,,,1,94,,51618,1,,,1,100,,51619,1,,,1,407,,51620,1,,,1,801,,51621,1,,,1
501,'20260903',513,,51630,1,,,1,30,,51632,1,,,1,70,,51631,1,,,1,40,,51633,1,,,1,55,,51634,1,,,1,94,,51635,1,,,1,100,,51636,1,,,1,407,,51637,1,,,1,801,,51638,1,,,1
501,'20260904',513,,51647,1,,,1,30,,51649,1,,,1,70,,51648,1,,,1,40,,51650,1,,,1,55,,51651,1,,,1,94,,51652,1,,,1,100,,51653,1,,,1,407,,51654,1,,,1,801,,51655,1,,,1
