900,'20260819',707,,58743,28,4,,1,30,,58764,28,4,,1,77,,58744,28,4,,1,27,,58765,28,4,,1,70,,58745,28,4,,1,30,,58766,28,4,,1,70,,58746,28,4,,1,41,,58769,28,4,,1,70,,58749,28,4,,1,30,,58770,28,4,,1,70,,58750,28,4,,1,30,,58771,28,4,,1,70,,58751,28,4,,1,30,,58772,28,4,,1,70,,58752,28,4,,1,30,,58773,28,4,,1,70,,58753,28,4,,1,30,,58774,28,4,,1,71,,58754,28,4,,1,30,,58775,28,4,,1,53,,58747,28,4,,1,20,,58755,28,4,,1,10,,58767,28,4,,1,20,,58776,28,4,,1,50,,58748,28,4,,1,20,,58756,28,4,,1,12,,58768,28,4,,1,15,,58777,28,4,,1,70,,58757,28,4,,1,30,,58778,28,4,,1,70,,58758,28,4,,1,29,,58779,28,4,,1,70,,58759,28,4,,1,30,,58780,28,4,,1,70,,58760,28,4,,1,30,,58781,28,4,,1,70,,58761,28,4,,1,30,,58782,28,4,,1,72,,58762,28,4,,1,28,,58783,28,4,,1,70,,58763,28,4,,1
900,'20260820',707,,58787,28,4,,1,30,,58808,28,4,,1,77,,58788,28,4,,1,27,,58809,28,4,,1,70,,58789,28,4,,1,30,,58810,28,4,,1,70,,58790,28,4,,1,41,,58813,28,4,,1,70,,58793,28,4,,1,30,,58814,28,4,,1,70,,58794,28,4,,1,30,,58815,28,4,,1,70,,58795,28,4,,1,30,,58816,28,4,,1,70,,58796,28,4,,1,30,,58817,28,4,,1,70,,58797,28,4,,1,30,,58818,28,4,,1,71,,58798,28,4,,1,30,,58819,28,4,,1,53,,58791,28,4,,1,20,,58799,28,4,,1,10,,58811,28,4,,1,20,,58820,28,4,,1,50,,58792,28,4,,1,20,,58800,28,4,,1,12,,58812,28,4,,1,15,,58821,28,4,,1,70,,58801,28,4,,1,30,,58822,28,4,,1,70,,58802,28,4,,1,29,,58823,28,4,,1,70,,58803,28,4,,1,30,,58824,28,4,,1,70,,58804,28,4,,1,30,,58825,28,4,,1,70,,58805,28,4,,1,30,,58826,28,4,,1,72,,58806,28,4,,1,13,,65613,28,4,,1,15,,58827,28,4,,1,70,,58807,28,4,,1
900,'20260821',707,,58831,28,4,,1,30,,58852,28,4,,1,77,,58832,28,4,,1,27,,58853,28,4,,1,70,,58833,28,4,,1,30,,58854,28,4,,1,70,,58834,28,4,,1,46,,58857,28,4,,1,70,,58837,28,4,,1,30,,58858,28,4,,1,70,,58838,28,4,,1,30,,58859,28,4,,1,70,,58839,28,4,,1,30,,58860,28,4,,1,70,,58840,28,4,,1,30,,58861,28,4,,1,70,,58841,28,4,,1,30,,58862,28,4,,1,71,,58842,28,4,,1,30,,58863,28,4,,1,53,,58835,28,4,,1,20,,58843,28,4,,1,10,,58855,28,4,,1,60,,58864,28,4,,1,10,,58836,28,4,,1,20,,58844,28,4,,1,12,,58856,28,4,,1,15,,58865,28,4,,1,70,,58845,28,4,,1,30,,58866,28,4,,1,70,,58846,28,4,,1,29,,58867,28,4,,1,70,,58847,28,4,,1,30,,58868,28,4,,1,70,,58848,28,4,,1,30,,58869,28,4,,1,70,,58849,28,4,,1,30,,58870,28,4,,1,72,,58850,28,4,,1,28,,58871,28,4,,1,70,,58851,28,4,,1,30,,58872,28,4,,1
900,'20260822',957,,58908,28,4,,1,70,,58884,28,4,,1,30,,58909,28,4,,1,70,,58885,28,4,,1,30,,58910,28,4,,1,70,,58886,28,4,,1,30,,58911,28,4,,1,70,,58887,28,4,,1,30,,58912,28,4,,1,70,,58888,28,4,,1,30,,58913,28,4,,1,70,,58889,28,4,,1,30,,58914,28,4,,1,70,,58890,28,4,,1,15,,58900,28,4,,1,15,,58915,28,4,,1,55,,58876,28,4,,1,15,,58891,28,4,,1,15,,58901,28,4,,1,15,,58916,28,4,,1,55,,58877,28,4,,1,15,,58892,28,4,,1,15,,58902,28,4,,1,15,,58917,28,4,,1,55,,58878,28,4,,1,15,,58893,28,4,,1,15,,58903,28,4,,1,15,,58918,28,4,,1,55,,58879,28,4,,1,15,,58894,28,4,,1,15,,58904,28,4,,1,15,,58919,28,4,,1,55,,58880,28,4,,1,15,,58895,28,4,,1,15,,58905,28,4,,1,15,,58920,28,4,,1,55,,58881,28,4,,1,15,,58896,28,4,,1,15,,58906,28,4,,1,15,,58921,28,4,,1,55,,58882,28,4,,1,15,,58897,28,4,,1,15,,58907,28,4,,1,15,,58922,28,4,,1,55,,58883,28,4,,1,18,,58898,28,4,,1,70,,58923,28,4,,1,30,,58899,28,4,,1,70,,58924,28,4,,1
900,'20260823',957,,58957,28,4,,1,70,,58933,28,4,,1,30,,58958,28,4,,1,70,,58934,28,4,,1,30,,58959,28,4,,1,70,,58935,28,4,,1,30,,58960,28,4,,1,70,,58936,28,4,,1,30,,58961,28,4,,1,70,,58937,28,4,,1,30,,58962,28,4,,1,70,,58938,28,4,,1,30,,58963,28,4,,1,70,,58939,28,4,,1,15,,58949,28,4,,1,15,,58964,28,4,,1,55,,58925,28,4,,1,15,,58940,28,4,,1,15,,58950,28,4,,1,15,,58965,28,4,,1,55,,58926,28,4,,1,15,,58941,28,4,,1,15,,58951,28,4,,1,15,,58966,28,4,,1,55,,58927,28,4,,1,15,,58942,28,4,,1,15,,58952,28,4,,1,15,,58967,28,4,,1,55,,58928,28,4,,1,15,,58943,28,4,,1,15,,58953,28,4,,1,15,,58968,28,4,,1,55,,58929,28,4,,1,15,,58944,28,4,,1,15,,58954,28,4,,1,15,,58969,28,4,,1,55,,58930,28,4,,1,15,,58945,28,4,,1,15,,58955,28,4,,1,15,,58970,28,4,,1,55,,58931,28,4,,1,15,,58946,28,4,,1,15,,58956,28,4,,1,15,,58971,28,4,,1,55,,58932,28,4,,1,18,,58947,28,4,,1,70,,58972,28,4,,1,30,,58948,28,4,,1
900,'20260824',707,,65339,28,4,,1,30,,65343,28,4,,1,77,,65340,28,4,,1,27,,65344,28,4,,1,70,,65341,28,4,,1,30,,65345,28,4,,1,70,,65342,28,4,,1,46,,59000,28,4,,1,70,,58980,28,4,,1,30,,59001,28,4,,1,70,,58981,28,4,,1,30,,59002,28,4,,1,70,,58982,28,4,,1,30,,59003,28,4,,1,70,,58983,28,4,,1,30,,59004,28,4,,1,70,,58984,28,4,,1,30,,59005,28,4,,1,71,,58985,28,4,,1,30,,59006,28,4,,1,53,,58978,28,4,,1,20,,58986,28,4,,1,10,,58998,28,4,,1,60,,59007,28,4,,1,10,,58979,28,4,,1,20,,58987,28,4,,1,12,,58999,28,4,,1,15,,59008,28,4,,1,70,,58988,28,4,,1,30,,59009,28,4,,1,70,,58989,28,4,,1,29,,59010,28,4,,1,70,,58990,28,4,,1,30,,59011,28,4,,1,70,,58991,28,4,,1,30,,59012,28,4,,1,70,,58992,28,4,,1,30,,59013,28,4,,1,72,,58993,28,4,,1,28,,59014,28,4,,1,70,,58994,28,4,,1
900,'20260825',707,,59018,28,4,,1,30,,59039,28,4,,1,77,,59019,28,4,,1,27,,59040,28,4,,1,70,,59020,28,4,,1,30,,59041,28,4,,1,70,,59021,28,4,,1,46,,59044,28,4,,1,70,,59024,28,4,,1,30,,59045,28,4,,1,70,,59025,28,4,,1,30,,59046,28,4,,1,70,,59026,28,4,,1,30,,59047,28,4,,1,70,,59027,28,4,,1,30,,59048,28,4,,1,70,,59028,28,4,,1,30,,59049,28,4,,1,71,,59029,28,4,,1,30,,59050,28,4,,1,53,,59022,28,4,,1,20,,59030,28,4,,1,10,,59042,28,4,,1,60,,59051,28,4,,1,10,,59023,28,4,,1,20,,59031,28,4,,1,12,,59043,28,4,,1,15,,59052,28,4,,1,70,,59032,28,4,,1,30,,59053,28,4,,1,70,,59033,28,4,,1,29,,59054,28,4,,1,70,,59034,28,4,,1,30,,59055,28,4,,1,70,,59035,28,4,,1,30,,59056,28,4,,1,70,,59036,28,4,,1,30,,59057,28,4,,1,72,,59037,28,4,,1,28,,59058,28,4,,1,70,,59038,28,4,,1
900,'20260826',707,,59062,28,4,,1,30,,59083,28,4,,1,77,,59063,28,4,,1,27,,59084,28,4,,1,70,,59064,28,4,,1,30,,59085,28,4,,1,70,,59065,28,4,,1,46,,59088,28,4,,1,70,,59068,28,4,,1,30,,59089,28,4,,1,70,,59069,28,4,,1,30,,59090,28,4,,1,70,,59070,28,4,,1,30,,59091,28,4,,1,70,,59071,28,4,,1,30,,59092,28,4,,1,70,,59072,28,4,,1,30,,59093,28,4,,1,71,,59073,28,4,,1,30,,59094,28,4,,1,53,,59066,28,4,,1,20,,59074,28,4,,1,10,,59086,28,4,,1,60,,59095,28,4,,1,10,,59067,28,4,,1,20,,59075,28,4,,1,12,,59087,28,4,,1,15,,59096,28,4,,1,70,,59076,28,4,,1,30,,59097,28,4,,1,70,,59077,28,4,,1,29,,59098,28,4,,1,70,,59078,28,4,,1,30,,59099,28,4,,1,70,,59079,28,4,,1,30,,59100,28,4,,1,70,,59080,28,4,,1,30,,59101,28,4,,1,72,,59081,28,4,,1,28,,59102,28,4,,1,70,,59082,28,4,,1
900,'20260827',707,,59106,28,4,,1,30,,59127,28,4,,1,77,,59107,28,4,,1,27,,59128,28,4,,1,70,,59108,28,4,,1,30,,59129,28,4,,1,70,,59109,28,4,,1,46,,59132,28,4,,1,70,,59112,28,4,,1,30,,59133,28,4,,1,70,,59113,28,4,,1,30,,59134,28,4,,1,70,,59114,28,4,,1,30,,59135,28,4,,1,70,,59115,28,4,,1,30,,59136,28,4,,1,70,,59116,28,4,,1,30,,59137,28,4,,1,71,,59117,28,4,,1,30,,59138,28,4,,1,53,,59110,28,4,,1,20,,59118,28,4,,1,10,,59130,28,4,,1,60,,59139,28,4,,1,10,,59111,28,4,,1,20,,59119,28,4,,1,12,,59131,28,4,,1,15,,59140,28,4,,1,70,,59120,28,4,,1,30,,59141,28,4,,1,70,,59121,28,4,,1,29,,59142,28,4,,1,70,,59122,28,4,,1,30,,59143,28,4,,1,70,,59123,28,4,,1,30,,59144,28,4,,1,70,,59124,28,4,,1,30,,59145,28,4,,1,72,,59125,28,4,,1,28,,59146,28,4,,1,70,,59126,28,4,,1
900,'20260828',707,,59150,28,4,,1,30,,59171,28,4,,1,77,,59151,28,4,,1,27,,59172,28,4,,1,70,,59152,28,4,,1,30,,59173,28,4,,1,70,,59153,28,4,,1,46,,59176,28,4,,1,70,,59156,28,4,,1,30,,59177,28,4,,1,70,,59157,28,4,,1,30,,59178,28,4,,1,70,,59158,28,4,,1,30,,59179,28,4,,1,70,,59159,28,4,,1,30,,59180,28,4,,1,70,,59160,28,4,,1,30,,59181,28,4,,1,71,,59161,28,4,,1,30,,59182,28,4,,1,53,,59154,28,4,,1,20,,59162,28,4,,1,10,,59174,28,4,,1,60,,59183,28,4,,1,10,,59155,28,4,,1,20,,59163,28,4,,1,12,,59175,28,4,,1,15,,59184,28,4,,1,70,,59164,28,4,,1,30,,59185,28,4,,1,70,,59165,28,4,,1,29,,59186,28,4,,1,70,,59166,28,4,,1,30,,59187,28,4,,1,70,,59167,28,4,,1,30,,59188,28,4,,1,70,,59168,28,4,,1,30,,59189,28,4,,1,72,,59169,28,4,,1,28,,59190,28,4,,1,70,,59170,28,4,,1,30,,59191,28,4,,1
900,'20260829',957,,59227,28,4,,1,70,,59203,28,4,,1,30,,59228,28,4,,1,70,,59204,28,4,,1,30,,59229,28,4,,1,70,,59205,28,4,,1,30,,59230,28,4,,1,70,,59206,28,4,,1,30,,59231,28,4,,1,70,,59207,28,4,,1,30,,59232,28,4,,1,70,,59208,28,4,,1,30,,59233,28,4,,1,70,,59209,28,4,,1,15,,59219,28,4,,1,15,,59234,28,4,,1,55,,59195,28,4,,1,15,,59210,28,4,,1,15,,59220,28,4,,1,15,,59235,28,4,,1,55,,59196,28,4,,1,15,,59211,28,4,,1,15,,59221,28,4,,1,15,,59236,28,4,,1,55,,59197,28,4,,1,15,,59212,28,4,,1,15,,59222,28,4,,1,15,,59237,28,4,,1,55,,59198,28,4,,1,15,,59213,28,4,,1,15,,59223,28,4,,1,15,,59238,28,4,,1,55,,59199,28,4,,1,15,,59214,28,4,,1,15,,59224,28,4,,1,15,,59239,28,4,,1,55,,59200,28,4,,1,15,,59215,28,4,,1,15,,59225,28,4,,1,15,,59240,28,4,,1,55,,59201,28,4,,1,15,,59216,28,4,,1,15,,59226,28,4,,1,15,,59241,28,4,,1,55,,59202,28,4,,1,18,,59217,28,4,,1,70,,59242,28,4,,1,30,,59218,28,4,,1,70,,59243,28,4,,1
900,'20260830',957,,59276,28,4,,1,70,,59252,28,4,,1,30,,59277,28,4,,1,70,,59253,28,4,,1,30,,59278,28,4,,1,70,,59254,28,4,,1,30,,59279,28,4,,1,70,,59255,28,4,,1,30,,59280,28,4,,1,70,,59256,28,4,,1,30,,59281,28,4,,1,70,,59257,28,4,,1,30,,59282,28,4,,1,70,,59258,28,4,,1,15,,59268,28,4,,1,15,,59283,28,4,,1,55,,59244,28,4,,1,15,,59259,28,4,,1,15,,59269,28,4,,1,15,,59284,28,4,,1,55,,59245,28,4,,1,15,,59260,28,4,,1,15,,59270,28,4,,1,15,,59285,28,4,,1,55,,59246,28,4,,1,15,,59261,28,4,,1,15,,59271,28,4,,1,15,,59286,28,4,,1,55,,59247,28,4,,1,15,,59262,28,4,,1,15,,59272,28,4,,1,15,,59287,28,4,,1,55,,59248,28,4,,1,15,,59263,28,4,,1,15,,59273,28,4,,1,15,,59288,28,4,,1,55,,59249,28,4,,1,15,,59264,28,4,,1,15,,59274,28,4,,1,15,,59289,28,4,,1,55,,59250,28,4,,1,15,,59265,28,4,,1,15,,59275,28,4,,1,15,,59290,28,4,,1,55,,59251,28,4,,1,18,,59266,28,4,,1,70,,59291,28,4,,1,30,,59267,28,4,,1
900,'20260831',707,,65349,28,4,,1,30,,65353,28,4,,1,77,,65350,28,4,,1,27,,65354,28,4,,1,70,,65351,28,4,,1,30,,65355,28,4,,1,70,,65352,28,4,,1,46,,59319,28,4,,1,70,,59299,28,4,,1,30,,59320,28,4,,1,70,,59300,28,4,,1,30,,59321,28,4,,1,70,,59301,28,4,,1,30,,59322,28,4,,1,70,,59302,28,4,,1,30,,59323,28,4,,1,70,,59303,28,4,,1,30,,59324,28,4,,1,71,,59304,28,4,,1,30,,59325,28,4,,1,53,,59297,28,4,,1,20,,59305,28,4,,1,10,,59317,28,4,,1,60,,59326,28,4,,1,10,,59298,28,4,,1,20,,59306,28,4,,1,12,,59318,28,4,,1,15,,59327,28,4,,1,70,,59307,28,4,,1,30,,59328,28,4,,1,70,,59308,28,4,,1,29,,59329,28,4,,1,70,,59309,28,4,,1,30,,59330,28,4,,1,70,,59310,28,4,,1,30,,59331,28,4,,1,70,,59311,28,4,,1,30,,59332,28,4,,1,72,,59312,28,4,,1,28,,59333,28,4,,1,70,,59313,28,4,,1
900,'20260901',707,,59337,28,4,,1,30,,59358,28,4,,1,77,,59338,28,4,,1,27,,59359,28,4,,1,70,,59339,28,4,,1,30,,59360,28,4,,1,70,,59340,28,4,,1,46,,59363,28,4,,1,70,,59343,28,4,,1,30,,59364,28,4,,1,70,,59344,28,4,,1,30,,59365,28,4,,1,70,,59345,28,4,,1,30,,59366,28,4,,1,70,,59346,28,4,,1,30,,59367,28,4,,1,70,,59347,28,4,,1,30,,59368,28,4,,1,71,,59348,28,4,,1,30,,59369,28,4,,1,53,,59341,28,4,,1,20,,59349,28,4,,1,10,,59361,28,4,,1,60,,59370,28,4,,1,10,,59342,28,4,,1,20,,59350,28,4,,1,12,,59362,28,4,,1,15,,59371,28,4,,1,70,,59351,28,4,,1,30,,59372,28,4,,1,70,,59352,28,4,,1,29,,59373,28,4,,1,70,,59353,28,4,,1,30,,59374,28,4,,1,70,,59354,28,4,,1,30,,59375,28,4,,1,70,,59355,28,4,,1,30,,59376,28,4,,1,72,,59356,28,4,,1,28,,59377,28,4,,1,70,,59357,28,4,,1
900,'20260902',707,,59381,28,4,,1,30,,59402,28,4,,1,77,,59382,28,4,,1,27,,59403,28,4,,1,70,,59383,28,4,,1,30,,59404,28,4,,1,70,,59384,28,4,,1,46,,59407,28,4,,1,70,,59387,28,4,,1,30,,59408,28,4,,1,70,,59388,28,4,,1,30,,59409,28,4,,1,70,,59389,28,4,,1,30,,59410,28,4,,1,70,,59390,28,4,,1,30,,59411,28,4,,1,70,,59391,28,4,,1,30,,59412,28,4,,1,71,,59392,28,4,,1,30,,59413,28,4,,1,53,,59385,28,4,,1,20,,59393,28,4,,1,10,,59405,28,4,,1,60,,59414,28,4,,1,10,,59386,28,4,,1,20,,59394,28,4,,1,12,,59406,28,4,,1,15,,59415,28,4,,1,70,,59395,28,4,,1,30,,59416,28,4,,1,70,,59396,28,4,,1,29,,59417,28,4,,1,70,,59397,28,4,,1,30,,59418,28,4,,1,70,,59398,28,4,,1,30,,59419,28,4,,1,70,,59399,28,4,,1,30,,59420,28,4,,1,72,,59400,28,4,,1,28,,59421,28,4,,1,70,,59401,28,4,,1
900,'20260903',707,,59425,28,4,,1,30,,59446,28,4,,1,77,,59426,28,4,,1,27,,59447,28,4,,1,70,,59427,28,4,,1,30,,59448,28,4,,1,70,,59428,28,4,,1,46,,59451,28,4,,1,70,,59431,28,4,,1,30,,59452,28,4,,1,70,,59432,28,4,,1,30,,59453,28,4,,1,70,,59433,28,4,,1,30,,59454,28,4,,1,70,,59434,28,4,,1,30,,59455,28,4,,1,70,,59435,28,4,,1,30,,59456,28,4,,1,71,,59436,28,4,,1,30,,59457,28,4,,1,53,,59429,28,4,,1,20,,59437,28,4,,1,10,,59449,28,4,,1,60,,59458,28,4,,1,10,,59430,28,4,,1,20,,59438,28,4,,1,12,,59450,28,4,,1,15,,59459,28,4,,1,70,,59439,28,4,,1,30,,59460,28,4,,1,70,,59440,28,4,,1,29,,59461,28,4,,1,70,,59441,28,4,,1,30,,59462,28,4,,1,70,,59442,28,4,,1,30,,59463,28,4,,1,70,,59443,28,4,,1,30,,59464,28,4,,1,72,,59444,28,4,,1,28,,59465,28,4,,1,70,,59445,28,4,,1
900,'20260904',707,,59469,28,4,,1,30,,59490,28,4,,1,77,,59470,28,4,,1,27,,59491,28,4,,1,70,,59471,28,4,,1,30,,59492,28,4,,1,70,,59472,28,4,,1,46,,59495,28,4,,1,70,,59475,28,4,,1,30,,59496,28,4,,1,70,,59476,28,4,,1,30,,59497,28,4,,1,70,,59477,28,4,,1,30,,59498,28,4,,1,70,,59478,28,4,,1,30,,59499,28,4,,1,70,,59479,28,4,,1,30,,59500,28,4,,1,71,,59480,28,4,,1,30,,59501,28,4,,1,53,,59473,28,4,,1,20,,59481,28,4,,1,10,,59493,28,4,,1,60,,59502,28,4,,1,10,,59474,28,4,,1,20,,59482,28,4,,1,12,,59494,28,4,,1,15,,59503,28,4,,1,70,,59483,28,4,,1,30,,59504,28,4,,1,70,,59484,28,4,,1,29,,59505,28,4,,1,70,,59485,28,4,,1,30,,59506,28,4,,1,70,,59486,28,4,,1,30,,59507,28,4,,1,70,,59487,28,4,,1,30,,59508,28,4,,1,72,,59488,28,4,,1,28,,59509,28,4,,1,70,,59489,28,4,,1,30,,59510,28,4,,1
901,'20260819',502,,62950,1,,,1,30,,62971,1,,,1,76,,62951,1,,,1,15,,62969,1,,,1,10,,62972,1,,,1,20,,62989,1,,,1,50,,62952,1,,,1,20,,62970,1,,,1,10,,62973,1,,,1,20,,62990,1,,,1,56,,62953,1,,,1,30,,62974,1,,,1,70,,62954,1,,,1,30,,62975,1,,,1,70,,62955,1,,,1,30,,62976,1,,,1,70,,62956,1,,,1,30,,62977,1,,,1,70,,62957,1,,,1,30,,62978,1,,,1,70,,62958,1,,,1,30,,62979,1,,,1,70,,62959,1,,,1,30,,62980,1,,,1,70,,62960,1,,,1,30,,62981,1,,,1,70,,62961,1,,,1,30,,62982,1,,,1,70,,62962,1,,,1,30,,62983,1,,,1,70,,62963,1,,,1,30,,62984,1,,,1,70,,62964,1,,,1,30,,62985,1,,,1,70,,62965,1,,,1,30,,62986,1,,,1,70,,62966,1,,,1,30,,62987,1,,,1,70,,62967,1,,,1,30,,62988,1,,,1,70,,62968,1,,,1
901,'20260820',502,,62994,1,,,1,30,,63015,1,,,1,76,,62995,1,,,1,15,,63013,1,,,1,10,,63016,1,,,1,20,,63033,1,,,1,50,,62996,1,,,1,20,,63014,1,,,1,10,,63017,1,,,1,20,,63034,1,,,1,56,,62997,1,,,1,30,,63018,1,,,1,70,,62998,1,,,1,30,,63019,1,,,1,70,,62999,1,,,1,30,,63020,1,,,1,70,,63000,1,,,1,30,,63021,1,,,1,70,,63001,1,,,1,30,,63022,1,,,1,70,,63002,1,,,1,30,,63023,1,,,1,70,,63003,1,,,1,30,,63024,1,,,1,70,,63004,1,,,1,30,,63025,1,,,1,70,,63005,1,,,1,30,,63026,1,,,1,70,,63006,1,,,1,30,,63027,1,,,1,70,,63007,1,,,1,30,,63028,1,,,1,70,,63008,1,,,1,30,,63029,1,,,1,70,,63009,1,,,1,30,,63030,1,,,1,70,,63010,1,,,1,30,,63031,1,,,1,70,,63011,1,,,1,30,,63032,1,,,1,70,,63012,1,,,1
901,'20260821',502,,63038,1,,,1,30,,63059,1,,,1,76,,63039,1,,,1,15,,63057,1,,,1,10,,63060,1,,,1,20,,63078,1,,,1,50,,63040,1,,,1,20,,63058,1,,,1,10,,63061,1,,,1,20,,63079,1,,,1,56,,63041,1,,,1,30,,63062,1,,,1,70,,63042,1,,,1,30,,63063,1,,,1,70,,63043,1,,,1,30,,63064,1,,,1,70,,63044,1,,,1,30,,63065,1,,,1,70,,63045,1,,,1,30,,63066,1,,,1,70,,63046,1,,,1,30,,63067,1,,,1,70,,63047,1,,,1,30,,63068,1,,,1,70,,63048,1,,,1,30,,63069,1,,,1,70,,63049,1,,,1,30,,63070,1,,,1,70,,63050,1,,,1,30,,63071,1,,,1,70,,63051,1,,,1,30,,63072,1,,,1,70,,63052,1,,,1,30,,63073,1,,,1,70,,63053,1,,,1,30,,63074,1,,,1,70,,63054,1,,,1,30,,63075,1,,,1,70,,63055,1,,,1,30,,63076,1,,,1,70,,63056,1,,,1,30,,63077,1,,,1
901,'20260822',736,,63108,1,,,1,70,,63083,1,,,1,30,,63109,1,,,1,70,,63084,1,,,1,30,,63110,1,,,1,70,,63085,1,,,1,30,,63111,1,,,1,70,,63086,1,,,1,30,,63112,1,,,1,70,,63087,1,,,1,30,,63113,1,,,1,70,,63088,1,,,1,30,,63114,1,,,1,70,,63089,1,,,1,15,,63099,1,,,1,18,,63115,1,,,1,15,,63125,1,,,1,55,,63090,1,,,1,15,,63100,1,,,1,15,,63116,1,,,1,15,,63126,1,,,1,55,,63091,1,,,1,15,,63101,1,,,1,15,,63117,1,,,1,15,,63127,1,,,1,55,,63092,1,,,1,15,,63102,1,,,1,15,,63118,1,,,1,15,,63128,1,,,1,55,,63093,1,,,1,15,,63103,1,,,1,15,,63119,1,,,1,15,,63129,1,,,1,55,,63094,1,,,1,15,,63104,1,,,1,15,,63120,1,,,1,15,,63130,1,,,1,55,,63095,1,,,1,15,,63105,1,,,1,15,,63121,1,,,1,15,,63131,1,,,1,55,,63096,1,,,1,15,,63106,1,,,1,15,,63122,1,,,1,15,,63132,1,,,1,55,,63097,1,,,1,15,,63107,1,,,1,15,,63123,1,,,1,70,,63098,1,,,1,30,,63124,1,,,1
901,'20260823',736,,63158,1,,,1,70,,63133,1,,,1,30,,63159,1,,,1,70,,63134,1,,,1,30,,63160,1,,,1,70,,63135,1,,,1,30,,63161,1,,,1,70,,63136,1,,,1,30,,63162,1,,,1,70,,63137,1,,,1,30,,63163,1,,,1,70,,63138,1,,,1,30,,63164,1,,,1,70,,63139,1,,,1,15,,63149,1,,,1,18,,63165,1,,,1,15,,63175,1,,,1,55,,63140,1,,,1,15,,63150,1,,,1,15,,63166,1,,,1,15,,63176,1,,,1,55,,63141,1,,,1,15,,63151,1,,,1,15,,63167,1,,,1,15,,63177,1,,,1,55,,63142,1,,,1,15,,63152,1,,,1,15,,63168,1,,,1,15,,63178,1,,,1,55,,63143,1,,,1,15,,63153,1,,,1,15,,63169,1,,,1,15,,63179,1,,,1,55,,63144,1,,,1,15,,63154,1,,,1,15,,63170,1,,,1,15,,63180,1,,,1,55,,63145,1,,,1,15,,63155,1,,,1,15,,63171,1,,,1,15,,63181,1,,,1,55,,63146,1,,,1,15,,63156,1,,,1,15,,63172,1,,,1,15,,63182,1,,,1,55,,63147,1,,,1,15,,63157,1,,,1,15,,63173,1,,,1,70,,63148,1,,,1
901,'20260824',502,,65383,1,,,1,30,,65388,1,,,1,76,,65384,1,,,1,15,,65386,1,,,1,10,,65389,1,,,1,20,,65390,1,,,1,50,,65385,1,,,1,20,,65387,1,,,1,10,,63206,1,,,1,20,,65391,1,,,1,56,,63186,1,,,1,30,,63207,1,,,1,70,,63187,1,,,1,30,,63208,1,,,1,70,,63188,1,,,1,30,,63209,1,,,1,70,,63189,1,,,1,30,,63210,1,,,1,70,,63190,1,,,1,30,,63211,1,,,1,70,,63191,1,,,1,30,,63212,1,,,1,70,,63192,1,,,1,30,,63213,1,,,1,70,,63193,1,,,1,30,,63214,1,,,1,70,,63194,1,,,1,30,,63215,1,,,1,70,,63195,1,,,1,30,,63216,1,,,1,70,,63196,1,,,1,30,,63217,1,,,1,70,,63197,1,,,1,30,,63218,1,,,1,70,,63198,1,,,1,30,,63219,1,,,1,70,,63199,1,,,1,30,,63220,1,,,1,70,,63200,1,,,1,30,,63221,1,,,1,70,,63201,1,,,1
901,'20260825',502,,63227,1,,,1,30,,63248,1,,,1,76,,63228,1,,,1,15,,63246,1,,,1,10,,63249,1,,,1,20,,63266,1,,,1,50,,63229,1,,,1,20,,63247,1,,,1,10,,63250,1,,,1,20,,63267,1,,,1,56,,63230,1,,,1,30,,63251,1,,,1,70,,63231,1,,,1,30,,63252,1,,,1,70,,63232,1,,,1,30,,63253,1,,,1,70,,63233,1,,,1,30,,63254,1,,,1,70,,63234,1,,,1,30,,63255,1,,,1,70,,63235,1,,,1,30,,63256,1,,,1,70,,63236,1,,,1,30,,63257,1,,,1,70,,63237,1,,,1,30,,63258,1,,,1,70,,63238,1,,,1,30,,63259,1,,,1,70,,63239,1,,,1,30,,63260,1,,,1,70,,63240,1,,,1,30,,63261,1,,,1,70,,63241,1,,,1,30,,63262,1,,,1,70,,63242,1,,,1,30,,63263,1,,,1,70,,63243,1,,,1,30,,63264,1,,,1,70,,63244,1,,,1,30,,63265,1,,,1,70,,63245,1,,,1
901,'20260826',502,,63271,1,,,1,30,,63292,1,,,1,76,,63272,1,,,1,15,,63290,1,,,1,10,,63293,1,,,1,20,,63310,1,,,1,50,,63273,1,,,1,20,,63291,1,,,1,10,,63294,1,,,1,20,,63311,1,,,1,56,,63274,1,,,1,30,,63295,1,,,1,70,,63275,1,,,1,30,,63296,1,,,1,70,,63276,1,,,1,30,,63297,1,,,1,70,,63277,1,,,1,30,,63298,1,,,1,70,,63278,1,,,1,30,,63299,1,,,1,70,,63279,1,,,1,30,,63300,1,,,1,70,,63280,1,,,1,30,,63301,1,,,1,70,,63281,1,,,1,30,,63302,1,,,1,70,,63282,1,,,1,30,,63303,1,,,1,70,,63283,1,,,1,30,,63304,1,,,1,70,,63284,1,,,1,30,,63305,1,,,1,70,,63285,1,,,1,30,,63306,1,,,1,70,,63286,1,,,1,30,,63307,1,,,1,70,,63287,1,,,1,30,,63308,1,,,1,70,,63288,1,,,1,30,,63309,1,,,1,70,,63289,1,,,1
901,'20260827',502,,63315,1,,,1,30,,63336,1,,,1,76,,63316,1,,,1,15,,63334,1,,,1,10,,63337,1,,,1,20,,63354,1,,,1,50,,63317,1,,,1,20,,63335,1,,,1,10,,63338,1,,,1,20,,63355,1,,,1,56,,63318,1,,,1,30,,63339,1,,,1,70,,63319,1,,,1,30,,63340,1,,,1,70,,63320,1,,,1,30,,63341,1,,,1,70,,63321,1,,,1,30,,63342,1,,,1,70,,63322,1,,,1,30,,63343,1,,,1,70,,63323,1,,,1,30,,63344,1,,,1,70,,63324,1,,,1,30,,63345,1,,,1,70,,63325,1,,,1,30,,63346,1,,,1,70,,63326,1,,,1,30,,63347,1,,,1,70,,63327,1,,,1,30,,63348,1,,,1,70,,63328,1,,,1,30,,63349,1,,,1,70,,63329,1,,,1,30,,63350,1,,,1,70,,63330,1,,,1,30,,63351,1,,,1,70,,63331,1,,,1,30,,63352,1,,,1,70,,63332,1,,,1,30,,63353,1,,,1,70,,63333,1,,,1
901,'20260828',502,,63359,1,,,1,30,,63380,1,,,1,76,,63360,1,,,1,15,,63378,1,,,1,10,,63381,1,,,1,20,,63399,1,,,1,50,,63361,1,,,1,20,,63379,1,,,1,10,,63382,1,,,1,20,,63400,1,,,1,56,,63362,1,,,1,30,,63383,1,,,1,70,,63363,1,,,1,30,,63384,1,,,1,70,,63364,1,,,1,30,,63385,1,,,1,70,,63365,1,,,1,30,,63386,1,,,1,70,,63366,1,,,1,30,,63387,1,,,1,70,,63367,1,,,1,30,,63388,1,,,1,70,,63368,1,,,1,30,,63389,1,,,1,70,,63369,1,,,1,30,,63390,1,,,1,70,,63370,1,,,1,30,,63391,1,,,1,70,,63371,1,,,1,30,,63392,1,,,1,70,,63372,1,,,1,30,,63393,1,,,1,70,,63373,1,,,1,30,,63394,1,,,1,70,,63374,1,,,1,30,,63395,1,,,1,70,,63375,1,,,1,30,,63396,1,,,1,70,,63376,1,,,1,30,,63397,1,,,1,70,,63377,1,,,1,30,,63398,1,,,1
901,'20260829',736,,63429,1,,,1,70,,63404,1,,,1,30,,63430,1,,,1,70,,63405,1,,,1,30,,63431,1,,,1,70,,63406,1,,,1,30,,63432,1,,,1,70,,63407,1,,,1,30,,63433,1,,,1,70,,63408,1,,,1,30,,63434,1,,,1,70,,63409,1,,,1,30,,63435,1,,,1,70,,63410,1,,,1,15,,63420,1,,,1,18,,63436,1,,,1,15,,63446,1,,,1,55,,63411,1,,,1,15,,63421,1,,,1,15,,63437,1,,,1,15,,63447,1,,,1,55,,63412,1,,,1,15,,63422,1,,,1,15,,63438,1,,,1,15,,63448,1,,,1,55,,63413,1,,,1,15,,63423,1,,,1,15,,63439,1,,,1,15,,63449,1,,,1,55,,63414,1,,,1,15,,63424,1,,,1,15,,63440,1,,,1,15,,63450,1,,,1,55,,63415,1,,,1,15,,63425,1,,,1,15,,63441,1,,,1,15,,63451,1,,,1,55,,63416,1,,,1,15,,63426,1,,,1,15,,63442,1,,,1,15,,63452,1,,,1,55,,63417,1,,,1,15,,63427,1,,,1,15,,63443,1,,,1,15,,63453,1,,,1,55,,63418,1,,,1,15,,63428,1,,,1,15,,63444,1,,,1,70,,63419,1,,,1,30,,63445,1,,,1
901,'20260830',736,,63479,1,,,1,70,,63454,1,,,1,30,,63480,1,,,1,70,,63455,1,,,1,30,,63481,1,,,1,70,,63456,1,,,1,30,,63482,1,,,1,70,,63457,1,,,1,30,,63483,1,,,1,70,,63458,1,,,1,30,,63484,1,,,1,70,,63459,1,,,1,30,,63485,1,,,1,70,,63460,1,,,1,15,,63470,1,,,1,18,,63486,1,,,1,15,,63496,1,,,1,55,,63461,1,,,1,15,,63471,1,,,1,15,,63487,1,,,1,15,,63497,1,,,1,55,,63462,1,,,1,15,,63472,1,,,1,15,,63488,1,,,1,15,,63498,1,,,1,55,,63463,1,,,1,15,,63473,1,,,1,15,,63489,1,,,1,15,,63499,1,,,1,55,,63464,1,,,1,15,,63474,1,,,1,15,,63490,1,,,1,15,,63500,1,,,1,55,,63465,1,,,1,15,,63475,1,,,1,15,,63491,1,,,1,15,,63501,1,,,1,55,,63466,1,,,1,15,,63476,1,,,1,15,,63492,1,,,1,15,,63502,1,,,1,55,,63467,1,,,1,15,,63477,1,,,1,15,,63493,1,,,1,15,,63503,1,,,1,55,,63468,1,,,1,15,,63478,1,,,1,15,,63494,1,,,1,70,,63469,1,,,1
901,'20260831',502,,65395,1,,,1,30,,65400,1,,,1,76,,65396,1,,,1,15,,65398,1,,,1,10,,65401,1,,,1,20,,65402,1,,,1,50,,65397,1,,,1,20,,65399,1,,,1,10,,63527,1,,,1,20,,65403,1,,,1,56,,63507,1,,,1,30,,63528,1,,,1,70,,63508,1,,,1,30,,63529,1,,,1,70,,63509,1,,,1,30,,63530,1,,,1,70,,63510,1,,,1,30,,63531,1,,,1,70,,63511,1,,,1,30,,63532,1,,,1,70,,63512,1,,,1,30,,63533,1,,,1,70,,63513,1,,,1,30,,63534,1,,,1,70,,63514,1,,,1,30,,63535,1,,,1,70,,63515,1,,,1,30,,63536,1,,,1,70,,63516,1,,,1,30,,63537,1,,,1,70,,63517,1,,,1,30,,63538,1,,,1,70,,63518,1,,,1,30,,63539,1,,,1,70,,63519,1,,,1,30,,63540,1,,,1,70,,63520,1,,,1,30,,63541,1,,,1,70,,63521,1,,,1,30,,63542,1,,,1,70,,63522,1,,,1
901,'20260901',502,,63548,1,,,1,30,,63569,1,,,1,76,,63549,1,,,1,15,,63567,1,,,1,10,,63570,1,,,1,20,,63587,1,,,1,50,,63550,1,,,1,20,,63568,1,,,1,10,,63571,1,,,1,20,,63588,1,,,1,56,,63551,1,,,1,30,,63572,1,,,1,70,,63552,1,,,1,30,,63573,1,,,1,70,,63553,1,,,1,30,,63574,1,,,1,70,,63554,1,,,1,30,,63575,1,,,1,70,,63555,1,,,1,30,,63576,1,,,1,70,,63556,1,,,1,30,,63577,1,,,1,70,,63557,1,,,1,30,,63578,1,,,1,70,,63558,1,,,1,30,,63579,1,,,1,70,,63559,1,,,1,30,,63580,1,,,1,70,,63560,1,,,1,30,,63581,1,,,1,70,,63561,1,,,1,30,,63582,1,,,1,70,,63562,1,,,1,30,,63583,1,,,1,70,,63563,1,,,1,30,,63584,1,,,1,70,,63564,1,,,1,30,,63585,1,,,1,70,,63565,1,,,1,30,,63586,1,,,1,70,,63566,1,,,1
901,'20260902',502,,63592,1,,,1,30,,63613,1,,,1,76,,63593,1,,,1,15,,63611,1,,,1,10,,63614,1,,,1,20,,63631,1,,,1,50,,63594,1,,,1,20,,63612,1,,,1,10,,63615,1,,,1,20,,63632,1,,,1,56,,63595,1,,,1,30,,63616,1,,,1,70,,63596,1,,,1,30,,63617,1,,,1,70,,63597,1,,,1,30,,63618,1,,,1,70,,63598,1,,,1,30,,63619,1,,,1,70,,63599,1,,,1,30,,63620,1,,,1,70,,63600,1,,,1,30,,63621,1,,,1,70,,63601,1,,,1,30,,63622,1,,,1,70,,63602,1,,,1,30,,63623,1,,,1,70,,63603,1,,,1,30,,63624,1,,,1,70,,63604,1,,,1,30,,63625,1,,,1,70,,63605,1,,,1,30,,63626,1,,,1,70,,63606,1,,,1,30,,63627,1,,,1,70,,63607,1,,,1,30,,63628,1,,,1,70,,63608,1,,,1,30,,63629,1,,,1,70,,63609,1,,,1,30,,63630,1,,,1,70,,63610,1,,,1
901,'20260903',502,,63636,1,,,1,30,,63657,1,,,1,76,,63637,1,,,1,15,,63655,1,,,1,10,,63658,1,,,1,20,,63675,1,,,1,50,,63638,1,,,1,20,,63656,1,,,1,10,,63659,1,,,1,20,,63676,1,,,1,56,,63639,1,,,1,30,,63660,1,,,1,70,,63640,1,,,1,30,,63661,1,,,1,70,,63641,1,,,1,30,,63662,1,,,1,70,,63642,1,,,1,30,,63663,1,,,1,70,,63643,1,,,1,30,,63664,1,,,1,70,,63644,1,,,1,30,,63665,1,,,1,70,,63645,1,,,1,30,,63666,1,,,1,70,,63646,1,,,1,30,,63667,1,,,1,70,,63647,1,,,1,30,,63668,1,,,1,70,,63648,1,,,1,30,,63669,1,,,1,70,,63649,1,,,1,30,,63670,1,,,1,70,,63650,1,,,1,30,,63671,1,,,1,70,,63651,1,,,1,30,,63672,1,,,1,70,,63652,1,,,1,30,,63673,1,,,1,70,,63653,1,,,1,30,,63674,1,,,1,70,,63654,1,,,1
901,'20260904',502,,63680,1,,,1,30,,63701,1,,,1,76,,63681,1,,,1,15,,63699,1,,,1,10,,63702,1,,,1,20,,63720,1,,,1,50,,63682,1,,,1,20,,63700,1,,,1,10,,63703,1,,,1,20,,63721,1,,,1,56,,63683,1,,,1,30,,63704,1,,,1,70,,63684,1,,,1,30,,63705,1,,,1,70,,63685,1,,,1,30,,63706,1,,,1,70,,63686,1,,,1,30,,63707,1,,,1,70,,63687,1,,,1,30,,63708,1,,,1,70,,63688,1,,,1,30,,63709,1,,,1,70,,63689,1,,,1,30,,63710,1,,,1,70,,63690,1,,,1,30,,63711,1,,,1,70,,63691,1,,,1,30,,63712,1,,,1,70,,63692,1,,,1,30,,63713,1,,,1,70,,63693,1,,,1,30,,63714,1,,,1,70,,63694,1,,,1,30,,63715,1,,,1,70,,63695,1,,,1,30,,63716,1,,,1,70,,63696,1,,,1,30,,63717,1,,,1,70,,63697,1,,,1,30,,63718,1,,,1,70,,63698,1,,,1,30,,63719,1,,,1
