200,'20260910',1615,,73097,23,,,1,30,,73098,23,,,1,55,,73099,23,,,1,15,,73100,23,,,1,15,,73101,23,,,1,15,,73102,23,,,1,55,,73103,23,,,1,30,,73104,23,,,1,70,,73105,23,,,1,45,,73106,23,,,1
200,'20260911',1615,,73107,23,,,1,30,,73108,23,,,1,55,,73109,23,,,1,15,,73110,23,,,1,15,,73111,23,,,1,15,,73112,23,,,1,55,,73113,23,,,1,30,,73114,23,,,1,70,,73115,23,,,1,45,,73116,23,,,1
200,'20260914',1615,,73117,23,,,1,30,,73118,23,,,1,55,,73119,23,,,1,15,,73120,23,,,1,15,,73121,23,,,1,15,,73122,23,,,1,55,,73123,23,,,1,30,,73124,23,,,1,70,,73125,23,,,1,45,,73126,23,,,1
200,'20260915',1615,,73127,23,,,1,30,,73128,23,,,1,55,,73129,23,,,1,15,,73130,23,,,1,15,,73131,23,,,1,15,,73132,23,,,1,55,,73133,23,,,1,30,,73134,23,,,1,70,,73135,23,,,1,45,,73136,23,,,1
200,'20260916',1615,,73137,23,,,1,30,,73138,23,,,1,55,,73139,23,,,1,15,,73140,23,,,1,15,,73141,23,,,1,15,,73142,23,,,1,55,,73143,23,,,1,30,,73144,23,,,1,70,,73145,23,,,1,45,,73146,23,,,1
200,'20260917',1615,,73147,23,,,1,30,,73148,23,,,1,55,,73149,23,,,1,15,,73150,23,,,1,15,,73151,23,,,1,15,,73152,23,,,1,55,,73153,23,,,1,30,,73154,23,,,1,70,,73155,23,,,1,45,,73156,23,,,1
200,'20260918',1615,,73157,23,,,1,30,,73158,23,,,1,55,,73159,23,,,1,15,,73160,23,,,1,15,,73161,23,,,1,15,,73162,23,,,1,55,,73163,23,,,1,30,,73164,23,,,1,70,,73165,23,,,1,45,,73166,23,,,1
200,'20260921',1615,,73167,23,,,1,30,,73168,23,,,1,55,,73169,23,,,1,15,,73170,23,,,1,15,,73171,23,,,1,15,,73172,23,,,1,55,,73173,23,,,1,30,,73174,23,,,1,70,,73175,23,,,1,45,,73176,23,,,1
200,'20260922',1615,,73177,23,,,1,30,,73178,23,,,1,55,,73179,23,,,1,15,,73180,23,,,1,15,,73181,23,,,1,15,,73182,23,,,1,55,,73183,23,,,1,30,,73184,23,,,1,70,,73185,23,,,1,45,,73186,23,,,1
200,'20260923',1615,,73187,23,,,1,30,,73188,23,,,1,55,,73189,23,,,1,15,,73190,23,,,1,15,,73191,23,,,1,15,,73192,23,,,1,55,,73193,23,,,1,30,,73194,23,,,1,70,,73195,23,,,1,45,,73196,23,,,1
200,'20260924',1615,,73197,23,,,1,30,,73198,23,,,1,55,,73199,23,,,1,15,,73200,23,,,1,15,,73201,23,,,1,15,,73202,23,,,1,55,,73203,23,,,1,30,,73204,23,,,1,70,,73205,23,,,1,45,,73206,23,,,1
200,'20260925',1615,,73207,23,,,1,30,,73208,23,,,1,55,,73209,23,,,1,15,,73210,23,,,1,15,,73211,23,,,1,15,,73212,23,,,1,55,,73213,23,,,1,30,,73214,23,,,1,70,,73215,23,,,1,45,,73216,23,,,1
200,'20260928',1615,,73217,23,,,1,30,,73218,23,,,1,55,,73219,23,,,1,15,,73220,23,,,1,15,,73221,23,,,1,15,,73222,23,,,1,55,,73223,23,,,1,30,,73224,23,,,1,70,,73225,23,,,1,45,,73226,23,,,1
200,'20260929',1615,,73227,23,,,1,30,,73228,23,,,1,55,,73229,23,,,1,15,,73230,23,,,1,15,,73231,23,,,1,15,,73232,23,,,1,55,,73233,23,,,1,30,,73234,23,,,1,70,,73235,23,,,1,45,,73236,23,,,1
200,'20260930',1615,,73237,23,,,1,30,,73238,23,,,1,55,,73239,23,,,1,15,,73240,23,,,1,15,,73241,23,,,1,15,,73242,23,,,1,55,,73243,23,,,1,30,,73244,23,,,1,70,,73245,23,,,1,45,,73246,23,,,1
200,'20261001',1615,,73247,23,,,1,30,,73248,23,,,1,55,,73249,23,,,1,15,,73250,23,,,1,15,,73251,23,,,1,15,,73252,23,,,1,55,,73253,23,,,1,30,,73254,23,,,1,70,,73255,23,,,1,45,,73256,23,,,1
200,'20261002',1615,,73257,23,,,1,30,,73258,23,,,1,55,,73259,23,,,1,15,,73260,23,,,1,15,,73261,23,,,1,15,,73262,23,,,1,55,,73263,23,,,1,30,,73264,23,,,1,70,,73265,23,,,1,45,,73266,23,,,1
200,'20261005',1615,,73267,23,,,1,30,,73268,23,,,1,55,,73269,23,,,1,15,,73270,23,,,1,15,,73271,23,,,1,15,,73272,23,,,1,55,,73273,23,,,1,30,,73274,23,,,1,70,,73275,23,,,1,45,,73276,23,,,1
200,'20261006',1615,,73277,23,,,1,30,,73278,23,,,1,55,,73279,23,,,1,15,,73280,23,,,1,15,,73281,23,,,1,15,,73282,23,,,1,55,,73283,23,,,1,30,,73284,23,,,1,70,,73285,23,,,1,45,,73286,23,,,1
200,'20261007',1615,,73287,23,,,1,30,,73288,23,,,1,55,,73289,23,,,1,15,,73290,23,,,1,15,,73291,23,,,1,15,,73292,23,,,1,55,,73293,23,,,1,30,,73294,23,,,1,70,,73295,23,,,1,45,,73296,23,,,1
200,'20261008',1615,,73297,23,,,1,30,,73298,23,,,1,55,,73299,23,,,1,15,,73300,23,,,1,15,,73301,23,,,1,15,,73302,23,,,1,55,,73303,23,,,1,30,,73304,23,,,1,70,,73305,23,,,1,45,,73306,23,,,1
200,'20261009',1615,,73307,23,,,1,30,,73308,23,,,1,55,,73309,23,,,1,15,,73310,23,,,1,15,,73311,23,,,1,15,,73312,23,,,1,55,,73313,23,,,1,30,,73314,23,,,1,70,,73315,23,,,1,45,,73316,23,,,1
200,'20261012',1615,,73317,23,,,1,30,,73318,23,,,1,55,,73319,23,,,1,15,,73320,23,,,1,15,,73321,23,,,1,15,,73322,23,,,1,55,,73323,23,,,1,30,,73324,23,,,1,70,,73325,23,,,1,45,,73326,23,,,1
200,'20261013',1615,,73327,23,,,1,30,,73328,23,,,1,55,,73329,23,,,1,15,,73330,23,,,1,15,,73331,23,,,1,15,,73332,23,,,1,55,,73333,23,,,1,30,,73334,23,,,1,70,,73335,23,,,1,45,,73336,23,,,1
200,'20261014',1615,,73337,23,,,1,30,,73338,23,,,1,55,,73339,23,,,1,15,,73340,23,,,1,15,,73341,23,,,1,15,,73342,23,,,1,55,,73343,23,,,1,30,,73344,23,,,1,70,,73345,23,,,1,45,,73346,23,,,1
200,'20261015',1615,,73347,23,,,1,30,,73348,23,,,1,55,,73349,23,,,1,15,,73350,23,,,1,15,,73351,23,,,1,15,,73352,23,,,1,55,,73353,23,,,1,30,,73354,23,,,1,70,,73355,23,,,1,45,,73356,23,,,1
200,'20261016',1615,,73357,23,,,1,30,,73358,23,,,1,55,,73359,23,,,1,15,,73360,23,,,1,15,,73361,23,,,1,15,,73362,23,,,1,55,,73363,23,,,1,30,,73364,23,,,1,70,,73365,23,,,1,45,,73366,23,,,1
200,'20261019',1615,,73367,23,,,1,30,,73368,23,,,1,55,,73369,23,,,1,15,,73370,23,,,1,15,,73371,23,,,1,15,,73372,23,,,1,55,,73373,23,,,1,30,,73374,23,,,1,70,,73375,23,,,1,45,,73376,23,,,1
200,'20261020',1615,,73377,23,,,1,30,,73378,23,,,1,55,,73379,23,,,1,15,,73380,23,,,1,15,,73381,23,,,1,15,,73382,23,,,1,55,,73383,23,,,1,30,,73384,23,,,1,70,,73385,23,,,1,45,,73386,23,,,1
200,'20261021',1615,,73387,23,,,1,30,,73388,23,,,1,55,,73389,23,,,1,15,,73390,23,,,1,15,,73391,23,,,1,15,,73392,23,,,1,55,,73393,23,,,1,30,,73394,23,,,1,70,,73395,23,,,1,45,,73396,23,,,1
200,'20261022',1615,,73397,23,,,1,30,,73398,23,,,1,55,,73399,23,,,1,15,,73400,23,,,1,15,,73401,23,,,1,15,,73402,23,,,1,55,,73403,23,,,1,30,,73404,23,,,1,70,,73405,23,,,1,45,,73406,23,,,1
200,'20261023',1615,,73407,23,,,1,30,,73408,23,,,1,55,,73409,23,,,1,15,,73410,23,,,1,15,,73411,23,,,1,15,,73412,23,,,1,55,,73413,23,,,1,30,,73414,23,,,1,70,,73415,23,,,1,45,,73416,23,,,1
200,'20261026',1615,,73417,23,,,1,30,,73418,23,,,1,55,,73419,23,,,1,15,,73420,23,,,1,15,,73421,23,,,1,15,,73422,23,,,1,55,,73423,23,,,1,30,,73424,23,,,1,70,,73425,23,,,1,45,,73426,23,,,1
200,'20261027',1615,,73427,23,,,1,30,,73428,23,,,1,55,,73429,23,,,1,15,,73430,23,,,1,15,,73431,23,,,1,15,,73432,23,,,1,55,,73433,23,,,1,30,,73434,23,,,1,70,,73435,23,,,1,45,,73436,23,,,1
200,'20261028',1615,,73437,23,,,1,30,,73438,23,,,1,55,,73439,23,,,1,15,,73440,23,,,1,15,,73441,23,,,1,15,,73442,23,,,1,55,,73443,23,,,1,30,,73444,23,,,1,70,,73445,23,,,1,45,,73446,23,,,1
200,'20261029',1615,,73447,23,,,1,30,,73448,23,,,1,55,,73449,23,,,1,15,,73450,23,,,1,15,,73451,23,,,1,15,,73452,23,,,1,55,,73453,23,,,1,30,,73454,23,,,1,70,,73455,23,,,1,45,,73456,23,,,1
200,'20261030',1615,,73457,23,,,1,30,,73458,23,,,1,55,,73459,23,,,1,15,,73460,23,,,1,15,,73461,23,,,1,15,,73462,23,,,1,55,,73463,23,,,1,30,,73464,23,,,1,70,,73465,23,,,1,45,,73466,23,,,1
200,'20261102',1615,,73467,23,,,1,30,,73468,23,,,1,55,,73469,23,,,1,15,,73470,23,,,1,15,,73471,23,,,1,15,,73472,23,,,1,55,,73473,23,,,1,30,,73474,23,,,1,70,,73475,23,,,1,45,,73476,23,,,1
200,'20261103',1615,,73477,23,,,1,30,,73478,23,,,1,55,,73479,23,,,1,15,,73480,23,,,1,15,,73481,23,,,1,15,,73482,23,,,1,55,,73483,23,,,1,30,,73484,23,,,1,70,,73485,23,,,1,45,,73486,23,,,1
200,'20261104',1615,,73487,23,,,1,30,,73488,23,,,1,55,,73489,23,,,1,15,,73490,23,,,1,15,,73491,23,,,1,15,,73492,23,,,1,55,,73493,23,,,1,30,,73494,23,,,1,70,,73495,23,,,1,45,,73496,23,,,1
200,'20261105',1615,,73497,23,,,1,30,,73498,23,,,1,55,,73499,23,,,1,15,,73500,23,,,1,15,,73501,23,,,1,15,,73502,23,,,1,55,,73503,23,,,1,30,,73504,23,,,1,70,,73505,23,,,1,45,,73506,23,,,1
200,'20261106',1615,,73507,23,,,1,30,,73508,23,,,1,55,,73509,23,,,1,15,,73510,23,,,1,15,,73511,23,,,1,15,,73512,23,,,1,55,,73513,23,,,1,30,,73514,23,,,1,70,,73515,23,,,1,45,,73516,23,,,1
200,'20261109',1615,,73517,23,,,1,30,,73518,23,,,1,55,,73519,23,,,1,15,,73520,23,,,1,15,,73521,23,,,1,15,,73522,23,,,1,55,,73523,23,,,1,30,,73524,23,,,1,70,,73525,23,,,1,45,,73526,23,,,1
200,'20261110',1615,,73527,23,,,1,30,,73528,23,,,1,55,,73529,23,,,1,15,,73530,23,,,1,15,,73531,23,,,1,15,,73532,23,,,1,55,,73533,23,,,1,30,,73534,23,,,1,70,,73535,23,,,1,45,,73536,23,,,1
200,'20261111',1615,,73537,23,,,1,30,,73538,23,,,1,55,,73539,23,,,1,15,,73540,23,,,1,15,,73541,23,,,1,15,,73542,23,,,1,55,,73543,23,,,1,30,,73544,23,,,1,70,,73545,23,,,1,45,,73546,23,,,1
200,'20261112',1615,,73547,23,,,1,30,,73548,23,,,1,55,,73549,23,,,1,15,,73550,23,,,1,15,,73551,23,,,1,15,,73552,23,,,1,55,,73553,23,,,1,30,,73554,23,,,1,70,,73555,23,,,1,45,,73556,23,,,1
200,'20261113',1615,,73557,23,,,1,30,,73558,23,,,1,55,,73559,23,,,1,15,,73560,23,,,1,15,,73561,23,,,1,15,,73562,23,,,1,55,,73563,23,,,1,30,,73564,23,,,1,70,,73565,23,,,1,45,,73566,23,,,1
200,'20261116',1615,,73567,23,,,1,30,,73568,23,,,1,55,,73569,23,,,1,15,,73570,23,,,1,15,,73571,23,,,1,15,,73572,23,,,1,55,,73573,23,,,1,30,,73574,23,,,1,70,,73575,23,,,1,45,,73576,23,,,1
200,'20261117',1615,,73577,23,,,1,30,,73578,23,,,1,55,,73579,23,,,1,15,,73580,23,,,1,15,,73581,23,,,1,15,,73582,23,,,1,55,,73583,23,,,1,30,,73584,23,,,1,70,,73585,23,,,1,45,,73586,23,,,1
200,'20261118',1615,,73587,23,,,1,30,,73588,23,,,1,55,,73589,23,,,1,15,,73590,23,,,1,15,,73591,23,,,1,15,,73592,23,,,1,55,,73593,23,,,1,30,,73594,23,,,1,70,,73595,23,,,1,45,,73596,23,,,1
200,'20261119',1615,,73597,23,,,1,30,,73598,23,,,1,55,,73599,23,,,1,15,,73600,23,,,1,15,,73601,23,,,1,15,,73602,23,,,1,55,,73603,23,,,1,30,,73604,23,,,1,70,,73605,23,,,1,45,,73606,23,,,1
200,'20261120',1615,,73607,23,,,1,30,,73608,23,,,1,55,,73609,23,,,1,15,,73610,23,,,1,15,,73611,23,,,1,15,,73612,23,,,1,55,,73613,23,,,1,30,,73614,23,,,1,70,,73615,23,,,1,45,,73616,23,,,1
200,'20261123',1615,,73617,23,,,1,30,,73618,23,,,1,55,,73619,23,,,1,15,,73620,23,,,1,15,,73621,23,,,1,15,,73622,23,,,1,55,,73623,23,,,1,30,,73624,23,,,1,70,,73625,23,,,1,45,,73626,23,,,1
200,'20261124',1615,,73627,23,,,1,30,,73628,23,,,1,55,,73629,23,,,1,15,,73630,23,,,1,15,,73631,23,,,1,15,,73632,23,,,1,55,,73633,23,,,1,30,,73634,23,,,1,70,,73635,23,,,1,45,,73636,23,,,1
200,'20261125',1615,,73637,23,,,1,30,,73638,23,,,1,55,,73639,23,,,1,15,,73640,23,,,1,15,,73641,23,,,1,15,,73642,23,,,1,55,,73643,23,,,1,30,,73644,23,,,1,70,,73645,23,,,1,45,,73646,23,,,1
200,'20261126',1615,,73647,23,,,1,30,,73648,23,,,1,55,,73649,23,,,1,15,,73650,23,,,1,15,,73651,23,,,1,15,,73652,23,,,1,55,,73653,23,,,1,30,,73654,23,,,1,70,,73655,23,,,1,45,,73656,23,,,1
200,'20261127',1615,,73657,23,,,1,30,,73658,23,,,1,55,,73659,23,,,1,15,,73660,23,,,1,15,,73661,23,,,1,15,,73662,23,,,1,55,,73663,23,,,1,30,,73664,23,,,1,70,,73665,23,,,1,45,,73666,23,,,1
201,'20260910',625,,73687,13,,,1,30,,73688,13,,,1,55,,73689,13,,,1,15,,73690,13,,,1,15,,73691,13,,,1,15,,73692,13,,,1,55,,73693,13,,,1,15,,73694,13,,,1,15,,73695,13,,,1,15,,73696,13,,,1
201,'20260911',625,,73697,13,,,1,30,,73698,13,,,1,55,,73699,13,,,1,15,,73700,13,,,1,15,,73701,13,,,1,15,,73702,13,,,1,55,,73703,13,,,1,15,,73704,13,,,1,15,,73705,13,,,1,15,,73706,13,,,1
201,'20260914',625,,73707,13,,,1,30,,73708,13,,,1,55,,73709,13,,,1,15,,73710,13,,,1,15,,73711,13,,,1,15,,73712,13,,,1,55,,73713,13,,,1,15,,73714,13,,,1,15,,73715,13,,,1,15,,73716,13,,,1
201,'20260915',625,,73717,13,,,1,30,,73718,13,,,1,55,,73719,13,,,1,15,,73720,13,,,1,15,,73721,13,,,1,15,,73722,13,,,1,55,,73723,13,,,1,15,,73724,13,,,1,15,,73725,13,,,1,15,,73726,13,,,1
201,'20260916',625,,73727,13,,,1,30,,73728,13,,,1,55,,73729,13,,,1,15,,73730,13,,,1,15,,73731,13,,,1,15,,73732,13,,,1,55,,73733,13,,,1,15,,73734,13,,,1,15,,73735,13,,,1,15,,73736,13,,,1
201,'20260917',625,,73737,13,,,1,30,,73738,13,,,1,55,,73739,13,,,1,15,,73740,13,,,1,15,,73741,13,,,1,15,,73742,13,,,1,55,,73743,13,,,1,15,,73744,13,,,1,15,,73745,13,,,1,15,,73746,13,,,1
201,'20260918',625,,73747,13,,,1,30,,73748,13,,,1,55,,73749,13,,,1,15,,73750,13,,,1,15,,73751,13,,,1,15,,73752,13,,,1,55,,73753,13,,,1,15,,73754,13,,,1,15,,73755,13,,,1,15,,73756,13,,,1
201,'20260921',625,,73757,13,,,1,30,,73758,13,,,1,55,,73759,13,,,1,15,,73760,13,,,1,15,,73761,13,,,1,15,,73762,13,,,1,55,,73763,13,,,1,15,,73764,13,,,1,15,,73765,13,,,1,15,,73766,13,,,1
201,'20260922',625,,73767,13,,,1,30,,73768,13,,,1,55,,73769,13,,,1,15,,73770,13,,,1,15,,73771,13,,,1,15,,73772,13,,,1,55,,73773,13,,,1,15,,73774,13,,,1,15,,73775,13,,,1,15,,73776,13,,,1
201,'20260923',625,,73777,13,,,1,30,,73778,13,,,1,55,,73779,13,,,1,15,,73780,13,,,1,15,,73781,13,,,1,15,,73782,13,,,1,55,,73783,13,,,1,15,,73784,13,,,1,15,,73785,13,,,1,15,,73786,13,,,1
201,'20260924',625,,73787,13,,,1,30,,73788,13,,,1,55,,73789,13,,,1,15,,73790,13,,,1,15,,73791,13,,,1,15,,73792,13,,,1,55,,73793,13,,,1,15,,73794,13,,,1,15,,73795,13,,,1,15,,73796,13,,,1
201,'20260925',625,,73797,13,,,1,30,,73798,13,,,1,55,,73799,13,,,1,15,,73800,13,,,1,15,,73801,13,,,1,15,,73802,13,,,1,55,,73803,13,,,1,15,,73804,13,,,1,15,,73805,13,,,1,15,,73806,13,,,1
201,'20260928',625,,73807,13,,,1,30,,73808,13,,,1,55,,73809,13,,,1,15,,73810,13,,,1,15,,73811,13,,,1,15,,73812,13,,,1,55,,73813,13,,,1,15,,73814,13,,,1,15,,73815,13,,,1,15,,73816,13,,,1
201,'20260929',625,,73817,13,,,1,30,,73818,13,,,1,55,,73819,13,,,1,15,,73820,13,,,1,15,,73821,13,,,1,15,,73822,13,,,1,55,,73823,13,,,1,15,,73824,13,,,1,15,,73825,13,,,1,15,,73826,13,,,1
201,'20260930',625,,73827,13,,,1,30,,73828,13,,,1,55,,73829,13,,,1,15,,73830,13,,,1,15,,73831,13,,,1,15,,73832,13,,,1,55,,73833,13,,,1,15,,73834,13,,,1,15,,73835,13,,,1,15,,73836,13,,,1
201,'20261001',625,,73837,13,,,1,30,,73838,13,,,1,55,,73839,13,,,1,15,,73840,13,,,1,15,,73841,13,,,1,15,,73842,13,,,1,55,,73843,13,,,1,15,,73844,13,,,1,15,,73845,13,,,1,15,,73846,13,,,1
201,'20261002',625,,73847,13,,,1,30,,73848,13,,,1,55,,73849,13,,,1,15,,73850,13,,,1,15,,73851,13,,,1,15,,73852,13,,,1,55,,73853,13,,,1,15,,73854,13,,,1,15,,73855,13,,,1,15,,73856,13,,,1
201,'20261005',625,,73857,13,,,1,30,,73858,13,,,1,55,,73859,13,,,1,15,,73860,13,,,1,15,,73861,13,,,1,15,,73862,13,,,1,55,,73863,13,,,1,15,,73864,13,,,1,15,,73865,13,,,1,15,,73866,13,,,1
201,'20261006',625,,73867,13,,,1,30,,73868,13,,,1,55,,73869,13,,,1,15,,73870,13,,,1,15,,73871,13,,,1,15,,73872,13,,,1,55,,73873,13,,,1,15,,73874,13,,,1,15,,73875,13,,,1,15,,73876,13,,,1
201,'20261007',625,,73877,13,,,1,30,,73878,13,,,1,55,,73879,13,,,1,15,,73880,13,,,1,15,,73881,13,,,1,15,,73882,13,,,1,55,,73883,13,,,1,15,,73884,13,,,1,15,,73885,13,,,1,15,,73886,13,,,1
201,'20261008',625,,73887,13,,,1,30,,73888,13,,,1,55,,73889,13,,,1,15,,73890,13,,,1,15,,73891,13,,,1,15,,73892,13,,,1,55,,73893,13,,,1,15,,73894,13,,,1,15,,73895,13,,,1,15,,73896,13,,,1
201,'20261009',625,,73897,13,,,1,30,,73898,13,,,1,55,,73899,13,,,1,15,,73900,13,,,1,15,,73901,13,,,1,15,,73902,13,,,1,55,,73903,13,,,1,15,,73904,13,,,1,15,,73905,13,,,1,15,,73906,13,,,1
201,'20261012',625,,73907,13,,,1,30,,73908,13,,,1,55,,73909,13,,,1,15,,73910,13,,,1,15,,73911,13,,,1,15,,73912,13,,,1,55,,73913,13,,,1,15,,73914,13,,,1,15,,73915,13,,,1,15,,73916,13,,,1
201,'20261013',625,,73917,13,,,1,30,,73918,13,,,1,55,,73919,13,,,1,15,,73920,13,,,1,15,,73921,13,,,1,15,,73922,13,,,1,55,,73923,13,,,1,15,,73924,13,,,1,15,,73925,13,,,1,15,,73926,13,,,1
201,'20261014',625,,73927,13,,,1,30,,73928,13,,,1,55,,73929,13,,,1,15,,73930,13,,,1,15,,73931,13,,,1,15,,73932,13,,,1,55,,73933,13,,,1,15,,73934,13,,,1,15,,73935,13,,,1,15,,73936,13,,,1
201,'20261015',625,,73937,13,,,1,30,,73938,13,,,1,55,,73939,13,,,1,15,,73940,13,,,1,15,,73941,13,,,1,15,,73942,13,,,1,55,,73943,13,,,1,15,,73944,13,,,1,15,,73945,13,,,1,15,,73946,13,,,1
201,'20261016',625,,73947,13,,,1,30,,73948,13,,,1,55,,73949,13,,,1,15,,73950,13,,,1,15,,73951,13,,,1,15,,73952,13,,,1,55,,73953,13,,,1,15,,73954,13,,,1,15,,73955,13,,,1,15,,73956,13,,,1
201,'20261019',625,,73957,13,,,1,30,,73958,13,,,1,55,,73959,13,,,1,15,,73960,13,,,1,15,,73961,13,,,1,15,,73962,13,,,1,55,,73963,13,,,1,15,,73964,13,,,1,15,,73965,13,,,1,15,,73966,13,,,1
201,'20261020',625,,73967,13,,,1,30,,73968,13,,,1,55,,73969,13,,,1,15,,73970,13,,,1,15,,73971,13,,,1,15,,73972,13,,,1,55,,73973,13,,,1,15,,73974,13,,,1,15,,73975,13,,,1,15,,73976,13,,,1
201,'20261021',625,,73977,13,,,1,30,,73978,13,,,1,55,,73979,13,,,1,15,,73980,13,,,1,15,,73981,13,,,1,15,,73982,13,,,1,55,,73983,13,,,1,15,,73984,13,,,1,15,,73985,13,,,1,15,,73986,13,,,1
201,'20261022',625,,73987,13,,,1,30,,73988,13,,,1,55,,73989,13,,,1,15,,73990,13,,,1,15,,73991,13,,,1,15,,73992,13,,,1,55,,73993,13,,,1,15,,73994,13,,,1,15,,73995,13,,,1,15,,73996,13,,,1
201,'20261023',625,,73997,13,,,1,30,,73998,13,,,1,55,,73999,13,,,1,15,,74000,13,,,1,15,,74001,13,,,1,15,,74002,13,,,1,55,,74003,13,,,1,15,,74004,13,,,1,15,,74005,13,,,1,15,,74006,13,,,1
201,'20261026',625,,74007,13,,,1,30,,74008,13,,,1,55,,74009,13,,,1,15,,74010,13,,,1,15,,74011,13,,,1,15,,74012,13,,,1,55,,74013,13,,,1,15,,74014,13,,,1,15,,74015,13,,,1,15,,74016,13,,,1
201,'20261027',625,,74017,13,,,1,30,,74018,13,,,1,55,,74019,13,,,1,15,,74020,13,,,1,15,,74021,13,,,1,15,,74022,13,,,1,55,,74023,13,,,1,15,,74024,13,,,1,15,,74025,13,,,1,15,,74026,13,,,1
201,'20261028',625,,74027,13,,,1,30,,74028,13,,,1,55,,74029,13,,,1,15,,74030,13,,,1,15,,74031,13,,,1,15,,74032,13,,,1,55,,74033,13,,,1,15,,74034,13,,,1,15,,74035,13,,,1,15,,74036,13,,,1
201,'20261029',625,,74037,13,,,1,30,,74038,13,,,1,55,,74039,13,,,1,15,,74040,13,,,1,15,,74041,13,,,1,15,,74042,13,,,1,55,,74043,13,,,1,15,,74044,13,,,1,15,,74045,13,,,1,15,,74046,13,,,1
201,'20261030',625,,74047,13,,,1,30,,74048,13,,,1,55,,74049,13,,,1,15,,74050,13,,,1,15,,74051,13,,,1,15,,74052,13,,,1,55,,74053,13,,,1,15,,74054,13,,,1,15,,74055,13,,,1,15,,74056,13,,,1
201,'20261102',625,,74057,13,,,1,30,,74058,13,,,1,55,,74059,13,,,1,15,,74060,13,,,1,15,,74061,13,,,1,15,,74062,13,,,1,55,,74063,13,,,1,15,,74064,13,,,1,15,,74065,13,,,1,15,,74066,13,,,1
201,'20261103',625,,74067,13,,,1,30,,74068,13,,,1,55,,74069,13,,,1,15,,74070,13,,,1,15,,74071,13,,,1,15,,74072,13,,,1,55,,74073,13,,,1,15,,74074,13,,,1,15,,74075,13,,,1,15,,74076,13,,,1
201,'20261104',625,,74077,13,,,1,30,,74078,13,,,1,55,,74079,13,,,1,15,,74080,13,,,1,15,,74081,13,,,1,15,,74082,13,,,1,55,,74083,13,,,1,15,,74084,13,,,1,15,,74085,13,,,1,15,,74086,13,,,1
201,'20261105',625,,74087,13,,,1,30,,74088,13,,,1,55,,74089,13,,,1,15,,74090,13,,,1,15,,74091,13,,,1,15,,74092,13,,,1,55,,74093,13,,,1,15,,74094,13,,,1,15,,74095,13,,,1,15,,74096,13,,,1
201,'20261106',625,,74097,13,,,1,30,,74098,13,,,1,55,,74099,13,,,1,15,,74100,13,,,1,15,,74101,13,,,1,15,,74102,13,,,1,55,,74103,13,,,1,15,,74104,13,,,1,15,,74105,13,,,1,15,,74106,13,,,1
201,'20261109',625,,74107,13,,,1,30,,74108,13,,,1,55,,74109,13,,,1,15,,74110,13,,,1,15,,74111,13,,,1,15,,74112,13,,,1,55,,74113,13,,,1,15,,74114,13,,,1,15,,74115,13,,,1,15,,74116,13,,,1
201,'20261110',625,,74117,13,,,1,30,,74118,13,,,1,55,,74119,13,,,1,15,,74120,13,,,1,15,,74121,13,,,1,15,,74122,13,,,1,55,,74123,13,,,1,15,,74124,13,,,1,15,,74125,13,,,1,15,,74126,13,,,1
201,'20261111',625,,74127,13,,,1,30,,74128,13,,,1,55,,74129,13,,,1,15,,74130,13,,,1,15,,74131,13,,,1,15,,74132,13,,,1,55,,74133,13,,,1,15,,74134,13,,,1,15,,74135,13,,,1,15,,74136,13,,,1
201,'20261112',625,,74137,13,,,1,30,,74138,13,,,1,55,,74139,13,,,1,15,,74140,13,,,1,15,,74141,13,,,1,15,,74142,13,,,1,55,,74143,13,,,1,15,,74144,13,,,1,15,,74145,13,,,1,15,,74146,13,,,1
201,'20261113',625,,74147,13,,,1,30,,74148,13,,,1,55,,74149,13,,,1,15,,74150,13,,,1,15,,74151,13,,,1,15,,74152,13,,,1,55,,74153,13,,,1,15,,74154,13,,,1,15,,74155,13,,,1,15,,74156,13,,,1
201,'20261116',625,,74157,13,,,1,30,,74158,13,,,1,55,,74159,13,,,1,15,,74160,13,,,1,15,,74161,13,,,1,15,,74162,13,,,1,55,,74163,13,,,1,15,,74164,13,,,1,15,,74165,13,,,1,15,,74166,13,,,1
201,'20261117',625,,74167,13,,,1,30,,74168,13,,,1,55,,74169,13,,,1,15,,74170,13,,,1,15,,74171,13,,,1,15,,74172,13,,,1,55,,74173,13,,,1,15,,74174,13,,,1,15,,74175,13,,,1,15,,74176,13,,,1
201,'20261118',625,,74177,13,,,1,30,,74178,13,,,1,55,,74179,13,,,1,15,,74180,13,,,1,15,,74181,13,,,1,15,,74182,13,,,1,55,,74183,13,,,1,15,,74184,13,,,1,15,,74185,13,,,1,15,,74186,13,,,1
201,'20261119',625,,74187,13,,,1,30,,74188,13,,,1,55,,74189,13,,,1,15,,74190,13,,,1,15,,74191,13,,,1,15,,74192,13,,,1,55,,74193,13,,,1,15,,74194,13,,,1,15,,74195,13,,,1,15,,74196,13,,,1
201,'20261120',625,,74197,13,,,1,30,,74198,13,,,1,55,,74199,13,,,1,15,,74200,13,,,1,15,,74201,13,,,1,15,,74202,13,,,1,55,,74203,13,,,1,15,,74204,13,,,1,15,,74205,13,,,1,15,,74206,13,,,1
201,'20261123',625,,74207,13,,,1,30,,74208,13,,,1,55,,74209,13,,,1,15,,74210,13,,,1,15,,74211,13,,,1,15,,74212,13,,,1,55,,74213,13,,,1,15,,74214,13,,,1,15,,74215,13,,,1,15,,74216,13,,,1
201,'20261124',625,,74217,13,,,1,30,,74218,13,,,1,55,,74219,13,,,1,15,,74220,13,,,1,15,,74221,13,,,1,15,,74222,13,,,1,55,,74223,13,,,1,15,,74224,13,,,1,15,,74225,13,,,1,15,,74226,13,,,1
201,'20261125',625,,74227,13,,,1,30,,74228,13,,,1,55,,74229,13,,,1,15,,74230,13,,,1,15,,74231,13,,,1,15,,74232,13,,,1,55,,74233,13,,,1,15,,74234,13,,,1,15,,74235,13,,,1,15,,74236,13,,,1
201,'20261126',625,,74237,13,,,1,30,,74238,13,,,1,55,,74239,13,,,1,15,,74240,13,,,1,15,,74241,13,,,1,15,,74242,13,,,1,55,,74243,13,,,1,15,,74244,13,,,1,15,,74245,13,,,1,15,,74246,13,,,1
201,'20261127',625,,74247,13,,,1,30,,74248,13,,,1,55,,74249,13,,,1,15,,74250,13,,,1,15,,74251,13,,,1,15,,74252,13,,,1,55,,74253,13,,,1,15,,74254,13,,,1,15,,74255,13,,,1,15,,74256,13,,,1
