600,'20260821',1617,,51897,15,,,1,100,,51898,15,,,1,30,,51896,15,,,1,70,,51899,15,,,1,100,,51900,15,,,1
600,'20260824',1617,,65226,15,,,1,100,,65227,15,,,1,30,,65225,15,,,1,70,,65228,15,,,1,100,,65229,15,,,1
600,'20260825',1617,,51907,15,,,1,100,,51908,15,,,1,30,,51906,15,,,1,70,,51909,15,,,1,100,,51910,15,,,1
600,'20260826',1617,,51912,15,,,1,100,,51913,15,,,1,30,,51911,15,,,1,70,,51914,15,,,1,100,,51915,15,,,1
600,'20260827',1617,,51917,15,,,1,100,,51918,15,,,1,30,,51916,15,,,1,70,,51919,15,,,1,100,,51920,15,,,1
600,'20260828',1617,,51922,15,,,1,100,,51923,15,,,1,30,,51921,15,,,1,70,,51924,15,,,1,100,,51925,15,,,1
600,'20260831',1617,,65231,15,,,1,100,,65232,15,,,1,30,,65230,15,,,1,70,,65233,15,,,1,100,,65234,15,,,1
600,'20260901',1617,,51932,15,,,1,100,,51933,15,,,1,30,,51931,15,,,1,70,,51934,15,,,1,100,,51935,15,,,1
600,'20260902',1617,,51937,15,,,1,100,,51938,15,,,1,30,,51936,15,,,1,70,,51939,15,,,1,100,,51940,15,,,1
600,'20260903',1617,,51942,15,,,1,100,,51943,15,,,1,30,,51941,15,,,1,70,,51944,15,,,1,100,,51945,15,,,1
600,'20260904',1617,,51947,15,,,1,100,,51948,15,,,1,30,,51946,15,,,1,70,,51949,15,,,1,100,,51950,15,,,1
601,'20260821',623,,52143,15,,,1,101,,52144,15,,,1,30,,52146,15,,,1,70,,52145,15,,,1
601,'20260824',623,,65243,15,,,1,101,,65244,15,,,1,30,,65246,15,,,1,70,,65245,15,,,1
601,'20260825',623,,52151,15,,,1,101,,52152,15,,,1,30,,52154,15,,,1,70,,52153,15,,,1
601,'20260826',623,,52155,15,,,1,101,,52156,15,,,1,30,,52158,15,,,1,70,,52157,15,,,1
601,'20260827',623,,52159,15,,,1,101,,52160,15,,,1,30,,52162,15,,,1,70,,52161,15,,,1
601,'20260828',623,,52163,15,,,1,101,,52164,15,,,1,30,,52166,15,,,1,70,,52165,15,,,1
601,'20260831',623,,65247,15,,,1,101,,65248,15,,,1,30,,65250,15,,,1,70,,65249,15,,,1
601,'20260901',623,,52171,15,,,1,101,,52172,15,,,1,30,,52174,15,,,1,70,,52173,15,,,1
601,'20260902',623,,52175,15,,,1,101,,52176,15,,,1,30,,52178,15,,,1,70,,52177,15,,,1
601,'20260903',623,,52179,15,,,1,101,,52180,15,,,1,30,,52182,15,,,1,70,,52181,15,,,1
601,'20260904',623,,52183,15,,,1,101,,52184,15,,,1,30,,52186,15,,,1,70,,52185,15,,,1
