500,'20261005',1040,,80608,22,,,1,105,,80598,22,4,,1,101,,80599,22,4,,1,201,,80609,22,,,1,111,,80604,22,0,9,1,90,,80610,22,,,1,85,,80607,22,,,1,14,,80601,22,4,,1,56,,80605,22,,,1,15,,80606,22,,,1,30,,80611,22,,,1,97,,80602,22,4,,1,102,,80603,22,4,,1,269,,80612,22,,,1
500,'20261006',1040,,80623,22,,,1,105,,80613,22,4,,1,101,,80614,22,4,,1,201,,80624,22,,,1,111,,80619,22,0,9,1,90,,80625,22,,,1,85,,80622,22,,,1,14,,80616,22,4,,1,56,,80620,22,,,1,15,,80621,22,,,1,30,,80626,22,,,1,97,,80617,22,4,,1,102,,80618,22,4,,1,269,,80627,22,,,1
500,'20261007',1040,,80638,22,,,1,105,,80628,22,4,,1,101,,80629,22,4,,1,201,,80639,22,,,1,111,,80634,22,0,9,1,90,,80640,22,,,1,85,,80637,22,,,1,14,,80631,22,4,,1,56,,80635,22,,,1,15,,80636,22,,,1,30,,80641,22,,,1,97,,80632,22,4,,1,102,,80633,22,4,,1,269,,80642,22,,,1
500,'20261008',1040,,80653,22,,,1,105,,80643,22,4,,1,101,,80644,22,4,,1,201,,80654,22,,,1,111,,80649,22,0,9,1,90,,80655,22,,,1,85,,80652,22,,,1,14,,80646,22,4,,1,56,,80650,22,,,1,15,,80651,22,,,1,30,,80656,22,,,1,97,,80647,22,4,,1,102,,80648,22,4,,1,269,,80657,22,,,1
500,'20261009',1040,,80668,22,,,1,105,,80658,22,4,,1,101,,80659,22,4,,1,201,,80669,22,,,1,111,,80664,22,0,9,1,90,,80670,22,,,1,85,,80667,22,,,1,14,,80661,22,4,,1,56,,80665,22,,,1,15,,80666,22,,,1,30,,80671,22,,,1,97,,80662,22,4,,1,102,,80663,22,4,,1,269,,80672,22,,,1
500,'20261010',1747,,80673,22,4,,1,200,,80674,22,4,,1,206,,80675,22,,,1,192,,80676,22,,,1
500,'20261011',1747,,80677,22,4,,1,200,,80678,22,4,,1,206,,80679,22,,,1,192,,80680,22,,,1
500,'20261012',1747,,80684,22,4,,1,200,,80685,22,4,,1,206,,92464,22,,,1,192,,92465,22,,,1
500,'20261013',1040,,80706,22,,,1,105,,80696,22,4,,1,101,,80697,22,4,,1,201,,80707,22,,,1,111,,80702,22,0,9,1,90,,80708,22,,,1,85,,80705,22,,,1,14,,80699,22,4,,1,56,,80703,22,,,1,15,,80704,22,,,1,30,,80709,22,,,1,97,,80700,22,4,,1,102,,80701,22,4,,1,269,,80710,22,,,1
500,'20261014',1044,,80721,22,,,1,101,,80711,22,4,,1,99,,80712,22,4,,1,100,,80713,22,4,,1,107,,80722,22,,,1,104,,80717,22,0,9,1,92,,80723,22,,,1,85,,80720,22,,,1,14,,80714,22,4,,1,56,,80718,22,,,1,15,,80719,22,,,1,30,,80724,22,,,1,97,,80715,22,4,,1,100,,80716,22,4,,1,271,,80725,22,,,1
500,'20261015',1044,,80736,22,,,1,101,,80726,22,4,,1,99,,80727,22,4,,1,100,,80728,22,4,,1,107,,80737,22,,,1,104,,80732,22,0,9,1,92,,80738,22,,,1,85,,80735,22,,,1,14,,80729,22,4,,1,56,,80733,22,,,1,15,,80734,22,,,1,30,,80739,22,,,1,97,,80730,22,4,,1,100,,80731,22,4,,1,271,,80740,22,,,1
500,'20261016',1044,,80751,22,,,1,101,,80741,22,4,,1,99,,80742,22,4,,1,100,,80743,22,4,,1,107,,80752,22,,,1,104,,80747,22,0,9,1,92,,80753,22,,,1,85,,80750,22,,,1,14,,80744,22,4,,1,56,,80748,22,,,1,15,,80749,22,,,1,30,,80754,22,,,1,97,,80745,22,4,,1,100,,80746,22,4,,1,271,,80755,22,,,1
500,'20261017',1744,,80756,22,4,,1,200,,80757,22,4,,1,204,,80758,22,,,1,196,,80759,22,,,1
500,'20261018',1744,,80760,22,4,,1,200,,80761,22,4,,1,204,,80762,22,,,1,196,,80763,22,,,1
500,'20261019',1044,,80774,22,,,1,101,,80764,22,4,,1,99,,80765,22,4,,1,100,,80766,22,4,,1,107,,80775,22,,,1,104,,80770,22,0,9,1,92,,80776,22,,,1,85,,80773,22,,,1,14,,80767,22,4,,1,56,,80771,22,,,1,15,,80772,22,,,1,30,,80777,22,,,1,97,,80768,22,4,,1,100,,80769,22,4,,1,271,,80778,22,,,1
500,'20261020',1044,,80789,22,,,1,101,,80779,22,4,,1,99,,80780,22,4,,1,100,,80781,22,4,,1,107,,80790,22,,,1,104,,80785,22,0,9,1,92,,80791,22,,,1,85,,80788,22,,,1,14,,80782,22,4,,1,56,,80786,22,,,1,15,,80787,22,,,1,30,,80792,22,,,1,97,,80783,22,4,,1,100,,80784,22,4,,1,271,,80793,22,,,1
500,'20261021',1044,,80804,22,,,1,101,,80794,22,4,,1,99,,80795,22,4,,1,100,,80796,22,4,,1,107,,80805,22,,,1,104,,80800,22,0,9,1,92,,80806,22,,,1,85,,80803,22,,,1,14,,80797,22,4,,1,56,,80801,22,,,1,15,,80802,22,,,1,30,,80807,22,,,1,97,,80798,22,4,,1,100,,80799,22,4,,1,271,,80808,22,,,1
500,'20261022',1044,,80819,22,,,1,101,,80809,22,4,,1,99,,80810,22,4,,1,100,,80811,22,4,,1,107,,80820,22,,,1,104,,80815,22,0,9,1,92,,80821,22,,,1,85,,80818,22,,,1,14,,80812,22,4,,1,56,,80816,22,,,1,15,,80817,22,,,1,30,,80822,22,,,1,97,,80813,22,4,,1,100,,80814,22,4,,1,271,,80823,22,,,1
500,'20261023',1044,,80834,22,,,1,101,,80824,22,4,,1,99,,80825,22,4,,1,100,,80826,22,4,,1,107,,80835,22,,,1,104,,80830,22,0,9,1,92,,80836,22,,,1,85,,80833,22,,,1,14,,80827,22,4,,1,56,,80831,22,,,1,15,,80832,22,,,1,30,,80837,22,,,1,97,,80828,22,4,,1,100,,80829,22,4,,1,271,,80838,22,,,1
500,'20261024',1744,,80839,22,4,,1,200,,80840,22,4,,1,204,,80841,22,,,1,196,,80842,22,,,1
500,'20261025',1744,,80843,22,4,,1,200,,80844,22,4,,1,204,,80845,22,,,1,196,,80846,22,,,1
500,'20261026',1044,,80857,22,,,1,101,,80847,22,4,,1,99,,80848,22,4,,1,100,,80849,22,4,,1,107,,80858,22,,,1,104,,80853,22,0,9,1,92,,80859,22,,,1,85,,80856,22,,,1,14,,80850,22,4,,1,56,,80854,22,,,1,15,,80855,22,,,1,30,,80860,22,,,1,97,,80851,22,4,,1,100,,80852,22,4,,1,271,,80861,22,,,1
500,'20261027',1044,,80872,22,,,1,101,,80862,22,4,,1,99,,80863,22,4,,1,100,,80864,22,4,,1,107,,80873,22,,,1,104,,80868,22,0,9,1,92,,80874,22,,,1,85,,80871,22,,,1,14,,80865,22,4,,1,56,,80869,22,,,1,15,,80870,22,,,1,30,,80875,22,,,1,97,,80866,22,4,,1,100,,80867,22,4,,1,271,,80876,22,,,1
500,'20261028',1044,,80887,22,,,1,101,,80877,22,4,,1,99,,80878,22,4,,1,100,,80879,22,4,,1,107,,80888,22,,,1,104,,80883,22,0,9,1,92,,80889,22,,,1,85,,80886,22,,,1,14,,80880,22,4,,1,56,,80884,22,,,1,15,,80885,22,,,1,30,,80890,22,,,1,97,,80881,22,4,,1,100,,80882,22,4,,1,271,,80891,22,,,1
500,'20261029',1044,,80902,22,,,1,101,,80892,22,4,,1,99,,80893,22,4,,1,100,,80894,22,4,,1,107,,80903,22,,,1,104,,80898,22,0,9,1,92,,80904,22,,,1,85,,80901,22,,,1,14,,80895,22,4,,1,56,,80899,22,,,1,15,,80900,22,,,1,30,,80905,22,,,1,97,,80896,22,4,,1,100,,80897,22,4,,1,271,,80906,22,,,1
500,'20261030',1044,,80917,22,,,1,101,,80907,22,4,,1,99,,80908,22,4,,1,100,,80909,22,4,,1,107,,80918,22,,,1,104,,80913,22,0,9,1,92,,80919,22,,,1,85,,80916,22,,,1,14,,80910,22,4,,1,56,,80914,22,,,1,15,,80915,22,,,1,30,,80920,22,,,1,97,,80911,22,4,,1,100,,80912,22,4,,1,271,,80921,22,,,1
500,'20261031',1744,,80922,22,4,,1,200,,80923,22,4,,1,204,,80924,22,,,1,196,,80925,22,,,1
500,'20261101',1744,,80926,22,4,,1,200,,80927,22,4,,1,204,,80928,22,,,1,196,,80929,22,,,1
500,'20261102',1044,,80940,22,,,1,101,,80930,22,4,,1,99,,80931,22,4,,1,100,,80932,22,4,,1,107,,80941,22,,,1,104,,80936,22,0,9,1,92,,80942,22,,,1,85,,80939,22,,,1,14,,80933,22,4,,1,56,,80937,22,,,1,15,,80938,22,,,1,30,,80943,22,,,1,97,,80934,22,4,,1,100,,80935,22,4,,1,271,,80944,22,,,1
500,'20261103',1044,,80955,22,,,1,101,,80945,22,4,,1,99,,80946,22,4,,1,100,,80947,22,4,,1,107,,80956,22,,,1,104,,80951,22,0,9,1,92,,80957,22,,,1,85,,80954,22,,,1,14,,80948,22,4,,1,56,,80952,22,,,1,15,,80953,22,,,1,30,,80958,22,,,1,97,,80949,22,4,,1,100,,80950,22,4,,1,271,,80959,22,,,1
500,'20261104',1044,,80970,22,,,1,101,,80960,22,4,,1,99,,80961,22,4,,1,100,,80962,22,4,,1,107,,80971,22,,,1,104,,80966,22,0,9,1,92,,80972,22,,,1,85,,80969,22,,,1,14,,80963,22,4,,1,56,,80967,22,,,1,15,,80968,22,,,1,30,,80973,22,,,1,97,,80964,22,4,,1,100,,80965,22,4,,1,271,,80974,22,,,1
500,'20261105',1044,,80985,22,,,1,101,,80975,22,4,,1,99,,80976,22,4,,1,100,,80977,22,4,,1,107,,80986,22,,,1,104,,80981,22,0,9,1,92,,80987,22,,,1,85,,80984,22,,,1,14,,80978,22,4,,1,56,,80982,22,,,1,15,,80983,22,,,1,30,,80988,22,,,1,97,,80979,22,4,,1,100,,80980,22,4,,1,271,,80989,22,,,1
500,'20261106',1044,,81000,22,,,1,101,,80990,22,4,,1,99,,80991,22,4,,1,100,,80992,22,4,,1,107,,81001,22,,,1,104,,80996,22,0,9,1,92,,81002,22,,,1,85,,80999,22,,,1,14,,80993,22,4,,1,56,,80997,22,,,1,15,,80998,22,,,1,30,,81003,22,,,1,97,,80994,22,4,,1,100,,80995,22,4,,1,271,,81004,22,,,1
500,'20261107',1744,,81005,22,4,,1,200,,81006,22,4,,1,204,,81007,22,,,1,196,,81008,22,,,1
500,'20261108',1744,,81009,22,4,,1,200,,81010,22,4,,1,204,,81011,22,,,1,196,,81012,22,,,1
500,'20261109',1044,,81023,22,,,1,101,,81013,22,4,,1,99,,81014,22,4,,1,100,,81015,22,4,,1,107,,81024,22,,,1,104,,81019,22,0,9,1,92,,81025,22,,,1,85,,81022,22,,,1,14,,81016,22,4,,1,56,,81020,22,,,1,15,,81021,22,,,1,30,,81026,22,,,1,97,,81017,22,4,,1,100,,81018,22,4,,1,271,,81027,22,,,1
500,'20261110',1044,,81038,22,,,1,101,,81028,22,4,,1,99,,81029,22,4,,1,100,,81030,22,4,,1,107,,81039,22,,,1,104,,81034,22,0,9,1,92,,81040,22,,,1,85,,81037,22,,,1,14,,81031,22,4,,1,56,,81035,22,,,1,15,,81036,22,,,1,30,,81041,22,,,1,97,,81032,22,4,,1,100,,81033,22,4,,1,271,,81042,22,,,1
500,'20261111',1044,,81053,22,,,1,101,,81043,22,4,,1,99,,81044,22,4,,1,100,,81045,22,4,,1,107,,81054,22,,,1,104,,81049,22,0,9,1,92,,81055,22,,,1,85,,81052,22,,,1,14,,81046,22,4,,1,56,,81050,22,,,1,15,,81051,22,,,1,30,,81056,22,,,1,97,,81047,22,4,,1,100,,81048,22,4,,1,271,,81057,22,,,1
500,'20261112',1044,,81068,22,,,1,101,,81058,22,4,,1,99,,81059,22,4,,1,100,,81060,22,4,,1,107,,81069,22,,,1,104,,81064,22,0,9,1,92,,81070,22,,,1,85,,81067,22,,,1,14,,81061,22,4,,1,56,,81065,22,,,1,15,,81066,22,,,1,30,,81071,22,,,1,97,,81062,22,4,,1,100,,81063,22,4,,1,271,,81072,22,,,1
500,'20261113',1044,,81083,22,,,1,101,,81073,22,4,,1,99,,81074,22,4,,1,100,,81075,22,4,,1,107,,81084,22,,,1,104,,81079,22,0,9,1,92,,81085,22,,,1,85,,81082,22,,,1,14,,81076,22,4,,1,56,,81080,22,,,1,15,,81081,22,,,1,30,,81086,22,,,1,97,,81077,22,4,,1,100,,81078,22,4,,1,271,,81087,22,,,1
500,'20261114',1744,,81088,22,4,,1,200,,81089,22,4,,1,204,,81090,22,,,1,196,,81091,22,,,1
500,'20261115',1744,,81092,22,4,,1,200,,81093,22,4,,1,204,,81094,22,,,1,196,,81095,22,,,1
500,'20261116',1044,,81106,22,,,1,101,,81096,22,4,,1,99,,81097,22,4,,1,100,,81098,22,4,,1,107,,81107,22,,,1,104,,81102,22,0,9,1,92,,81108,22,,,1,85,,81105,22,,,1,14,,81099,22,4,,1,56,,81103,22,,,1,15,,81104,22,,,1,30,,81109,22,,,1,97,,81100,22,4,,1,100,,81101,22,4,,1,271,,81110,22,,,1
500,'20261117',1044,,81121,22,,,1,101,,81111,22,4,,1,99,,81112,22,4,,1,100,,81113,22,4,,1,107,,81122,22,,,1,104,,81117,22,0,9,1,92,,81123,22,,,1,85,,81120,22,,,1,14,,81114,22,4,,1,56,,81118,22,,,1,15,,81119,22,,,1,30,,81124,22,,,1,97,,81115,22,4,,1,100,,81116,22,4,,1,271,,81125,22,,,1
500,'20261118',1044,,81136,22,,,1,101,,81126,22,4,,1,99,,81127,22,4,,1,100,,81128,22,4,,1,107,,81137,22,,,1,104,,81132,22,0,9,1,92,,81138,22,,,1,85,,81135,22,,,1,14,,81129,22,4,,1,56,,81133,22,,,1,15,,81134,22,,,1,30,,81139,22,,,1,97,,81130,22,4,,1,100,,81131,22,4,,1,271,,81140,22,,,1
500,'20261119',1044,,81151,22,,,1,101,,81141,22,4,,1,99,,81142,22,4,,1,100,,81143,22,4,,1,107,,81152,22,,,1,104,,81147,22,0,9,1,92,,81153,22,,,1,85,,81150,22,,,1,14,,81144,22,4,,1,56,,81148,22,,,1,15,,81149,22,,,1,30,,81154,22,,,1,97,,81145,22,4,,1,100,,81146,22,4,,1,271,,81155,22,,,1
500,'20261120',1044,,81166,22,,,1,101,,81156,22,4,,1,99,,81157,22,4,,1,100,,81158,22,4,,1,107,,81167,22,,,1,104,,81162,22,0,9,1,92,,81168,22,,,1,85,,81165,22,,,1,14,,81159,22,4,,1,56,,81163,22,,,1,15,,81164,22,,,1,30,,81169,22,,,1,97,,81160,22,4,,1,100,,81161,22,4,,1,271,,81170,22,,,1
500,'20261121',1744,,81171,22,4,,1,200,,81172,22,4,,1,204,,81173,22,,,1,196,,81174,22,,,1
500,'20261122',1744,,81175,22,4,,1,200,,81176,22,4,,1,204,,81177,22,,,1,196,,81178,22,,,1
500,'20261123',1044,,81189,22,,,1,101,,81179,22,4,,1,99,,81180,22,4,,1,100,,81181,22,4,,1,107,,81190,22,,,1,104,,81185,22,0,9,1,92,,81191,22,,,1,85,,81188,22,,,1,14,,81182,22,4,,1,56,,81186,22,,,1,15,,81187,22,,,1,30,,81192,22,,,1,97,,81183,22,4,,1,100,,81184,22,4,,1,271,,81193,22,,,1
500,'20261124',1044,,81204,22,,,1,101,,81194,22,4,,1,99,,81195,22,4,,1,100,,81196,22,4,,1,107,,81205,22,,,1,104,,81200,22,0,9,1,92,,81206,22,,,1,85,,81203,22,,,1,14,,81197,22,4,,1,56,,81201,22,,,1,15,,81202,22,,,1,30,,81207,22,,,1,97,,81198,22,4,,1,100,,81199,22,4,,1,271,,81208,22,,,1
500,'20261125',1044,,81219,22,,,1,101,,81209,22,4,,1,99,,81210,22,4,,1,100,,81211,22,4,,1,107,,81220,22,,,1,104,,81215,22,0,9,1,92,,81221,22,,,1,85,,81218,22,,,1,14,,81212,22,4,,1,56,,81216,22,,,1,15,,81217,22,,,1,30,,81222,22,,,1,97,,81213,22,4,,1,100,,81214,22,4,,1,271,,81223,22,,,1
500,'20261126',1044,,81234,22,,,1,101,,81224,22,4,,1,99,,81225,22,4,,1,100,,81226,22,4,,1,107,,81235,22,,,1,104,,81230,22,0,9,1,92,,81236,22,,,1,85,,81233,22,,,1,14,,81227,22,4,,1,56,,81231,22,,,1,15,,81232,22,,,1,30,,81237,22,,,1,97,,81228,22,4,,1,100,,81229,22,4,,1,271,,81238,22,,,1
500,'20261127',1044,,81249,22,,,1,101,,81239,22,4,,1,99,,81240,22,4,,1,100,,81241,22,4,,1,107,,81250,22,,,1,104,,81245,22,0,9,1,92,,81251,22,,,1,85,,81248,22,,,1,14,,81242,22,4,,1,56,,81246,22,,,1,15,,81247,22,,,1,30,,81252,22,,,1,97,,81243,22,4,,1,100,,81244,22,4,,1,271,,81253,22,,,1
501,'20261005',538,,81642,7,,,1,68,,81643,14,,,1,30,,81645,14,,,1,70,,81644,14,,,1,20,,81635,1,,,1,20,,81646,14,,,1,55,,81647,14,,,1,48,,81648,14,,,1,98,,81649,14,,,1,107,,81636,1,,,1,101,,81637,1,,,1,101,,81638,1,,,1,100,,81650,14,,,1,144,,81639,1,,,1,455,,81640,1,,,1,102,,81641,1,,,1
501,'20261006',538,,81658,7,,,1,68,,81659,14,,,1,30,,81661,14,,,1,70,,81660,14,,,1,20,,81651,1,,,1,20,,81662,14,,,1,55,,81663,14,,,1,48,,81664,14,,,1,98,,81665,14,,,1,107,,81652,1,,,1,101,,81653,1,,,1,101,,81654,1,,,1,100,,81666,14,,,1,144,,81655,1,,,1,455,,81656,1,,,1,102,,81657,1,,,1
501,'20261007',538,,81674,7,,,1,68,,81675,14,,,1,30,,81677,14,,,1,70,,81676,14,,,1,20,,81667,1,,,1,20,,81678,14,,,1,55,,81679,14,,,1,48,,81680,14,,,1,98,,81681,14,,,1,107,,81668,1,,,1,101,,81669,1,,,1,101,,81670,1,,,1,100,,81682,14,,,1,144,,81671,1,,,1,455,,81672,1,,,1,102,,81673,1,,,1
501,'20261008',538,,81690,7,,,1,68,,81691,14,,,1,30,,81693,14,,,1,70,,81692,14,,,1,20,,81683,1,,,1,20,,81694,14,,,1,55,,81695,14,,,1,48,,81696,14,,,1,98,,81697,14,,,1,107,,81684,1,,,1,101,,81685,1,,,1,101,,81686,1,,,1,100,,81698,14,,,1,144,,81687,1,,,1,455,,81688,1,,,1,102,,81689,1,,,1
501,'20261009',538,,81706,7,,,1,68,,81707,14,,,1,30,,81709,14,,,1,70,,81708,14,,,1,20,,81699,1,,,1,20,,81710,14,,,1,55,,81711,14,,,1,48,,81712,14,,,1,98,,81713,14,,,1,107,,81700,1,,,1,101,,81701,1,,,1,101,,81702,1,,,1,100,,81714,14,,,1,144,,81703,1,,,1,455,,81704,1,,,1,102,,81705,1,,,1
501,'20261010',1456,,81717,14,,,1,200,,81718,14,,,1,199,,81715,1,,,1,203,,81716,1,,,1
501,'20261011',1456,,81721,14,,,1,200,,81722,14,,,1,199,,81719,1,,,1,203,,81720,1,,,1
501,'20261012',1456,,92467,14,,,1,200,,92468,14,,,1,199,,92466,1,,,1,203,,81729,1,,,1
501,'20261013',538,,81746,7,,,1,68,,81747,14,,,1,30,,81749,14,,,1,70,,81748,14,,,1,20,,81739,1,,,1,20,,81750,14,,,1,55,,81751,14,,,1,48,,81752,14,,,1,98,,81753,14,,,1,107,,81740,1,,,1,101,,81741,1,,,1,101,,81742,1,,,1,100,,81754,14,,,1,144,,81743,1,,,1,455,,81744,1,,,1,102,,81745,1,,,1
501,'20261014',538,,81762,7,,,1,68,,81763,14,,,1,30,,81765,14,,,1,70,,81764,14,,,1,20,,81755,1,,,1,20,,81766,14,,,1,55,,81767,14,,,1,53,,81768,14,,,1,100,,81769,14,,,1,103,,81756,1,,,1,98,,81757,1,,,1,100,,81758,1,,,1,146,,81770,14,,,1,103,,81759,1,,,1,451,,81760,1,,,1,100,,81761,1,,,1
501,'20261015',538,,81778,7,,,1,68,,81779,14,,,1,30,,81781,14,,,1,70,,81780,14,,,1,20,,81771,1,,,1,20,,81782,14,,,1,55,,81783,14,,,1,53,,81784,14,,,1,100,,81785,14,,,1,103,,81772,1,,,1,98,,81773,1,,,1,100,,81774,1,,,1,146,,81786,14,,,1,103,,81775,1,,,1,451,,81776,1,,,1,100,,81777,1,,,1
501,'20261016',538,,81794,7,,,1,68,,81795,14,,,1,30,,81797,14,,,1,70,,81796,14,,,1,20,,81787,1,,,1,20,,81798,14,,,1,55,,81799,14,,,1,53,,81800,14,,,1,100,,81801,14,,,1,103,,81788,1,,,1,98,,81789,1,,,1,100,,81790,1,,,1,146,,81802,14,,,1,103,,81791,1,,,1,451,,81792,1,,,1,100,,81793,1,,,1
501,'20261017',1456,,81805,14,,,1,200,,81806,14,,,1,199,,81803,1,,,1,204,,81804,1,,,1
501,'20261018',1456,,81809,14,,,1,200,,81810,14,,,1,199,,81807,1,,,1,204,,81808,1,,,1
501,'20261019',538,,81818,7,,,1,68,,81819,14,,,1,30,,81821,14,,,1,70,,81820,14,,,1,20,,81811,1,,,1,20,,81822,14,,,1,55,,81823,14,,,1,53,,81824,14,,,1,100,,81825,14,,,1,103,,81812,1,,,1,98,,81813,1,,,1,100,,81814,1,,,1,146,,81826,14,,,1,103,,81815,1,,,1,451,,81816,1,,,1,100,,81817,1,,,1
501,'20261020',538,,81834,7,,,1,68,,81835,14,,,1,30,,81837,14,,,1,70,,81836,14,,,1,20,,81827,1,,,1,20,,81838,14,,,1,55,,81839,14,,,1,53,,81840,14,,,1,100,,81841,14,,,1,103,,81828,1,,,1,98,,81829,1,,,1,100,,81830,1,,,1,146,,81842,14,,,1,103,,81831,1,,,1,451,,81832,1,,,1,100,,81833,1,,,1
501,'20261021',538,,81850,7,,,1,68,,81851,14,,,1,30,,81853,14,,,1,70,,81852,14,,,1,20,,81843,1,,,1,20,,81854,14,,,1,55,,81855,14,,,1,53,,81856,14,,,1,100,,81857,14,,,1,103,,81844,1,,,1,98,,81845,1,,,1,100,,81846,1,,,1,146,,81858,14,,,1,103,,81847,1,,,1,451,,81848,1,,,1,100,,81849,1,,,1
501,'20261022',538,,81866,7,,,1,68,,81867,14,,,1,30,,81869,14,,,1,70,,81868,14,,,1,20,,81859,1,,,1,20,,81870,14,,,1,55,,81871,14,,,1,53,,81872,14,,,1,100,,81873,14,,,1,103,,81860,1,,,1,98,,81861,1,,,1,100,,81862,1,,,1,146,,81874,14,,,1,103,,81863,1,,,1,451,,81864,1,,,1,100,,81865,1,,,1
501,'20261023',538,,81882,7,,,1,68,,81883,14,,,1,30,,81885,14,,,1,70,,81884,14,,,1,20,,81875,1,,,1,20,,81886,14,,,1,55,,81887,14,,,1,53,,81888,14,,,1,100,,81889,14,,,1,103,,81876,1,,,1,98,,81877,1,,,1,100,,81878,1,,,1,146,,81890,14,,,1,103,,81879,1,,,1,451,,81880,1,,,1,100,,81881,1,,,1
501,'20261024',1456,,81893,14,,,1,200,,81894,14,,,1,199,,81891,1,,,1,204,,81892,1,,,1
501,'20261025',1456,,81897,14,,,1,200,,81898,14,,,1,199,,81895,1,,,1,204,,81896,1,,,1
501,'20261026',538,,81906,7,,,1,68,,81907,14,,,1,30,,81909,14,,,1,70,,81908,14,,,1,20,,81899,1,,,1,20,,81910,14,,,1,55,,81911,14,,,1,53,,81912,14,,,1,100,,81913,14,,,1,103,,81900,1,,,1,98,,81901,1,,,1,100,,81902,1,,,1,146,,81914,14,,,1,103,,81903,1,,,1,451,,81904,1,,,1,100,,81905,1,,,1
501,'20261027',538,,81922,7,,,1,68,,81923,14,,,1,30,,81925,14,,,1,70,,81924,14,,,1,20,,81915,1,,,1,20,,81926,14,,,1,55,,81927,14,,,1,53,,81928,14,,,1,100,,81929,14,,,1,103,,81916,1,,,1,98,,81917,1,,,1,100,,81918,1,,,1,146,,81930,14,,,1,103,,81919,1,,,1,451,,81920,1,,,1,100,,81921,1,,,1
501,'20261028',538,,81938,7,,,1,68,,81939,14,,,1,30,,81941,14,,,1,70,,81940,14,,,1,20,,81931,1,,,1,20,,81942,14,,,1,55,,81943,14,,,1,53,,81944,14,,,1,100,,81945,14,,,1,103,,81932,1,,,1,98,,81933,1,,,1,100,,81934,1,,,1,146,,81946,14,,,1,103,,81935,1,,,1,451,,81936,1,,,1,100,,81937,1,,,1
501,'20261029',538,,81954,7,,,1,68,,81955,14,,,1,30,,81957,14,,,1,70,,81956,14,,,1,20,,81947,1,,,1,20,,81958,14,,,1,55,,81959,14,,,1,53,,81960,14,,,1,100,,81961,14,,,1,103,,81948,1,,,1,98,,81949,1,,,1,100,,81950,1,,,1,146,,81962,14,,,1,103,,81951,1,,,1,451,,81952,1,,,1,100,,81953,1,,,1
501,'20261030',538,,81970,7,,,1,68,,81971,14,,,1,30,,81973,14,,,1,70,,81972,14,,,1,20,,81963,1,,,1,20,,81974,14,,,1,55,,81975,14,,,1,53,,81976,14,,,1,100,,81977,14,,,1,103,,81964,1,,,1,98,,81965,1,,,1,100,,81966,1,,,1,146,,81978,14,,,1,103,,81967,1,,,1,451,,81968,1,,,1,100,,81969,1,,,1
501,'20261031',1456,,81981,14,,,1,200,,81982,14,,,1,199,,81979,1,,,1,204,,81980,1,,,1
501,'20261101',1456,,81985,14,,,1,200,,81986,14,,,1,199,,81983,1,,,1,204,,81984,1,,,1
501,'20261102',538,,81994,7,,,1,68,,81995,14,,,1,30,,81997,14,,,1,70,,81996,14,,,1,20,,81987,1,,,1,20,,81998,14,,,1,55,,81999,14,,,1,53,,82000,14,,,1,100,,82001,14,,,1,103,,81988,1,,,1,98,,81989,1,,,1,100,,81990,1,,,1,146,,82002,14,,,1,103,,81991,1,,,1,451,,81992,1,,,1,100,,81993,1,,,1
501,'20261103',538,,82010,7,,,1,68,,82011,14,,,1,30,,82013,14,,,1,70,,82012,14,,,1,20,,82003,1,,,1,20,,82014,14,,,1,55,,82015,14,,,1,53,,82016,14,,,1,100,,82017,14,,,1,103,,82004,1,,,1,98,,82005,1,,,1,100,,82006,1,,,1,146,,82018,14,,,1,103,,82007,1,,,1,451,,82008,1,,,1,100,,82009,1,,,1
501,'20261104',538,,82026,7,,,1,68,,82027,14,,,1,30,,82029,14,,,1,70,,82028,14,,,1,20,,82019,1,,,1,20,,82030,14,,,1,55,,82031,14,,,1,53,,82032,14,,,1,100,,82033,14,,,1,103,,82020,1,,,1,98,,82021,1,,,1,100,,82022,1,,,1,146,,82034,14,,,1,103,,82023,1,,,1,451,,82024,1,,,1,100,,82025,1,,,1
501,'20261105',538,,82042,7,,,1,68,,82043,14,,,1,30,,82045,14,,,1,70,,82044,14,,,1,20,,82035,1,,,1,20,,82046,14,,,1,55,,82047,14,,,1,53,,82048,14,,,1,100,,82049,14,,,1,103,,82036,1,,,1,98,,82037,1,,,1,100,,82038,1,,,1,146,,82050,14,,,1,103,,82039,1,,,1,451,,82040,1,,,1,100,,82041,1,,,1
501,'20261106',538,,82058,7,,,1,68,,82059,14,,,1,30,,82061,14,,,1,70,,82060,14,,,1,20,,82051,1,,,1,20,,82062,14,,,1,55,,82063,14,,,1,53,,82064,14,,,1,100,,82065,14,,,1,103,,82052,1,,,1,98,,82053,1,,,1,100,,82054,1,,,1,146,,82066,14,,,1,103,,82055,1,,,1,451,,82056,1,,,1,100,,82057,1,,,1
501,'20261107',1456,,82069,14,,,1,200,,82070,14,,,1,199,,82067,1,,,1,204,,82068,1,,,1
501,'20261108',1456,,82073,14,,,1,200,,82074,14,,,1,199,,82071,1,,,1,204,,82072,1,,,1
501,'20261109',538,,82082,7,,,1,68,,82083,14,,,1,30,,82085,14,,,1,70,,82084,14,,,1,20,,82075,1,,,1,20,,82086,14,,,1,55,,82087,14,,,1,53,,82088,14,,,1,100,,82089,14,,,1,103,,82076,1,,,1,98,,82077,1,,,1,100,,82078,1,,,1,146,,82090,14,,,1,103,,82079,1,,,1,451,,82080,1,,,1,100,,82081,1,,,1
501,'20261110',538,,82098,7,,,1,68,,82099,14,,,1,30,,82101,14,,,1,70,,82100,14,,,1,20,,82091,1,,,1,20,,82102,14,,,1,55,,82103,14,,,1,53,,82104,14,,,1,100,,82105,14,,,1,103,,82092,1,,,1,98,,82093,1,,,1,100,,82094,1,,,1,146,,82106,14,,,1,103,,82095,1,,,1,451,,82096,1,,,1,100,,82097,1,,,1
501,'20261111',538,,82114,7,,,1,68,,82115,14,,,1,30,,82117,14,,,1,70,,82116,14,,,1,20,,82107,1,,,1,20,,82118,14,,,1,55,,82119,14,,,1,53,,82120,14,,,1,100,,82121,14,,,1,103,,82108,1,,,1,98,,82109,1,,,1,100,,82110,1,,,1,146,,82122,14,,,1,103,,82111,1,,,1,451,,82112,1,,,1,100,,82113,1,,,1
501,'20261112',538,,82130,7,,,1,68,,82131,14,,,1,30,,82133,14,,,1,70,,82132,14,,,1,20,,82123,1,,,1,20,,82134,14,,,1,55,,82135,14,,,1,53,,82136,14,,,1,100,,82137,14,,,1,103,,82124,1,,,1,98,,82125,1,,,1,100,,82126,1,,,1,146,,82138,14,,,1,103,,82127,1,,,1,451,,82128,1,,,1,100,,82129,1,,,1
501,'20261113',538,,82146,7,,,1,68,,82147,14,,,1,30,,82149,14,,,1,70,,82148,14,,,1,20,,82139,1,,,1,20,,82150,14,,,1,55,,82151,14,,,1,53,,82152,14,,,1,100,,82153,14,,,1,103,,82140,1,,,1,98,,82141,1,,,1,100,,82142,1,,,1,146,,82154,14,,,1,103,,82143,1,,,1,451,,82144,1,,,1,100,,82145,1,,,1
501,'20261114',1456,,82157,14,,,1,200,,82158,14,,,1,199,,82155,1,,,1,204,,82156,1,,,1
501,'20261115',1456,,82161,14,,,1,200,,82162,14,,,1,199,,82159,1,,,1,204,,82160,1,,,1
501,'20261116',538,,82170,7,,,1,68,,82171,14,,,1,30,,82173,14,,,1,70,,82172,14,,,1,20,,82163,1,,,1,20,,82174,14,,,1,55,,82175,14,,,1,53,,82176,14,,,1,100,,82177,14,,,1,103,,82164,1,,,1,98,,82165,1,,,1,100,,82166,1,,,1,146,,82178,14,,,1,103,,82167,1,,,1,451,,82168,1,,,1,100,,82169,1,,,1
501,'20261117',538,,82186,7,,,1,68,,82187,14,,,1,30,,82189,14,,,1,70,,82188,14,,,1,20,,82179,1,,,1,20,,82190,14,,,1,55,,82191,14,,,1,53,,82192,14,,,1,100,,82193,14,,,1,103,,82180,1,,,1,98,,82181,1,,,1,100,,82182,1,,,1,146,,82194,14,,,1,103,,82183,1,,,1,451,,82184,1,,,1,100,,82185,1,,,1
501,'20261118',538,,82202,7,,,1,68,,82203,14,,,1,30,,82205,14,,,1,70,,82204,14,,,1,20,,82195,1,,,1,20,,82206,14,,,1,55,,82207,14,,,1,53,,82208,14,,,1,100,,82209,14,,,1,103,,82196,1,,,1,98,,82197,1,,,1,100,,82198,1,,,1,146,,82210,14,,,1,103,,82199,1,,,1,451,,82200,1,,,1,100,,82201,1,,,1
501,'20261119',538,,82218,7,,,1,68,,82219,14,,,1,30,,82221,14,,,1,70,,82220,14,,,1,20,,82211,1,,,1,20,,82222,14,,,1,55,,82223,14,,,1,53,,82224,14,,,1,100,,82225,14,,,1,103,,82212,1,,,1,98,,82213,1,,,1,100,,82214,1,,,1,146,,82226,14,,,1,103,,82215,1,,,1,451,,82216,1,,,1,100,,82217,1,,,1
501,'20261120',538,,82234,7,,,1,68,,82235,14,,,1,30,,82237,14,,,1,70,,82236,14,,,1,20,,82227,1,,,1,20,,82238,14,,,1,55,,82239,14,,,1,53,,82240,14,,,1,100,,82241,14,,,1,103,,82228,1,,,1,98,,82229,1,,,1,100,,82230,1,,,1,146,,82242,14,,,1,103,,82231,1,,,1,451,,82232,1,,,1,100,,82233,1,,,1
501,'20261121',1456,,82245,14,,,1,200,,82246,14,,,1,199,,82243,1,,,1,204,,82244,1,,,1
501,'20261122',1456,,82249,14,,,1,200,,82250,14,,,1,199,,82247,1,,,1,204,,82248,1,,,1
501,'20261123',538,,82258,7,,,1,68,,82259,14,,,1,30,,82261,14,,,1,70,,82260,14,,,1,20,,82251,1,,,1,20,,82262,14,,,1,55,,82263,14,,,1,53,,82264,14,,,1,100,,82265,14,,,1,103,,82252,1,,,1,98,,82253,1,,,1,100,,82254,1,,,1,146,,82266,14,,,1,103,,82255,1,,,1,451,,82256,1,,,1,100,,82257,1,,,1
501,'20261124',538,,82274,7,,,1,68,,82275,14,,,1,30,,82277,14,,,1,70,,82276,14,,,1,20,,82267,1,,,1,20,,82278,14,,,1,55,,82279,14,,,1,53,,82280,14,,,1,100,,82281,14,,,1,103,,82268,1,,,1,98,,82269,1,,,1,100,,82270,1,,,1,146,,82282,14,,,1,103,,82271,1,,,1,451,,82272,1,,,1,100,,82273,1,,,1
501,'20261125',538,,82290,7,,,1,68,,82291,14,,,1,30,,82293,14,,,1,70,,82292,14,,,1,20,,82283,1,,,1,20,,82294,14,,,1,55,,82295,14,,,1,53,,82296,14,,,1,100,,82297,14,,,1,103,,82284,1,,,1,98,,82285,1,,,1,100,,82286,1,,,1,146,,82298,14,,,1,103,,82287,1,,,1,451,,82288,1,,,1,100,,82289,1,,,1
501,'20261126',538,,82306,7,,,1,68,,82307,14,,,1,30,,82309,14,,,1,70,,82308,14,,,1,20,,82299,1,,,1,20,,82310,14,,,1,55,,82311,14,,,1,53,,82312,14,,,1,100,,82313,14,,,1,103,,82300,1,,,1,98,,82301,1,,,1,100,,82302,1,,,1,146,,82314,14,,,1,103,,82303,1,,,1,451,,82304,1,,,1,100,,82305,1,,,1
501,'20261127',538,,82322,7,,,1,68,,82323,14,,,1,30,,82325,14,,,1,70,,82324,14,,,1,20,,82315,1,,,1,20,,82326,14,,,1,55,,82327,14,,,1,53,,82328,14,,,1,100,,82329,14,,,1,103,,82316,1,,,1,98,,82317,1,,,1,100,,82318,1,,,1,146,,82330,14,,,1,103,,82319,1,,,1,451,,82320,1,,,1,100,,82321,1,,,1
