300,'20260821',704,,45321,15,0,7,1,30,,45306,15,0,7,1,70,,45322,15,0,7,1,30,,45307,15,0,7,1,70,,45323,15,0,7,1,30,,45308,15,0,7,1,71,,45338,15,0,35,1,29,,45309,15,0,7,1,71,,45325,15,0,23 26,1,29,,45310,15,0,7,1,71,,45326,15,0,23 26,1,29,,45311,15,0,7,1,71,,45339,15,0,35,1,29,,45312,15,0,7,1,71,,45327,15,0,23 26,1,29,,45313,15,0,7,1,71,,45328,15,0,23 26,1,29,,45314,15,0,7,1,71,,45340,15,0,35,1,30,,45315,15,0,7,1,70,,45333,15,0,27,1,30,,45334,15,0,27,1,69,,45324,15,0,7,1,31,,45316,15,0,7,1,70,,45329,15,0,23 26,1,29,,45317,15,0,7,1,71,,45330,15,0,23 26,1,29,,45318,15,0,7,1,71,,45331,15,0,23 26,1,29,,45319,15,0,7,1,71,,45341,15,0,35,1,29,,45320,15,0,7,1,71,,45342,15,0,35,1,100,,45332,15,0,23 26,1
300,'20260822',902,,45355,15,0,23 26,1,114,,45356,15,0,23 26,1,100,,45357,15,0,23 26,1,100,,45358,15,0,23 26,1,100,,45359,15,0,23 26,1,100,,45360,15,0,23 26,1,100,,45361,15,0,23 26,1,30,,45346,15,0,7,1,70,,45362,15,0,23 26,1,30,,45347,15,0,7,1,70,,45369,15,0,35,1,30,,45348,15,0,7,1,70,,45363,15,0,23 26,1,30,,45349,15,0,7,1,70,,45364,15,0,23 26,1,30,,45350,15,0,7,1,70,,45365,15,0,23 26,1,30,,45351,15,0,7,1,70,,45366,15,0,23 26,1,30,,45352,15,0,7,1,70,,45367,15,0,23 26,1,30,,45353,15,0,7,1,70,,45370,15,0,35,1,30,,45354,15,0,7,1,70,,45368,15,0,23 26,1
300,'20260823',902,,45380,15,0,23 26,1,114,,45381,15,0,23 26,1,100,,45382,15,0,23 26,1,100,,45383,15,0,23 26,1,100,,45384,15,0,23 26,1,100,,45385,15,0,23 26,1,100,,45386,15,0,23 26,1,30,,45371,15,0,7,1,70,,45387,15,0,23 26,1,30,,45372,15,0,7,1,70,,45394,15,0,35,1,30,,45373,15,0,7,1,70,,45388,15,0,23 26,1,30,,45374,15,0,7,1,70,,45389,15,0,23 26,1,30,,45375,15,0,7,1,70,,45390,15,0,23 26,1,30,,45376,15,0,7,1,70,,45391,15,0,23 26,1,30,,45377,15,0,7,1,70,,45392,15,0,23 26,1,30,,45378,15,0,7,1,70,,45395,15,0,35,1,30,,45379,15,0,7,1,70,,45393,15,0,23 26,1
300,'20260824',704,,64952,15,0,7,1,30,,64937,15,0,7,1,70,,64953,15,0,7,1,30,,64938,15,0,7,1,70,,64954,15,0,7,1,30,,64939,15,0,7,1,71,,64961,15,0,35,1,29,,64940,15,0,7,1,71,,45415,15,0,23 26,1,29,,64941,15,0,7,1,71,,45416,15,0,23 26,1,29,,64942,15,0,7,1,71,,64962,15,0,35,1,29,,64943,15,0,7,1,71,,45417,15,0,23 26,1,29,,64944,15,0,7,1,71,,45418,15,0,23 26,1,29,,64945,15,0,7,1,71,,64963,15,0,35,1,30,,64946,15,0,7,1,70,,64956,15,0,27,1,30,,64957,15,0,27,1,69,,64955,15,0,7,1,31,,64947,15,0,7,1,70,,45419,15,0,23 26,1,29,,64948,15,0,7,1,71,,45420,15,0,23 26,1,29,,64949,15,0,7,1,71,,45421,15,0,23 26,1,29,,64950,15,0,7,1,71,,64964,15,0,35,1,29,,64951,15,0,7,1,71,,45432,15,0,35,1,100,,45422,15,0,23 26,1
300,'20260825',704,,45451,15,0,7,1,30,,45436,15,0,7,1,70,,45452,15,0,7,1,30,,45437,15,0,7,1,70,,45453,15,0,7,1,30,,45438,15,0,7,1,71,,45468,15,0,35,1,29,,45439,15,0,7,1,71,,45455,15,0,23 26,1,29,,45440,15,0,7,1,71,,45456,15,0,23 26,1,29,,45441,15,0,7,1,71,,45469,15,0,35,1,29,,45442,15,0,7,1,71,,45457,15,0,23 26,1,29,,45443,15,0,7,1,71,,45458,15,0,23 26,1,29,,45444,15,0,7,1,71,,45470,15,0,35,1,30,,45445,15,0,7,1,70,,45463,15,0,27,1,30,,45464,15,0,27,1,69,,45454,15,0,7,1,31,,45446,15,0,7,1,70,,45459,15,0,23 26,1,29,,45447,15,0,7,1,71,,45460,15,0,23 26,1,29,,45448,15,0,7,1,71,,45461,15,0,23 26,1,29,,45449,15,0,7,1,71,,45471,15,0,35,1,29,,45450,15,0,7,1,71,,45472,15,0,35,1,100,,45462,15,0,23 26,1
300,'20260826',704,,45491,15,0,7,1,30,,45476,15,0,7,1,70,,45492,15,0,7,1,30,,45477,15,0,7,1,70,,45493,15,0,7,1,30,,45478,15,0,7,1,71,,45508,15,0,35,1,29,,45479,15,0,7,1,71,,45495,15,0,23 26,1,29,,45480,15,0,7,1,71,,45496,15,0,23 26,1,29,,45481,15,0,7,1,71,,45509,15,0,35,1,29,,45482,15,0,7,1,71,,45497,15,0,23 26,1,29,,45483,15,0,7,1,71,,45498,15,0,23 26,1,29,,45484,15,0,7,1,71,,45510,15,0,35,1,30,,45485,15,0,7,1,70,,45503,15,0,27,1,30,,45504,15,0,27,1,69,,45494,15,0,7,1,31,,45486,15,0,7,1,70,,45499,15,0,23 26,1,29,,45487,15,0,7,1,71,,45500,15,0,23 26,1,29,,45488,15,0,7,1,71,,45501,15,0,23 26,1,29,,45489,15,0,7,1,71,,45511,15,0,35,1,29,,45490,15,0,7,1,71,,45512,15,0,35,1,100,,45502,15,0,23 26,1
300,'20260827',704,,45531,15,0,7,1,30,,45516,15,0,7,1,70,,45532,15,0,7,1,30,,45517,15,0,7,1,70,,45533,15,0,7,1,30,,45518,15,0,7,1,71,,45548,15,0,35,1,29,,45519,15,0,7,1,71,,45535,15,0,23 26,1,29,,45520,15,0,7,1,71,,45536,15,0,23 26,1,29,,45521,15,0,7,1,71,,45549,15,0,35,1,29,,45522,15,0,7,1,71,,45537,15,0,23 26,1,29,,45523,15,0,7,1,71,,45538,15,0,23 26,1,29,,45524,15,0,7,1,71,,45550,15,0,35,1,30,,45525,15,0,7,1,70,,45543,15,0,27,1,30,,45544,15,0,27,1,69,,45534,15,0,7,1,31,,45526,15,0,7,1,70,,45539,15,0,23 26,1,29,,45527,15,0,7,1,71,,45540,15,0,23 26,1,29,,45528,15,0,7,1,71,,45541,15,0,23 26,1,29,,45529,15,0,7,1,71,,45551,15,0,35,1,29,,45530,15,0,7,1,71,,45552,15,0,35,1,100,,45542,15,0,23 26,1
300,'20260828',704,,45571,15,0,7,1,30,,45556,15,0,7,1,70,,45572,15,0,7,1,30,,45557,15,0,7,1,70,,45573,15,0,7,1,30,,45558,15,0,7,1,71,,45588,15,0,35,1,29,,45559,15,0,7,1,71,,45575,15,0,23 26,1,29,,45560,15,0,7,1,71,,45576,15,0,23 26,1,29,,45561,15,0,7,1,71,,45589,15,0,35,1,29,,45562,15,0,7,1,71,,45577,15,0,23 26,1,29,,45563,15,0,7,1,71,,45578,15,0,23 26,1,29,,45564,15,0,7,1,71,,45590,15,0,35,1,30,,45565,15,0,7,1,70,,45583,15,0,27,1,30,,45584,15,0,27,1,69,,45574,15,0,7,1,31,,45566,15,0,7,1,70,,45579,15,0,23 26,1,29,,45567,15,0,7,1,71,,45580,15,0,23 26,1,29,,45568,15,0,7,1,71,,45581,15,0,23 26,1,29,,45569,15,0,7,1,71,,45591,15,0,35,1,29,,45570,15,0,7,1,71,,45592,15,0,35,1,100,,45582,15,0,23 26,1
300,'20260829',902,,45605,15,0,23 26,1,114,,45606,15,0,23 26,1,100,,45607,15,0,23 26,1,100,,45608,15,0,23 26,1,100,,45609,15,0,23 26,1,100,,45610,15,0,23 26,1,100,,45611,15,0,23 26,1,30,,45596,15,0,7,1,70,,45612,15,0,23 26,1,30,,45597,15,0,7,1,70,,45619,15,0,35,1,30,,45598,15,0,7,1,70,,45613,15,0,23 26,1,30,,45599,15,0,7,1,70,,45614,15,0,23 26,1,30,,45600,15,0,7,1,70,,45615,15,0,23 26,1,30,,45601,15,0,7,1,70,,45616,15,0,23 26,1,30,,45602,15,0,7,1,70,,45617,15,0,23 26,1,30,,45603,15,0,7,1,70,,45620,15,0,35,1,30,,45604,15,0,7,1,70,,45618,15,0,23 26,1
300,'20260830',902,,45630,15,0,23 26,1,114,,45631,15,0,23 26,1,100,,45632,15,0,23 26,1,100,,45633,15,0,23 26,1,100,,45634,15,0,23 26,1,100,,45635,15,0,23 26,1,100,,45636,15,0,23 26,1,30,,45621,15,0,7,1,70,,45637,15,0,23 26,1,30,,45622,15,0,7,1,70,,45644,15,0,35,1,30,,45623,15,0,7,1,70,,45638,15,0,23 26,1,30,,45624,15,0,7,1,70,,45639,15,0,23 26,1,30,,45625,15,0,7,1,70,,45640,15,0,23 26,1,30,,45626,15,0,7,1,70,,45641,15,0,23 26,1,30,,45627,15,0,7,1,70,,45642,15,0,23 26,1,30,,45628,15,0,7,1,70,,45645,15,0,35,1,30,,45629,15,0,7,1,70,,45643,15,0,23 26,1
300,'20260831',704,,64983,15,0,7,1,30,,64968,15,0,7,1,70,,64984,15,0,7,1,30,,64969,15,0,7,1,70,,64985,15,0,7,1,30,,64970,15,0,7,1,71,,64992,15,0,35,1,29,,64971,15,0,7,1,71,,45665,15,0,23 26,1,29,,64972,15,0,7,1,71,,45666,15,0,23 26,1,29,,64973,15,0,7,1,71,,64993,15,0,35,1,29,,64974,15,0,7,1,71,,45667,15,0,23 26,1,29,,64975,15,0,7,1,71,,45668,15,0,23 26,1,29,,64976,15,0,7,1,71,,64994,15,0,35,1,30,,64977,15,0,7,1,70,,64987,15,0,27,1,30,,64988,15,0,27,1,69,,64986,15,0,7,1,31,,64978,15,0,7,1,70,,45669,15,0,23 26,1,29,,64979,15,0,7,1,71,,45670,15,0,23 26,1,29,,64980,15,0,7,1,71,,45671,15,0,23 26,1,29,,64981,15,0,7,1,71,,64995,15,0,35,1,29,,64982,15,0,7,1,71,,45682,15,0,35,1,100,,45672,15,0,23 26,1
300,'20260901',704,,45701,15,0,7,1,30,,45686,15,0,7,1,70,,45702,15,0,7,1,30,,45687,15,0,7,1,70,,45703,15,0,7,1,30,,45688,15,0,7,1,71,,45718,15,0,35,1,29,,45689,15,0,7,1,71,,45705,15,0,23 26,1,29,,45690,15,0,7,1,71,,45706,15,0,23 26,1,29,,45691,15,0,7,1,71,,45719,15,0,35,1,29,,45692,15,0,7,1,71,,45707,15,0,23 26,1,29,,45693,15,0,7,1,71,,45708,15,0,23 26,1,29,,45694,15,0,7,1,71,,45720,15,0,35,1,30,,45695,15,0,7,1,70,,45713,15,0,27,1,30,,45714,15,0,27,1,69,,45704,15,0,7,1,31,,45696,15,0,7,1,70,,45709,15,0,23 26,1,29,,45697,15,0,7,1,71,,45710,15,0,23 26,1,29,,45698,15,0,7,1,71,,45711,15,0,23 26,1,29,,45699,15,0,7,1,71,,45721,15,0,35,1,29,,45700,15,0,7,1,71,,45722,15,0,35,1,100,,45712,15,0,23 26,1
300,'20260902',704,,45741,15,0,7,1,30,,45726,15,0,7,1,70,,45742,15,0,7,1,30,,45727,15,0,7,1,70,,45743,15,0,7,1,30,,45728,15,0,7,1,71,,45758,15,0,35,1,29,,45729,15,0,7,1,71,,45745,15,0,23 26,1,29,,45730,15,0,7,1,71,,45746,15,0,23 26,1,29,,45731,15,0,7,1,71,,45759,15,0,35,1,29,,45732,15,0,7,1,71,,45747,15,0,23 26,1,29,,45733,15,0,7,1,71,,45748,15,0,23 26,1,29,,45734,15,0,7,1,71,,45760,15,0,35,1,30,,45735,15,0,7,1,70,,45753,15,0,27,1,30,,45754,15,0,27,1,69,,45744,15,0,7,1,31,,45736,15,0,7,1,70,,45749,15,0,23 26,1,29,,45737,15,0,7,1,71,,45750,15,0,23 26,1,29,,45738,15,0,7,1,71,,45751,15,0,23 26,1,29,,45739,15,0,7,1,71,,45761,15,0,35,1,29,,45740,15,0,7,1,71,,45762,15,0,35,1,100,,45752,15,0,23 26,1
300,'20260903',704,,45781,15,0,7,1,30,,45766,15,0,7,1,70,,45782,15,0,7,1,30,,45767,15,0,7,1,70,,45783,15,0,7,1,30,,45768,15,0,7,1,71,,45798,15,0,35,1,29,,45769,15,0,7,1,71,,45785,15,0,23 26,1,29,,45770,15,0,7,1,71,,45786,15,0,23 26,1,29,,45771,15,0,7,1,71,,45799,15,0,35,1,29,,45772,15,0,7,1,71,,45787,15,0,23 26,1,29,,45773,15,0,7,1,71,,45788,15,0,23 26,1,29,,45774,15,0,7,1,71,,45800,15,0,35,1,30,,45775,15,0,7,1,70,,45793,15,0,27,1,30,,45794,15,0,27,1,69,,45784,15,0,7,1,31,,45776,15,0,7,1,70,,45789,15,0,23 26,1,29,,45777,15,0,7,1,71,,45790,15,0,23 26,1,29,,45778,15,0,7,1,71,,45791,15,0,23 26,1,29,,45779,15,0,7,1,71,,45801,15,0,35,1,29,,45780,15,0,7,1,71,,45802,15,0,35,1,100,,45792,15,0,23 26,1
300,'20260904',704,,45821,15,0,7,1,30,,45806,15,0,7,1,70,,45822,15,0,7,1,30,,45807,15,0,7,1,70,,45823,15,0,7,1,30,,45808,15,0,7,1,71,,45838,15,0,35,1,29,,45809,15,0,7,1,71,,45825,15,0,23 26,1,29,,45810,15,0,7,1,71,,45826,15,0,23 26,1,29,,45811,15,0,7,1,71,,45839,15,0,35,1,29,,45812,15,0,7,1,71,,45827,15,0,23 26,1,29,,45813,15,0,7,1,71,,45828,15,0,23 26,1,29,,45814,15,0,7,1,71,,45840,15,0,35,1,30,,45815,15,0,7,1,70,,45833,15,0,27,1,30,,45834,15,0,27,1,69,,45824,15,0,7,1,31,,45816,15,0,7,1,70,,45829,15,0,23 26,1,29,,45817,15,0,7,1,71,,45830,15,0,23 26,1,29,,45818,15,0,7,1,71,,45831,15,0,23 26,1,29,,45819,15,0,7,1,71,,45841,15,0,35,1,29,,45820,15,0,7,1,71,,45842,15,0,35,1,100,,45832,15,0,23 26,1
301,'20260821',604,,48318,15,,,1,30,,48320,28,,,1,70,,48307,4,,,1,30,,48291,4,,,1,70,,48308,4,,,1,30,,48292,4,,,1,70,,48309,4,,,1,30,,48293,4,,,1,70,,48310,4,,,1,30,,48294,4,,,1,72,,48312,10,,,1,28,,48295,4,,,1,72,,48313,10,,,1,28,,48296,4,,,1,72,,48324,28,,,1,28,,48297,4,,,1,72,,48314,10,,,1,28,,48298,4,,,1,72,,48315,10,,,1,28,,48299,4,,,1,72,,48325,28,,,1,30,,48300,4,,,1,100,,48301,4,,,1,100,,48302,4,,,1,70,,48311,4,,,1,100,,48316,10,,,1,28,,48303,4,,,1,72,,48317,10,,,1,28,,48304,4,,,1,72,,48326,28,,,1,28,,48305,4,,,1,100,,48306,4,,,1
301,'20260822',806,,48340,10,,,1,100,,48354,28,,,1,100,,48341,10,,,1,100,,48342,10,,,1,100,,48343,10,,,1,100,,48344,10,,,1,100,,48345,10,,,1,30,,48331,4,,,1,70,,48346,10,,,1,30,,48332,4,,,1,70,,48347,10,,,1,30,,48333,4,,,1,70,,48355,28,,,1,30,,48334,4,,,1,70,,48348,10,,,1,30,,48335,4,,,1,70,,48349,10,,,1,30,,48336,4,,,1,70,,48350,10,,,1,30,,48337,4,,,1,70,,48351,10,,,1,30,,48338,4,,,1,70,,48352,10,,,1,30,,48339,4,,,1,70,,48353,10,,,1
301,'20260823',806,,48365,10,,,1,100,,48379,28,,,1,100,,48366,10,,,1,100,,48367,10,,,1,100,,48368,10,,,1,100,,48369,10,,,1,100,,48370,10,,,1,30,,48356,4,,,1,70,,48371,10,,,1,30,,48357,4,,,1,70,,48372,10,,,1,30,,48358,4,,,1,70,,48380,28,,,1,30,,48359,4,,,1,70,,48373,10,,,1,30,,48360,4,,,1,70,,48374,10,,,1,30,,48361,4,,,1,70,,48375,10,,,1,30,,48362,4,,,1,70,,48376,10,,,1,30,,48363,4,,,1,70,,48377,10,,,1,30,,48364,4,,,1,70,,48378,10,,,1
301,'20260824',604,,65082,15,,,1,30,,65084,28,,,1,70,,65071,4,,,1,30,,65063,4,,,1,70,,65072,4,,,1,30,,65064,4,,,1,70,,65073,4,,,1,30,,65065,4,,,1,70,,65074,4,,,1,30,,65066,4,,,1,72,,65076,10,,,1,28,,65067,4,,,1,72,,65077,10,,,1,28,,65068,4,,,1,72,,65088,28,,,1,28,,65069,4,,,1,72,,65078,10,,,1,28,,48388,4,,,1,72,,65079,10,,,1,28,,48389,4,,,1,72,,65089,28,,,1,30,,48390,4,,,1,100,,48391,4,,,1,100,,48392,4,,,1,70,,65075,4,,,1,100,,65080,10,,,1,28,,48393,4,,,1,72,,65081,10,,,1,28,,48394,4,,,1,72,,65090,28,,,1,28,,48395,4,,,1,100,,65070,4,,,1
301,'20260825',604,,48448,15,,,1,30,,48450,28,,,1,70,,48437,4,,,1,30,,48421,4,,,1,70,,48438,4,,,1,30,,48422,4,,,1,70,,48439,4,,,1,30,,48423,4,,,1,70,,48440,4,,,1,30,,48424,4,,,1,72,,48442,10,,,1,28,,48425,4,,,1,72,,48443,10,,,1,28,,48426,4,,,1,72,,48454,28,,,1,28,,48427,4,,,1,72,,48444,10,,,1,28,,48428,4,,,1,72,,48445,10,,,1,28,,48429,4,,,1,72,,48455,28,,,1,30,,48430,4,,,1,100,,48431,4,,,1,100,,48432,4,,,1,70,,48441,4,,,1,100,,48446,10,,,1,28,,48433,4,,,1,72,,48447,10,,,1,28,,48434,4,,,1,72,,48456,28,,,1,28,,48435,4,,,1,100,,48436,4,,,1
301,'20260826',604,,48488,15,,,1,30,,48490,28,,,1,70,,48477,4,,,1,30,,48461,4,,,1,70,,48478,4,,,1,30,,48462,4,,,1,70,,48479,4,,,1,30,,48463,4,,,1,70,,48480,4,,,1,30,,48464,4,,,1,72,,48482,10,,,1,28,,48465,4,,,1,72,,48483,10,,,1,28,,48466,4,,,1,72,,48494,28,,,1,28,,48467,4,,,1,72,,48484,10,,,1,28,,48468,4,,,1,72,,48485,10,,,1,28,,48469,4,,,1,72,,48495,28,,,1,30,,48470,4,,,1,100,,48471,4,,,1,100,,48472,4,,,1,70,,48481,4,,,1,100,,48486,10,,,1,28,,48473,4,,,1,72,,48487,10,,,1,28,,48474,4,,,1,72,,48496,28,,,1,28,,48475,4,,,1,100,,48476,4,,,1
301,'20260827',604,,48528,15,,,1,30,,48530,28,,,1,70,,48517,4,,,1,30,,48501,4,,,1,70,,48518,4,,,1,30,,48502,4,,,1,70,,48519,4,,,1,30,,48503,4,,,1,70,,48520,4,,,1,30,,48504,4,,,1,72,,48522,10,,,1,28,,48505,4,,,1,72,,48523,10,,,1,28,,48506,4,,,1,72,,48534,28,,,1,28,,48507,4,,,1,72,,48524,10,,,1,28,,48508,4,,,1,72,,48525,10,,,1,28,,48509,4,,,1,72,,48535,28,,,1,30,,48510,4,,,1,100,,48511,4,,,1,100,,48512,4,,,1,70,,48521,4,,,1,100,,48526,10,,,1,28,,48513,4,,,1,72,,48527,10,,,1,28,,48514,4,,,1,72,,48536,28,,,1,28,,48515,4,,,1,100,,48516,4,,,1
301,'20260828',604,,48568,15,,,1,30,,48570,28,,,1,70,,48557,4,,,1,30,,48541,4,,,1,70,,48558,4,,,1,30,,48542,4,,,1,70,,48559,4,,,1,30,,48543,4,,,1,70,,48560,4,,,1,30,,48544,4,,,1,72,,48562,10,,,1,28,,48545,4,,,1,72,,48563,10,,,1,28,,48546,4,,,1,72,,48574,28,,,1,28,,48547,4,,,1,72,,48564,10,,,1,28,,48548,4,,,1,72,,48565,10,,,1,28,,48549,4,,,1,72,,48575,28,,,1,30,,48550,4,,,1,100,,48551,4,,,1,100,,48552,4,,,1,70,,48561,4,,,1,100,,48566,10,,,1,28,,48553,4,,,1,72,,48567,10,,,1,28,,48554,4,,,1,72,,48576,28,,,1,28,,48555,4,,,1,100,,48556,4,,,1
301,'20260829',806,,48590,10,,,1,100,,48604,28,,,1,100,,48591,10,,,1,100,,48592,10,,,1,100,,48593,10,,,1,100,,48594,10,,,1,100,,48595,10,,,1,30,,48581,4,,,1,70,,48596,10,,,1,30,,48582,4,,,1,70,,48597,10,,,1,30,,48583,4,,,1,70,,48605,28,,,1,30,,48584,4,,,1,70,,48598,10,,,1,30,,48585,4,,,1,70,,48599,10,,,1,30,,48586,4,,,1,70,,48600,10,,,1,30,,48587,4,,,1,70,,48601,10,,,1,30,,48588,4,,,1,70,,48602,10,,,1,30,,48589,4,,,1,70,,48603,10,,,1
301,'20260830',806,,48615,10,,,1,100,,48629,28,,,1,100,,48616,10,,,1,100,,48617,10,,,1,100,,48618,10,,,1,100,,48619,10,,,1,100,,48620,10,,,1,30,,48606,4,,,1,70,,48621,10,,,1,30,,48607,4,,,1,70,,48622,10,,,1,30,,48608,4,,,1,70,,48630,28,,,1,30,,48609,4,,,1,70,,48623,10,,,1,30,,48610,4,,,1,70,,48624,10,,,1,30,,48611,4,,,1,70,,48625,10,,,1,30,,48612,4,,,1,70,,48626,10,,,1,30,,48613,4,,,1,70,,48627,10,,,1,30,,48614,4,,,1,70,,48628,10,,,1
301,'20260831',604,,65114,15,,,1,30,,65116,28,,,1,70,,65103,4,,,1,30,,65095,4,,,1,70,,65104,4,,,1,30,,65096,4,,,1,70,,65105,4,,,1,30,,65097,4,,,1,70,,65106,4,,,1,30,,65098,4,,,1,72,,65108,10,,,1,28,,65099,4,,,1,72,,65109,10,,,1,28,,65100,4,,,1,72,,65120,28,,,1,28,,65101,4,,,1,72,,65110,10,,,1,28,,48638,4,,,1,72,,65111,10,,,1,28,,48639,4,,,1,72,,65121,28,,,1,30,,48640,4,,,1,100,,48641,4,,,1,100,,48642,4,,,1,70,,65107,4,,,1,100,,65112,10,,,1,28,,48643,4,,,1,72,,65113,10,,,1,28,,48644,4,,,1,72,,65122,28,,,1,28,,48645,4,,,1,100,,65102,4,,,1
301,'20260901',604,,48698,15,,,1,30,,48700,28,,,1,70,,48687,4,,,1,30,,48671,4,,,1,70,,48688,4,,,1,30,,48672,4,,,1,70,,48689,4,,,1,30,,48673,4,,,1,70,,48690,4,,,1,30,,48674,4,,,1,72,,48692,10,,,1,28,,48675,4,,,1,72,,48693,10,,,1,28,,48676,4,,,1,72,,48704,28,,,1,28,,48677,4,,,1,72,,48694,10,,,1,28,,48678,4,,,1,72,,48695,10,,,1,28,,48679,4,,,1,72,,48705,28,,,1,30,,48680,4,,,1,100,,48681,4,,,1,100,,48682,4,,,1,70,,48691,4,,,1,100,,48696,10,,,1,28,,48683,4,,,1,72,,48697,10,,,1,28,,48684,4,,,1,72,,48706,28,,,1,28,,48685,4,,,1,100,,48686,4,,,1
301,'20260902',604,,48738,15,,,1,30,,48740,28,,,1,70,,48727,4,,,1,30,,48711,4,,,1,70,,48728,4,,,1,30,,48712,4,,,1,70,,48729,4,,,1,30,,48713,4,,,1,70,,48730,4,,,1,30,,48714,4,,,1,72,,48732,10,,,1,28,,48715,4,,,1,72,,48733,10,,,1,28,,48716,4,,,1,72,,48744,28,,,1,28,,48717,4,,,1,72,,48734,10,,,1,28,,48718,4,,,1,72,,48735,10,,,1,28,,48719,4,,,1,72,,48745,28,,,1,30,,48720,4,,,1,100,,48721,4,,,1,100,,48722,4,,,1,70,,48731,4,,,1,100,,48736,10,,,1,28,,48723,4,,,1,72,,48737,10,,,1,28,,48724,4,,,1,72,,48746,28,,,1,28,,48725,4,,,1,100,,48726,4,,,1
301,'20260903',604,,48778,15,,,1,30,,48780,28,,,1,70,,48767,4,,,1,30,,48751,4,,,1,70,,48768,4,,,1,30,,48752,4,,,1,70,,48769,4,,,1,30,,48753,4,,,1,70,,48770,4,,,1,30,,48754,4,,,1,72,,48772,10,,,1,28,,48755,4,,,1,72,,48773,10,,,1,28,,48756,4,,,1,72,,48784,28,,,1,28,,48757,4,,,1,72,,48774,10,,,1,28,,48758,4,,,1,72,,48775,10,,,1,28,,48759,4,,,1,72,,48785,28,,,1,30,,48760,4,,,1,100,,48761,4,,,1,100,,48762,4,,,1,70,,48771,4,,,1,100,,48776,10,,,1,28,,48763,4,,,1,72,,48777,10,,,1,28,,48764,4,,,1,72,,48786,28,,,1,28,,48765,4,,,1,100,,48766,4,,,1
301,'20260904',604,,48818,15,,,1,30,,48820,28,,,1,70,,48807,4,,,1,30,,48791,4,,,1,70,,48808,4,,,1,30,,48792,4,,,1,70,,48809,4,,,1,30,,48793,4,,,1,70,,48810,4,,,1,30,,48794,4,,,1,72,,48812,10,,,1,28,,48795,4,,,1,72,,48813,10,,,1,28,,48796,4,,,1,72,,48824,28,,,1,28,,48797,4,,,1,72,,48814,10,,,1,28,,48798,4,,,1,72,,48815,10,,,1,28,,48799,4,,,1,72,,48825,28,,,1,30,,48800,4,,,1,100,,48801,4,,,1,100,,48802,4,,,1,70,,48811,4,,,1,100,,48816,10,,,1,28,,48803,4,,,1,72,,48817,10,,,1,28,,48804,4,,,1,72,,48826,28,,,1,28,,48805,4,,,1,100,,48806,4,,,1
