200,'20260814',1609,,42110,21,,,1,30,,42111,21,,,1,15,,42112,21,,,1,55,,42113,21,,,1,15,,42114,21,,,1,15,,42115,21,,,1,15,,42116,21,,,1,70,,42117,21,,,1,30,,42118,21,,,1,85,,42119,21,,,1
200,'20260817',1609,,64805,21,,,1,30,,64806,21,,,1,15,,64807,21,,,1,55,,64808,21,,,1,15,,64809,21,,,1,15,,64810,21,,,1,15,,64811,21,,,1,70,,64812,21,,,1,30,,64813,21,,,1,90,,64814,21,,,1
200,'20260818',1609,,42130,21,,,1,30,,42131,21,,,1,15,,42132,21,,,1,55,,42133,21,,,1,15,,42134,21,,,1,15,,42135,21,,,1,15,,42136,21,,,1,70,,42137,21,,,1,30,,42138,21,,,1,85,,42139,21,,,1
200,'20260819',1609,,42140,21,,,1,30,,42141,21,,,1,15,,42142,21,,,1,55,,42143,21,,,1,15,,42144,21,,,1,15,,42145,21,,,1,15,,42146,21,,,1,70,,42147,21,,,1,30,,42148,21,,,1,85,,42149,21,,,1
200,'20260820',1609,,42150,21,,,1,30,,42151,21,,,1,15,,42152,21,,,1,55,,42153,21,,,1,15,,42154,21,,,1,15,,42155,21,,,1,15,,42156,21,,,1,70,,42157,21,,,1,30,,42158,21,,,1,85,,42159,21,,,1
200,'20260821',1609,,42160,21,,,1,30,,42161,21,,,1,15,,42162,21,,,1,55,,42163,21,,,1,15,,42164,21,,,1,15,,42165,21,,,1,15,,42166,21,,,1,70,,42167,21,,,1,30,,42168,21,,,1,85,,42169,21,,,1
200,'20260824',1609,,64815,21,,,1,30,,64816,21,,,1,15,,64817,21,,,1,55,,64818,21,,,1,15,,64819,21,,,1,15,,64820,21,,,1,15,,64821,21,,,1,70,,64822,21,,,1,30,,64823,21,,,1,85,,64824,21,,,1
200,'20260825',1609,,42180,21,,,1,30,,42181,21,,,1,15,,42182,21,,,1,55,,42183,21,,,1,15,,42184,21,,,1,15,,42185,21,,,1,15,,42186,21,,,1,70,,42187,21,,,1,30,,42188,21,,,1,85,,42189,21,,,1
200,'20260826',1609,,42190,21,,,1,30,,42191,21,,,1,15,,42192,21,,,1,55,,42193,21,,,1,15,,42194,21,,,1,15,,42195,21,,,1,15,,42196,21,,,1,70,,42197,21,,,1,30,,42198,21,,,1,85,,42199,21,,,1
200,'20260827',1609,,42200,21,,,1,30,,42201,21,,,1,15,,42202,21,,,1,55,,42203,21,,,1,15,,42204,21,,,1,15,,42205,21,,,1,15,,42206,21,,,1,70,,42207,21,,,1,30,,42208,21,,,1,85,,42209,21,,,1
200,'20260828',1609,,42210,21,,,1,30,,42211,21,,,1,15,,42212,21,,,1,55,,42213,21,,,1,15,,42214,21,,,1,15,,42215,21,,,1,15,,42216,21,,,1,70,,42217,21,,,1,30,,42218,21,,,1,85,,42219,21,,,1
200,'20260831',1609,,64825,21,,,1,30,,64826,21,,,1,15,,64827,21,,,1,55,,64828,21,,,1,15,,64829,21,,,1,15,,64830,21,,,1,15,,64831,21,,,1,70,,64832,21,,,1,30,,64833,21,,,1,85,,64834,21,,,1
200,'20260901',1609,,42230,21,,,1,30,,42231,21,,,1,15,,42232,21,,,1,55,,42233,21,,,1,15,,42234,21,,,1,15,,42235,21,,,1,15,,42236,21,,,1,70,,42237,21,,,1,30,,42238,21,,,1,85,,42239,21,,,1
200,'20260902',1609,,42240,21,,,1,30,,42241,21,,,1,15,,42242,21,,,1,55,,42243,21,,,1,15,,42244,21,,,1,15,,42245,21,,,1,15,,42246,21,,,1,70,,42247,21,,,1,30,,42248,21,,,1,85,,42249,21,,,1
200,'20260903',1609,,42250,21,,,1,30,,42251,21,,,1,15,,42252,21,,,1,55,,42253,21,,,1,15,,42254,21,,,1,15,,42255,21,,,1,15,,42256,21,,,1,70,,42257,21,,,1,30,,42258,21,,,1,85,,42259,21,,,1
200,'20260904',1609,,42260,21,,,1,30,,42261,21,,,1,15,,42262,21,,,1,55,,42263,21,,,1,15,,42264,21,,,1,15,,42265,21,,,1,15,,42266,21,,,1,70,,42267,21,,,1,30,,42268,21,,,1,85,,42269,21,,,1
201,'20260814',631,,42700,15,,,1,70,,42701,15,,,1,15,,42702,15,,,1,15,,42703,15,,,1,15,,42704,15,,,1,55,,42705,15,,,1,15,,42706,15,,,1,15,,42707,15,,,1,15,,42708,15,,,1,55,,42709,15,,,1
201,'20260817',631,,64845,15,,,1,70,,64846,15,,,1,15,,64847,15,,,1,15,,64848,15,,,1,15,,64849,15,,,1,55,,64850,15,,,1,15,,64851,15,,,1,15,,64852,15,,,1,15,,64853,15,,,1,55,,64854,15,,,1
201,'20260818',631,,42720,15,,,1,70,,42721,15,,,1,15,,42722,15,,,1,15,,42723,15,,,1,15,,42724,15,,,1,55,,42725,15,,,1,15,,42726,15,,,1,15,,42727,15,,,1,15,,42728,15,,,1,55,,42729,15,,,1
201,'20260819',631,,42730,15,,,1,70,,42731,15,,,1,15,,42732,15,,,1,15,,42733,15,,,1,15,,42734,15,,,1,55,,42735,15,,,1,15,,42736,15,,,1,15,,42737,15,,,1,15,,42738,15,,,1,55,,42739,15,,,1
201,'20260820',631,,42740,15,,,1,70,,42741,15,,,1,15,,42742,15,,,1,15,,42743,15,,,1,15,,42744,15,,,1,55,,42745,15,,,1,15,,42746,15,,,1,15,,42747,15,,,1,15,,42748,15,,,1,55,,42749,15,,,1
201,'20260821',631,,42750,15,,,1,70,,42751,15,,,1,15,,42752,15,,,1,15,,42753,15,,,1,15,,42754,15,,,1,55,,42755,15,,,1,15,,42756,15,,,1,15,,42757,15,,,1,15,,42758,15,,,1,55,,42759,15,,,1
201,'20260824',631,,64855,15,,,1,70,,64856,15,,,1,15,,64857,15,,,1,15,,64858,15,,,1,15,,64859,15,,,1,55,,64860,15,,,1,15,,64861,15,,,1,15,,64862,15,,,1,15,,64863,15,,,1,55,,64864,15,,,1
201,'20260825',631,,42770,15,,,1,70,,42771,15,,,1,15,,42772,15,,,1,15,,42773,15,,,1,15,,42774,15,,,1,55,,42775,15,,,1,15,,42776,15,,,1,15,,42777,15,,,1,15,,42778,15,,,1,55,,42779,15,,,1
201,'20260826',631,,42780,15,,,1,70,,42781,15,,,1,15,,42782,15,,,1,15,,42783,15,,,1,15,,42784,15,,,1,55,,42785,15,,,1,15,,42786,15,,,1,15,,42787,15,,,1,15,,42788,15,,,1,55,,42789,15,,,1
201,'20260827',631,,42790,15,,,1,70,,42791,15,,,1,15,,42792,15,,,1,15,,42793,15,,,1,15,,42794,15,,,1,55,,42795,15,,,1,15,,42796,15,,,1,15,,42797,15,,,1,15,,42798,15,,,1,55,,42799,15,,,1
201,'20260828',631,,42800,15,,,1,70,,42801,15,,,1,15,,42802,15,,,1,15,,42803,15,,,1,15,,42804,15,,,1,55,,42805,15,,,1,15,,42806,15,,,1,15,,42807,15,,,1,15,,42808,15,,,1,55,,42809,15,,,1
201,'20260831',631,,64865,15,,,1,70,,64866,15,,,1,15,,64867,15,,,1,15,,64868,15,,,1,15,,64869,15,,,1,55,,64870,15,,,1,15,,64871,15,,,1,15,,64872,15,,,1,15,,64873,15,,,1,55,,64874,15,,,1
201,'20260901',631,,42820,15,,,1,70,,42821,15,,,1,15,,42822,15,,,1,15,,42823,15,,,1,15,,42824,15,,,1,55,,42825,15,,,1,15,,42826,15,,,1,15,,42827,15,,,1,15,,42828,15,,,1,55,,42829,15,,,1
201,'20260902',631,,42830,15,,,1,70,,42831,15,,,1,15,,42832,15,,,1,15,,42833,15,,,1,15,,42834,15,,,1,55,,42835,15,,,1,15,,42836,15,,,1,15,,42837,15,,,1,15,,42838,15,,,1,55,,42839,15,,,1
201,'20260903',631,,42840,15,,,1,70,,42841,15,,,1,15,,42842,15,,,1,15,,42843,15,,,1,15,,42844,15,,,1,55,,42845,15,,,1,15,,42846,15,,,1,15,,42847,15,,,1,15,,42848,15,,,1,55,,42849,15,,,1
201,'20260904',631,,42850,15,,,1,70,,42851,15,,,1,15,,42852,15,,,1,15,,42853,15,,,1,15,,42854,15,,,1,55,,42855,15,,,1,15,,42856,15,,,1,15,,42857,15,,,1,15,,42858,15,,,1,55,,42859,15,,,1
