700,'20260819',956,,53425,25,4,,1,100,,53426,25,4,,1,100,,53427,25,4,,1,100,,53428,25,4,,1,100,,53429,25,4,,1,100,,53430,25,4,,1,99,,53436,25,,,1,100,,53437,25,,,1,70,,53441,25,,,1,30,,53438,25,,,1,72,,53442,25,,,1,84,,53431,25,4,,1,45,,53432,25,4,,1,100,,53433,25,4,,1,100,,53434,25,4,,1,100,,53435,25,4,,1,98,,53439,25,,,1,100,,53440,25,,,1
700,'20260820',956,,53445,25,4,,1,100,,53446,25,4,,1,100,,53447,25,4,,1,100,,53448,25,4,,1,100,,53449,25,4,,1,100,,53450,25,4,,1,99,,53456,25,,,1,100,,53457,25,,,1,70,,53461,25,,,1,30,,53458,25,,,1,72,,53462,25,,,1,84,,53451,25,4,,1,45,,53452,25,4,,1,100,,53453,25,4,,1,100,,53454,25,4,,1,100,,53455,25,4,,1,98,,53459,25,,,1,100,,53460,25,,,1
700,'20260821',956,,53465,25,4,,1,100,,53466,25,4,,1,100,,53467,25,4,,1,100,,53468,25,4,,1,100,,53469,25,4,,1,100,,53470,25,4,,1,99,,53476,25,,,1,100,,53477,25,,,1,70,,53481,25,,,1,30,,53478,25,,,1,72,,53482,25,,,1,84,,53471,25,4,,1,45,,53472,25,4,,1,100,,53473,25,4,,1,100,,53474,25,4,,1,100,,53475,25,4,,1,98,,53479,25,,,1,100,,53480,25,,,1
700,'20260822',955,,53483,25,4,,1,100,,53484,25,4,,1,100,,53485,25,4,,1,100,,53486,25,4,,1,100,,53487,25,4,,1,100,,53488,25,4,,1,100,,53489,25,4,,1,100,,53490,25,4,,1,100,,53491,25,4,,1,100,,53492,25,4,,1,100,,53493,25,4,,1,100,,53494,25,4,,1,99,,53495,25,,,1,100,,53496,25,,,1,103,,53497,25,,,1
700,'20260823',955,,53498,25,4,,1,100,,53499,25,4,,1,100,,53500,25,4,,1,100,,53501,25,4,,1,100,,53502,25,4,,1,100,,53503,25,4,,1,100,,53504,25,4,,1,100,,53505,25,4,,1,100,,53506,25,4,,1,100,,53507,25,4,,1,100,,53508,25,4,,1,100,,53509,25,4,,1,99,,53510,25,,,1,100,,53511,25,,,1,103,,53512,25,,,1
700,'20260824',956,,53515,25,4,,1,100,,53516,25,4,,1,100,,53517,25,4,,1,100,,53518,25,4,,1,100,,53519,25,4,,1,100,,53520,25,4,,1,99,,65275,25,,,1,100,,65276,25,,,1,70,,65279,25,,,1,30,,65277,25,,,1,72,,65280,25,,,1,84,,53521,25,4,,1,45,,53522,25,4,,1,100,,53523,25,4,,1,100,,65273,25,4,,1,100,,65274,25,4,,1,98,,53529,25,,,1,100,,65278,25,,,1
700,'20260825',956,,53535,25,4,,1,100,,53536,25,4,,1,100,,53537,25,4,,1,100,,53538,25,4,,1,100,,53539,25,4,,1,100,,53540,25,4,,1,99,,53546,25,,,1,100,,53547,25,,,1,70,,53551,25,,,1,30,,53548,25,,,1,72,,53552,25,,,1,84,,53541,25,4,,1,45,,53542,25,4,,1,100,,53543,25,4,,1,100,,53544,25,4,,1,100,,53545,25,4,,1,98,,53549,25,,,1,100,,53550,25,,,1
700,'20260826',956,,53555,25,4,,1,100,,53556,25,4,,1,100,,53557,25,4,,1,100,,53558,25,4,,1,100,,53559,25,4,,1,100,,53560,25,4,,1,99,,53566,25,,,1,100,,53567,25,,,1,70,,53571,25,,,1,30,,53568,25,,,1,72,,53572,25,,,1,84,,53561,25,4,,1,45,,53562,25,4,,1,100,,53563,25,4,,1,100,,53564,25,4,,1,100,,53565,25,4,,1,98,,53569,25,,,1,100,,53570,25,,,1
700,'20260827',956,,53575,25,4,,1,100,,53576,25,4,,1,100,,53577,25,4,,1,100,,53578,25,4,,1,100,,53579,25,4,,1,100,,53580,25,4,,1,99,,53586,25,,,1,100,,53587,25,,,1,70,,53591,25,,,1,30,,53588,25,,,1,72,,53592,25,,,1,84,,53581,25,4,,1,45,,53582,25,4,,1,100,,53583,25,4,,1,100,,53584,25,4,,1,100,,53585,25,4,,1,98,,53589,25,,,1,100,,53590,25,,,1
700,'20260828',956,,53595,25,4,,1,100,,53596,25,4,,1,100,,53597,25,4,,1,100,,53598,25,4,,1,100,,53599,25,4,,1,100,,53600,25,4,,1,99,,53606,25,,,1,100,,53607,25,,,1,70,,53611,25,,,1,30,,53608,25,,,1,72,,53612,25,,,1,84,,53601,25,4,,1,45,,53602,25,4,,1,100,,53603,25,4,,1,100,,53604,25,4,,1,100,,53605,25,4,,1,98,,53609,25,,,1,100,,53610,25,,,1
700,'20260829',955,,53613,25,4,,1,100,,53614,25,4,,1,100,,53615,25,4,,1,100,,53616,25,4,,1,100,,53617,25,4,,1,100,,53618,25,4,,1,100,,53619,25,4,,1,100,,53620,25,4,,1,100,,53621,25,4,,1,100,,53622,25,4,,1,100,,53623,25,4,,1,100,,53624,25,4,,1,99,,53625,25,,,1,100,,53626,25,,,1,100,,53627,25,,,1
700,'20260830',955,,53628,25,4,,1,100,,53629,25,4,,1,100,,53630,25,4,,1,100,,53631,25,4,,1,100,,53632,25,4,,1,100,,53633,25,4,,1,100,,53634,25,4,,1,100,,53635,25,4,,1,100,,53636,25,4,,1,100,,53637,25,4,,1,100,,53638,25,4,,1,100,,53639,25,4,,1,99,,53640,25,,,1,100,,53641,25,,,1,100,,53642,25,,,1
700,'20260831',956,,53645,25,4,,1,100,,53646,25,4,,1,100,,53647,25,4,,1,100,,53648,25,4,,1,100,,53649,25,4,,1,100,,53650,25,4,,1,99,,65285,25,,,1,100,,65286,25,,,1,70,,65289,25,,,1,30,,65287,25,,,1,72,,65290,25,,,1,84,,53651,25,4,,1,45,,53652,25,4,,1,100,,53653,25,4,,1,100,,65283,25,4,,1,100,,65284,25,4,,1,98,,53659,25,,,1,100,,65288,25,,,1
700,'20260901',956,,53665,25,4,,1,100,,53666,25,4,,1,100,,53667,25,4,,1,100,,53668,25,4,,1,100,,53669,25,4,,1,100,,53670,25,4,,1,99,,53676,25,,,1,100,,53677,25,,,1,70,,53681,25,,,1,30,,53678,25,,,1,72,,53682,25,,,1,84,,53671,25,4,,1,45,,53672,25,4,,1,100,,53673,25,4,,1,100,,53674,25,4,,1,100,,53675,25,4,,1,98,,53679,25,,,1,100,,53680,25,,,1
700,'20260902',956,,53685,25,4,,1,100,,53686,25,4,,1,100,,53687,25,4,,1,100,,53688,25,4,,1,100,,53689,25,4,,1,100,,53690,25,4,,1,99,,53696,25,,,1,100,,53697,25,,,1,70,,53701,25,,,1,30,,53698,25,,,1,72,,53702,25,,,1,84,,53691,25,4,,1,45,,53692,25,4,,1,100,,53693,25,4,,1,100,,53694,25,4,,1,100,,53695,25,4,,1,98,,53699,25,,,1,100,,53700,25,,,1
700,'20260903',956,,53705,25,4,,1,100,,53706,25,4,,1,100,,53707,25,4,,1,100,,53708,25,4,,1,100,,53709,25,4,,1,100,,53710,25,4,,1,99,,53716,25,,,1,100,,53717,25,,,1,70,,53721,25,,,1,30,,53718,25,,,1,72,,53722,25,,,1,84,,53711,25,4,,1,45,,53712,25,4,,1,100,,53713,25,4,,1,100,,53714,25,4,,1,100,,53715,25,4,,1,98,,53719,25,,,1,100,,53720,25,,,1
700,'20260904',956,,53725,25,4,,1,100,,53726,25,4,,1,100,,53727,25,4,,1,100,,53728,25,4,,1,100,,53729,25,4,,1,100,,53730,25,4,,1,99,,53736,25,,,1,100,,53737,25,,,1,70,,53741,25,,,1,30,,53738,25,,,1,72,,53742,25,,,1,84,,53731,25,4,,1,45,,53732,25,4,,1,100,,53733,25,4,,1,100,,53734,25,4,,1,100,,53735,25,4,,1,98,,53739,25,,,1,100,,53740,25,,,1
701,'20260819',523,,54961,4,,,1,100,,54962,4,,,1,30,,54966,4,,,1,70,,54963,4,,,1,30,,54967,4,,,1,70,,54964,4,,,1,100,,54965,4,,,1,102,,54951,1,,,1,100,,54952,1,,,1,100,,54953,1,,,1,100,,54954,1,,,1,100,,54955,1,,,1,100,,54956,1,,,1,400,,54957,1,,,1,100,,54958,1,,,1,100,,54959,1,,,1,100,,54960,1,,,1
701,'20260820',523,,54980,4,,,1,100,,54981,4,,,1,30,,54985,4,,,1,70,,54982,4,,,1,30,,54986,4,,,1,70,,54983,4,,,1,100,,54984,4,,,1,102,,54970,1,,,1,100,,54971,1,,,1,100,,54972,1,,,1,100,,54973,1,,,1,100,,54974,1,,,1,100,,54975,1,,,1,400,,54976,1,,,1,100,,54977,1,,,1,100,,54978,1,,,1,100,,54979,1,,,1
701,'20260821',523,,54999,4,,,1,100,,55000,4,,,1,30,,55004,4,,,1,70,,55001,4,,,1,30,,55005,4,,,1,70,,55002,4,,,1,100,,55003,4,,,1,102,,54989,1,,,1,100,,54990,1,,,1,100,,54991,1,,,1,100,,54992,1,,,1,100,,54993,1,,,1,100,,54994,1,,,1,400,,54995,1,,,1,100,,54996,1,,,1,100,,54997,1,,,1,100,,54998,1,,,1
701,'20260822',724,,55018,4,,,1,100,,55019,4,,,1,100,,55020,4,,,1,102,,55006,1,,,1,100,,55007,1,,,1,100,,55008,1,,,1,100,,55009,1,,,1,100,,55010,1,,,1,100,,55011,1,,,1,100,,55012,1,,,1,100,,55013,1,,,1,100,,55014,1,,,1,100,,55015,1,,,1,100,,55016,1,,,1,100,,55017,1,,,1
701,'20260823',724,,55033,4,,,1,100,,55034,4,,,1,100,,55035,4,,,1,102,,55021,1,,,1,100,,55022,1,,,1,100,,55023,1,,,1,100,,55024,1,,,1,100,,55025,1,,,1,100,,55026,1,,,1,100,,55027,1,,,1,100,,55028,1,,,1,100,,55029,1,,,1,100,,55030,1,,,1,100,,55031,1,,,1,100,,55032,1,,,1
701,'20260824',523,,65308,4,,,1,100,,65309,4,,,1,30,,65310,4,,,1,70,,55050,4,,,1,30,,65311,4,,,1,70,,55051,4,,,1,100,,55052,4,,,1,102,,55038,1,,,1,100,,55039,1,,,1,100,,55040,1,,,1,100,,55041,1,,,1,100,,55042,1,,,1,100,,55043,1,,,1,400,,55044,1,,,1,100,,55045,1,,,1,100,,55046,1,,,1,100,,65307,1,,,1
701,'20260825',523,,55067,4,,,1,100,,55068,4,,,1,30,,55072,4,,,1,70,,55069,4,,,1,30,,55073,4,,,1,70,,55070,4,,,1,100,,55071,4,,,1,102,,55057,1,,,1,100,,55058,1,,,1,100,,55059,1,,,1,100,,55060,1,,,1,100,,55061,1,,,1,100,,55062,1,,,1,400,,55063,1,,,1,100,,55064,1,,,1,100,,55065,1,,,1,100,,55066,1,,,1
701,'20260826',523,,55086,4,,,1,100,,55087,4,,,1,30,,55091,4,,,1,70,,55088,4,,,1,30,,55092,4,,,1,70,,55089,4,,,1,100,,55090,4,,,1,102,,55076,1,,,1,100,,55077,1,,,1,100,,55078,1,,,1,100,,55079,1,,,1,100,,55080,1,,,1,100,,55081,1,,,1,400,,55082,1,,,1,100,,55083,1,,,1,100,,55084,1,,,1,100,,55085,1,,,1
701,'20260827',523,,55105,4,,,1,100,,55106,4,,,1,30,,55110,4,,,1,70,,55107,4,,,1,30,,55111,4,,,1,70,,55108,4,,,1,100,,55109,4,,,1,102,,55095,1,,,1,100,,55096,1,,,1,100,,55097,1,,,1,100,,55098,1,,,1,100,,55099,1,,,1,100,,55100,1,,,1,400,,55101,1,,,1,100,,55102,1,,,1,100,,55103,1,,,1,100,,55104,1,,,1
701,'20260828',523,,55124,4,,,1,100,,55125,4,,,1,30,,55129,4,,,1,70,,55126,4,,,1,30,,55130,4,,,1,70,,55127,4,,,1,100,,55128,4,,,1,102,,55114,1,,,1,100,,55115,1,,,1,100,,55116,1,,,1,100,,55117,1,,,1,100,,55118,1,,,1,100,,55119,1,,,1,400,,55120,1,,,1,100,,55121,1,,,1,100,,55122,1,,,1,100,,55123,1,,,1
701,'20260829',724,,55143,4,,,1,100,,55144,4,,,1,100,,55145,4,,,1,102,,55131,1,,,1,100,,55132,1,,,1,100,,55133,1,,,1,100,,55134,1,,,1,100,,55135,1,,,1,100,,55136,1,,,1,100,,55137,1,,,1,100,,55138,1,,,1,100,,55139,1,,,1,100,,55140,1,,,1,100,,55141,1,,,1,100,,55142,1,,,1
701,'20260830',724,,55158,4,,,1,100,,55159,4,,,1,100,,55160,4,,,1,102,,55146,1,,,1,100,,55147,1,,,1,100,,55148,1,,,1,100,,55149,1,,,1,100,,55150,1,,,1,100,,55151,1,,,1,100,,55152,1,,,1,100,,55153,1,,,1,100,,55154,1,,,1,100,,55155,1,,,1,100,,55156,1,,,1,100,,55157,1,,,1
701,'20260831',523,,65315,4,,,1,100,,65316,4,,,1,30,,65317,4,,,1,70,,55175,4,,,1,30,,65318,4,,,1,70,,55176,4,,,1,100,,55177,4,,,1,102,,55163,1,,,1,100,,55164,1,,,1,100,,55165,1,,,1,100,,55166,1,,,1,100,,55167,1,,,1,100,,55168,1,,,1,400,,55169,1,,,1,100,,55170,1,,,1,100,,55171,1,,,1,100,,65314,1,,,1
701,'20260901',523,,55192,4,,,1,100,,55193,4,,,1,30,,55197,4,,,1,70,,55194,4,,,1,30,,55198,4,,,1,70,,55195,4,,,1,100,,55196,4,,,1,102,,55182,1,,,1,100,,55183,1,,,1,100,,55184,1,,,1,100,,55185,1,,,1,100,,55186,1,,,1,100,,55187,1,,,1,400,,55188,1,,,1,100,,55189,1,,,1,100,,55190,1,,,1,100,,55191,1,,,1
701,'20260902',523,,55211,4,,,1,100,,55212,4,,,1,30,,55216,4,,,1,70,,55213,4,,,1,30,,55217,4,,,1,70,,55214,4,,,1,100,,55215,4,,,1,102,,55201,1,,,1,100,,55202,1,,,1,100,,55203,1,,,1,100,,55204,1,,,1,100,,55205,1,,,1,100,,55206,1,,,1,400,,55207,1,,,1,100,,55208,1,,,1,100,,55209,1,,,1,100,,55210,1,,,1
701,'20260903',523,,55230,4,,,1,100,,55231,4,,,1,30,,55235,4,,,1,70,,55232,4,,,1,30,,55236,4,,,1,70,,55233,4,,,1,100,,55234,4,,,1,102,,55220,1,,,1,100,,55221,1,,,1,100,,55222,1,,,1,100,,55223,1,,,1,100,,55224,1,,,1,100,,55225,1,,,1,400,,55226,1,,,1,100,,55227,1,,,1,100,,55228,1,,,1,100,,55229,1,,,1
701,'20260904',523,,55249,4,,,1,100,,55250,4,,,1,30,,55254,4,,,1,70,,55251,4,,,1,30,,55255,4,,,1,70,,55252,4,,,1,100,,55253,4,,,1,102,,55239,1,,,1,100,,55240,1,,,1,100,,55241,1,,,1,100,,55242,1,,,1,100,,55243,1,,,1,100,,55244,1,,,1,400,,55245,1,,,1,100,,55246,1,,,1,100,,55247,1,,,1,100,,55248,1,,,1
