300,'20260821',934,,45343,24,0,35,1,91,,45338,24,0,35,1,100,,45325,24,4,,1,100,,45326,24,4,,1,100,,45339,24,0,35,1,100,,45327,24,4,,1,100,,45328,24,4,,1,100,,45340,24,0,35,1,78,,45335,24,0,35,1,22,,45333,24,0,27,1,9,,63814,24,,,1,21,,45334,24,0,27,1,49,,45336,24,0,35,1,31,,45345,24,0,35,1,67,,45337,24,0,35,1,23,,45329,24,4,,1,100,,45330,24,4,,1,100,,45331,24,4,,1,100,,45341,24,0,35,1,100,,45342,24,0,35,1,100,,45332,24,4,,1
300,'20260822',923,,45355,24,4,,1,11,,63815,24,,,1,103,,45356,24,4,,1,100,,45357,24,4,,1,100,,45358,24,4,,1,100,,45359,24,4,,1,100,,45360,24,4,,1,100,,45361,24,4,,1,100,,45362,24,4,,1,101,,45369,24,0,35,1,99,,45363,24,4,,1,100,,45364,24,4,,1,100,,45365,24,4,,1,100,,45366,24,4,,1,100,,45367,24,4,,1,101,,45370,24,0,35,1,99,,45368,24,4,,1
300,'20260823',923,,45380,24,4,,1,11,,63816,24,,,1,103,,45381,24,4,,1,100,,45382,24,4,,1,100,,45383,24,4,,1,100,,45384,24,4,,1,100,,45385,24,4,,1,100,,45386,24,4,,1,100,,45387,24,4,,1,101,,45394,24,0,35,1,99,,45388,24,4,,1,100,,45389,24,4,,1,100,,45390,24,4,,1,100,,45391,24,4,,1,100,,45392,24,4,,1,101,,45395,24,0,35,1,99,,45393,24,4,,1
300,'20260824',934,,64965,24,0,35,1,91,,64961,24,0,35,1,100,,45415,24,4,,1,100,,45416,24,4,,1,100,,64962,24,0,35,1,100,,45417,24,4,,1,100,,45418,24,4,,1,100,,64963,24,0,35,1,78,,64958,24,0,35,1,22,,64956,24,0,27,1,9,,64967,24,,,1,21,,64957,24,0,27,1,49,,64959,24,0,35,1,31,,64966,24,0,35,1,67,,64960,24,0,35,1,23,,45419,24,4,,1,100,,45420,24,4,,1,100,,45421,24,4,,1,100,,64964,24,0,35,1,100,,45432,24,0,35,1,100,,45422,24,4,,1
300,'20260825',934,,45473,24,0,35,1,91,,45468,24,0,35,1,100,,45455,24,4,,1,100,,45456,24,4,,1,100,,45469,24,0,35,1,100,,45457,24,4,,1,100,,45458,24,4,,1,100,,45470,24,0,35,1,78,,45465,24,0,35,1,22,,45463,24,0,27,1,9,,63818,24,,,1,21,,45464,24,0,27,1,49,,45466,24,0,35,1,31,,45475,24,0,35,1,67,,45467,24,0,35,1,23,,45459,24,4,,1,100,,45460,24,4,,1,100,,45461,24,4,,1,100,,45471,24,0,35,1,100,,45472,24,0,35,1,100,,45462,24,4,,1
300,'20260826',934,,45513,24,0,35,1,91,,45508,24,0,35,1,100,,45495,24,4,,1,100,,45496,24,4,,1,100,,45509,24,0,35,1,100,,45497,24,4,,1,100,,45498,24,4,,1,100,,45510,24,0,35,1,78,,45505,24,0,35,1,22,,45503,24,0,27,1,9,,63819,24,,,1,21,,45504,24,0,27,1,49,,45506,24,0,35,1,31,,45515,24,0,35,1,67,,45507,24,0,35,1,23,,45499,24,4,,1,100,,45500,24,4,,1,100,,45501,24,4,,1,100,,45511,24,0,35,1,100,,45512,24,0,35,1,100,,45502,24,4,,1
300,'20260827',934,,45553,24,0,35,1,91,,45548,24,0,35,1,100,,45535,24,4,,1,100,,45536,24,4,,1,100,,45549,24,0,35,1,100,,45537,24,4,,1,100,,45538,24,4,,1,100,,45550,24,0,35,1,78,,45545,24,0,35,1,22,,45543,24,0,27,1,9,,63820,24,,,1,21,,45544,24,0,27,1,49,,45546,24,0,35,1,31,,45555,24,0,35,1,67,,45547,24,0,35,1,23,,45539,24,4,,1,100,,45540,24,4,,1,100,,45541,24,4,,1,100,,45551,24,0,35,1,100,,45552,24,0,35,1,100,,45542,24,4,,1
300,'20260828',934,,45593,24,0,35,1,91,,45588,24,0,35,1,100,,45575,24,4,,1,100,,45576,24,4,,1,100,,45589,24,0,35,1,100,,45577,24,4,,1,100,,45578,24,4,,1,100,,45590,24,0,35,1,78,,45585,24,0,35,1,22,,45583,24,0,27,1,9,,63821,24,,,1,21,,45584,24,0,27,1,49,,45586,24,0,35,1,31,,45595,24,0,35,1,67,,45587,24,0,35,1,23,,45579,24,4,,1,100,,45580,24,4,,1,100,,45581,24,4,,1,100,,45591,24,0,35,1,100,,45592,24,0,35,1,100,,45582,24,4,,1
300,'20260829',923,,45605,24,4,,1,11,,63822,24,,,1,103,,45606,24,4,,1,100,,45607,24,4,,1,100,,45608,24,4,,1,100,,45609,24,4,,1,100,,45610,24,4,,1,100,,45611,24,4,,1,100,,45612,24,4,,1,101,,45619,24,0,35,1,99,,45613,24,4,,1,100,,45614,24,4,,1,100,,45615,24,4,,1,100,,45616,24,4,,1,100,,45617,24,4,,1,101,,45620,24,0,35,1,99,,45618,24,4,,1
300,'20260830',923,,45630,24,4,,1,11,,63823,24,,,1,103,,45631,24,4,,1,100,,45632,24,4,,1,100,,45633,24,4,,1,100,,45634,24,4,,1,100,,45635,24,4,,1,100,,45636,24,4,,1,100,,45637,24,4,,1,101,,45644,24,0,35,1,99,,45638,24,4,,1,100,,45639,24,4,,1,100,,45640,24,4,,1,100,,45641,24,4,,1,100,,45642,24,4,,1,101,,45645,24,0,35,1,99,,45643,24,4,,1
300,'20260831',934,,64996,24,0,35,1,91,,64992,24,0,35,1,100,,45665,24,4,,1,100,,45666,24,4,,1,100,,64993,24,0,35,1,100,,45667,24,4,,1,100,,45668,24,4,,1,100,,64994,24,0,35,1,78,,64989,24,0,35,1,22,,64987,24,0,27,1,9,,64998,24,,,1,21,,64988,24,0,27,1,49,,64990,24,0,35,1,31,,64997,24,0,35,1,67,,64991,24,0,35,1,23,,45669,24,4,,1,100,,45670,24,4,,1,100,,45671,24,4,,1,100,,64995,24,0,35,1,100,,45682,24,0,35,1,100,,45672,24,4,,1
300,'20260901',934,,45723,24,0,35,1,91,,45718,24,0,35,1,100,,45705,24,4,,1,100,,45706,24,4,,1,100,,45719,24,0,35,1,100,,45707,24,4,,1,100,,45708,24,4,,1,100,,45720,24,0,35,1,78,,45715,24,0,35,1,22,,45713,24,0,27,1,9,,63825,24,,,1,21,,45714,24,0,27,1,49,,45716,24,0,35,1,31,,45725,24,0,35,1,67,,45717,24,0,35,1,23,,45709,24,4,,1,100,,45710,24,4,,1,100,,45711,24,4,,1,100,,45721,24,0,35,1,100,,45722,24,0,35,1,100,,45712,24,4,,1
300,'20260902',934,,45763,24,0,35,1,91,,45758,24,0,35,1,100,,45745,24,4,,1,100,,45746,24,4,,1,100,,45759,24,0,35,1,100,,45747,24,4,,1,100,,45748,24,4,,1,100,,45760,24,0,35,1,78,,45755,24,0,35,1,22,,45753,24,0,27,1,9,,63826,24,,,1,21,,45754,24,0,27,1,49,,45756,24,0,35,1,31,,45765,24,0,35,1,67,,45757,24,0,35,1,23,,45749,24,4,,1,100,,45750,24,4,,1,100,,45751,24,4,,1,100,,45761,24,0,35,1,100,,45762,24,0,35,1,100,,45752,24,4,,1
300,'20260903',934,,45803,24,0,35,1,91,,45798,24,0,35,1,100,,45785,24,4,,1,100,,45786,24,4,,1,100,,45799,24,0,35,1,100,,45787,24,4,,1,100,,45788,24,4,,1,100,,45800,24,0,35,1,78,,45795,24,0,35,1,22,,45793,24,0,27,1,9,,63827,24,,,1,21,,45794,24,0,27,1,49,,45796,24,0,35,1,31,,45805,24,0,35,1,67,,45797,24,0,35,1,23,,45789,24,4,,1,100,,45790,24,4,,1,100,,45791,24,4,,1,100,,45801,24,0,35,1,100,,45802,24,0,35,1,100,,45792,24,4,,1
300,'20260904',934,,45843,24,0,35,1,91,,45838,24,0,35,1,100,,45825,24,4,,1,100,,45826,24,4,,1,100,,45839,24,0,35,1,100,,45827,24,4,,1,100,,45828,24,4,,1,100,,45840,24,0,35,1,78,,45835,24,0,35,1,22,,45833,24,0,27,1,9,,63828,24,,,1,21,,45834,24,0,27,1,49,,45836,24,0,35,1,31,,45845,24,0,35,1,67,,45837,24,0,35,1,23,,45829,24,4,,1,100,,45830,24,4,,1,100,,45831,24,4,,1,100,,45841,24,0,35,1,100,,45842,24,0,35,1,100,,45832,24,4,,1
301,'20260821',544,,48318,6,,,1,70,,48320,19,,,1,22,,48319,6,,,1,70,,48327,19,,,1,30,,48321,19,,,1,70,,63875,28,,,1,30,,48322,19,,,1,70,,48329,19,,,1,28,,48330,19,,,1,112,,48312,1,,,1,100,,48313,1,,,1,100,,48324,19,,,1,100,,48314,1,,,1,100,,48315,1,,,1,100,,48325,19,,,1,88,,48323,17,,,1,312,,48316,1,,,1,100,,48317,1,,,1,100,,48326,19,,,1
301,'20260822',747,,48340,1,,,1,100,,48354,19,,,1,100,,48341,1,,,1,100,,48342,1,,,1,100,,48343,1,,,1,100,,48344,1,,,1,100,,48345,1,,,1,100,,48346,1,,,1,100,,48347,1,,,1,100,,48355,19,,,1,100,,48348,1,,,1,100,,48349,1,,,1,100,,48350,1,,,1,53,,63876,26,,,1,47,,48351,1,,,1,100,,48352,1,,,1,100,,48353,1,,,1
301,'20260823',747,,48365,1,,,1,100,,48379,19,,,1,100,,48366,1,,,1,100,,48367,1,,,1,100,,48368,1,,,1,100,,48369,1,,,1,100,,48370,1,,,1,100,,48371,1,,,1,100,,48372,1,,,1,100,,48380,19,,,1,100,,48373,1,,,1,100,,48374,1,,,1,100,,48375,1,,,1,53,,63877,26,,,1,47,,48376,1,,,1,100,,48377,1,,,1,100,,48378,1,,,1
301,'20260824',544,,65082,6,,,1,70,,65084,19,,,1,22,,65083,6,,,1,70,,65091,19,,,1,30,,65085,19,,,1,70,,65094,28,,,1,30,,65086,19,,,1,70,,65092,19,,,1,28,,65093,19,,,1,112,,65076,1,,,1,100,,65077,1,,,1,100,,65088,19,,,1,100,,65078,1,,,1,100,,65079,1,,,1,100,,65089,19,,,1,88,,65087,17,,,1,312,,65080,1,,,1,100,,65081,1,,,1,100,,65090,19,,,1
301,'20260825',544,,48448,6,,,1,70,,48450,19,,,1,22,,48449,6,,,1,70,,48457,19,,,1,30,,48451,19,,,1,70,,63879,28,,,1,30,,48452,19,,,1,70,,48459,19,,,1,28,,48460,19,,,1,112,,48442,1,,,1,100,,48443,1,,,1,100,,48454,19,,,1,100,,48444,1,,,1,100,,48445,1,,,1,100,,48455,19,,,1,88,,48453,17,,,1,312,,48446,1,,,1,100,,48447,1,,,1,100,,48456,19,,,1
301,'20260826',544,,48488,6,,,1,70,,48490,19,,,1,22,,48489,6,,,1,70,,48497,19,,,1,30,,48491,19,,,1,70,,63880,28,,,1,30,,48492,19,,,1,70,,48499,19,,,1,28,,48500,19,,,1,112,,48482,1,,,1,100,,48483,1,,,1,100,,48494,19,,,1,100,,48484,1,,,1,100,,48485,1,,,1,100,,48495,19,,,1,88,,48493,17,,,1,312,,48486,1,,,1,100,,48487,1,,,1,100,,48496,19,,,1
301,'20260827',544,,48528,6,,,1,70,,48530,19,,,1,22,,48529,6,,,1,70,,48537,19,,,1,30,,48531,19,,,1,70,,63881,28,,,1,30,,48532,19,,,1,70,,48539,19,,,1,28,,48540,19,,,1,112,,48522,1,,,1,100,,48523,1,,,1,100,,48534,19,,,1,100,,48524,1,,,1,100,,48525,1,,,1,100,,48535,19,,,1,88,,48533,17,,,1,312,,48526,1,,,1,100,,48527,1,,,1,100,,48536,19,,,1
301,'20260828',544,,48568,6,,,1,70,,48570,19,,,1,22,,48569,6,,,1,70,,48577,19,,,1,30,,48571,19,,,1,70,,63882,28,,,1,30,,48572,19,,,1,70,,48579,19,,,1,28,,48580,19,,,1,112,,48562,1,,,1,100,,48563,1,,,1,100,,48574,19,,,1,100,,48564,1,,,1,100,,48565,1,,,1,100,,48575,19,,,1,88,,48573,17,,,1,312,,48566,1,,,1,100,,48567,1,,,1,100,,48576,19,,,1
301,'20260829',747,,48590,1,,,1,100,,48604,19,,,1,100,,48591,1,,,1,100,,48592,1,,,1,100,,48593,1,,,1,100,,48594,1,,,1,100,,48595,1,,,1,100,,48596,1,,,1,100,,48597,1,,,1,100,,48605,19,,,1,100,,48598,1,,,1,100,,48599,1,,,1,100,,48600,1,,,1,53,,63883,26,,,1,47,,48601,1,,,1,100,,48602,1,,,1,100,,48603,1,,,1
301,'20260830',747,,48615,1,,,1,100,,48629,19,,,1,100,,48616,1,,,1,100,,48617,1,,,1,100,,48618,1,,,1,100,,48619,1,,,1,100,,48620,1,,,1,100,,48621,1,,,1,100,,48622,1,,,1,100,,48630,19,,,1,100,,48623,1,,,1,100,,48624,1,,,1,100,,48625,1,,,1,53,,63884,26,,,1,47,,48626,1,,,1,100,,48627,1,,,1,100,,48628,1,,,1
301,'20260831',544,,65114,6,,,1,70,,65116,19,,,1,22,,65115,6,,,1,70,,65123,19,,,1,30,,65117,19,,,1,70,,65126,28,,,1,30,,65118,19,,,1,70,,65124,19,,,1,28,,65125,19,,,1,112,,65108,1,,,1,100,,65109,1,,,1,100,,65120,19,,,1,100,,65110,1,,,1,100,,65111,1,,,1,100,,65121,19,,,1,88,,65119,17,,,1,312,,65112,1,,,1,100,,65113,1,,,1,100,,65122,19,,,1
301,'20260901',544,,48698,6,,,1,70,,48700,19,,,1,22,,48699,6,,,1,70,,48707,19,,,1,30,,48701,19,,,1,70,,63886,28,,,1,30,,48702,19,,,1,70,,48709,19,,,1,28,,48710,19,,,1,112,,48692,1,,,1,100,,48693,1,,,1,100,,48704,19,,,1,100,,48694,1,,,1,100,,48695,1,,,1,100,,48705,19,,,1,88,,48703,17,,,1,312,,48696,1,,,1,100,,48697,1,,,1,100,,48706,19,,,1
301,'20260902',544,,48738,6,,,1,70,,48740,19,,,1,22,,48739,6,,,1,70,,48747,19,,,1,30,,48741,19,,,1,70,,63887,28,,,1,30,,48742,19,,,1,70,,48749,19,,,1,28,,48750,19,,,1,112,,48732,1,,,1,100,,48733,1,,,1,100,,48744,19,,,1,100,,48734,1,,,1,100,,48735,1,,,1,100,,48745,19,,,1,88,,48743,17,,,1,312,,48736,1,,,1,100,,48737,1,,,1,100,,48746,19,,,1
301,'20260903',544,,48778,6,,,1,70,,48780,19,,,1,22,,48779,6,,,1,70,,48787,19,,,1,30,,48781,19,,,1,70,,63888,28,,,1,30,,48782,19,,,1,70,,48789,19,,,1,28,,48790,19,,,1,112,,48772,1,,,1,100,,48773,1,,,1,100,,48784,19,,,1,100,,48774,1,,,1,100,,48775,1,,,1,100,,48785,19,,,1,88,,48783,17,,,1,312,,48776,1,,,1,100,,48777,1,,,1,100,,48786,19,,,1
301,'20260904',544,,48818,6,,,1,70,,48820,19,,,1,22,,48819,6,,,1,70,,48827,19,,,1,30,,48821,19,,,1,70,,63889,28,,,1,30,,48822,19,,,1,70,,48829,19,,,1,28,,48830,19,,,1,112,,48812,1,,,1,100,,48813,1,,,1,100,,48824,19,,,1,100,,48814,1,,,1,100,,48815,1,,,1,100,,48825,19,,,1,88,,48823,17,,,1,312,,48816,1,,,1,100,,48817,1,,,1,100,,48826,19,,,1
