600,'20260917',1612,,82367,14,,,1,100,,82368,14,,,1,30,,82366,14,,,1,70,,82369,14,,,1,100,,82370,14,,,1
600,'20260918',1612,,82372,14,,,1,100,,82373,14,,,1,30,,82371,14,,,1,70,,82374,14,,,1,100,,82375,14,,,1
600,'20260921',1612,,82377,14,,,1,100,,82378,14,,,1,30,,82376,14,,,1,70,,82379,14,,,1,100,,82380,14,,,1
600,'20260922',1612,,82382,14,,,1,100,,82383,14,,,1,30,,82381,14,,,1,70,,82384,14,,,1,100,,82385,14,,,1
600,'20260923',1612,,82387,14,,,1,100,,82388,14,,,1,30,,82386,14,,,1,70,,82389,14,,,1,100,,82390,14,,,1
600,'20260924',1612,,82392,14,,,1,100,,82393,14,,,1,30,,82391,14,,,1,70,,82394,14,,,1,100,,82395,14,,,1
600,'20260925',1612,,82397,14,,,1,100,,82398,14,,,1,30,,82396,14,,,1,70,,82399,14,,,1,100,,82400,14,,,1
600,'20260928',1612,,82402,14,,,1,100,,82403,14,,,1,30,,82401,14,,,1,70,,82404,14,,,1,100,,82405,14,,,1
600,'20260929',1612,,82407,14,,,1,100,,82408,14,,,1,30,,82406,14,,,1,70,,82409,14,,,1,100,,82410,14,,,1
600,'20260930',1612,,82412,14,,,1,100,,82413,14,,,1,30,,82411,14,,,1,70,,82414,14,,,1,100,,82415,14,,,1
600,'20261001',1612,,82417,14,,,1,100,,82418,14,,,1,30,,82416,14,,,1,70,,82419,14,,,1,100,,82420,14,,,1
600,'20261002',1612,,82422,14,,,1,100,,82423,14,,,1,30,,82421,14,,,1,70,,82424,14,,,1,100,,82425,14,,,1
600,'20261005',1612,,82427,14,,,1,100,,82428,14,,,1,30,,82426,14,,,1,70,,82429,14,,,1,100,,82430,14,,,1
600,'20261006',1612,,82432,14,,,1,100,,82433,14,,,1,30,,82431,14,,,1,70,,82434,14,,,1,100,,82435,14,,,1
600,'20261007',1612,,82437,14,,,1,100,,82438,14,,,1,30,,82436,14,,,1,70,,82439,14,,,1,100,,82440,14,,,1
600,'20261008',1612,,82442,14,,,1,100,,82443,14,,,1,30,,82441,14,,,1,70,,82444,14,,,1,100,,82445,14,,,1
600,'20261009',1612,,82447,14,,,1,100,,82448,14,,,1,30,,82446,14,,,1,70,,82449,14,,,1,100,,82450,14,,,1
600,'20261012',1612,,82452,14,,,1,100,,82453,14,,,1,30,,82451,14,,,1,70,,82454,14,,,1,100,,82455,14,,,1
600,'20261013',1612,,82457,14,,,1,100,,82458,14,,,1,30,,82456,14,,,1,70,,82459,14,,,1,100,,82460,14,,,1
600,'20261014',1612,,82462,14,,,1,100,,82463,14,,,1,30,,82461,14,,,1,70,,82464,14,,,1,100,,82465,14,,,1
600,'20261015',1612,,82467,14,,,1,100,,82468,14,,,1,30,,82466,14,,,1,70,,82469,14,,,1,100,,82470,14,,,1
600,'20261016',1612,,82472,14,,,1,100,,82473,14,,,1,30,,82471,14,,,1,70,,82474,14,,,1,100,,82475,14,,,1
600,'20261019',1612,,82477,14,,,1,100,,82478,14,,,1,30,,82476,14,,,1,70,,82479,14,,,1,100,,82480,14,,,1
600,'20261020',1612,,82482,14,,,1,100,,82483,14,,,1,30,,82481,14,,,1,70,,82484,14,,,1,100,,82485,14,,,1
600,'20261021',1612,,82487,14,,,1,100,,82488,14,,,1,30,,82486,14,,,1,70,,82489,14,,,1,100,,82490,14,,,1
600,'20261022',1612,,82492,14,,,1,100,,82493,14,,,1,30,,82491,14,,,1,70,,82494,14,,,1,100,,82495,14,,,1
600,'20261023',1612,,82497,14,,,1,100,,82498,14,,,1,30,,82496,14,,,1,70,,82499,14,,,1,100,,82500,14,,,1
600,'20261026',1612,,82502,14,,,1,100,,82503,14,,,1,30,,82501,14,,,1,70,,82504,14,,,1,100,,82505,14,,,1
600,'20261027',1612,,82507,14,,,1,100,,82508,14,,,1,30,,82506,14,,,1,70,,82509,14,,,1,100,,82510,14,,,1
600,'20261028',1612,,82512,14,,,1,100,,82513,14,,,1,30,,82511,14,,,1,70,,82514,14,,,1,100,,82515,14,,,1
600,'20261029',1612,,82517,14,,,1,100,,82518,14,,,1,30,,82516,14,,,1,70,,82519,14,,,1,100,,82520,14,,,1
600,'20261030',1612,,82522,14,,,1,100,,82523,14,,,1,30,,82521,14,,,1,70,,82524,14,,,1,100,,82525,14,,,1
600,'20261102',1612,,82527,14,,,1,100,,82528,14,,,1,30,,82526,14,,,1,70,,82529,14,,,1,100,,82530,14,,,1
600,'20261103',1612,,82532,14,,,1,100,,82533,14,,,1,30,,82531,14,,,1,70,,82534,14,,,1,100,,82535,14,,,1
600,'20261104',1612,,82537,14,,,1,100,,82538,14,,,1,30,,82536,14,,,1,70,,82539,14,,,1,100,,82540,14,,,1
600,'20261105',1612,,82542,14,,,1,100,,82543,14,,,1,30,,82541,14,,,1,70,,82544,14,,,1,100,,82545,14,,,1
600,'20261106',1612,,82547,14,,,1,100,,82548,14,,,1,30,,82546,14,,,1,70,,82549,14,,,1,100,,82550,14,,,1
600,'20261109',1612,,82552,14,,,1,100,,82553,14,,,1,30,,82551,14,,,1,70,,82554,14,,,1,100,,82555,14,,,1
600,'20261110',1612,,82557,14,,,1,100,,82558,14,,,1,30,,82556,14,,,1,70,,82559,14,,,1,100,,82560,14,,,1
600,'20261111',1612,,82562,14,,,1,100,,82563,14,,,1,30,,82561,14,,,1,70,,82564,14,,,1,100,,82565,14,,,1
600,'20261112',1612,,82567,14,,,1,100,,82568,14,,,1,30,,82566,14,,,1,70,,82569,14,,,1,100,,82570,14,,,1
600,'20261113',1612,,82572,14,,,1,100,,82573,14,,,1,30,,82571,14,,,1,70,,82574,14,,,1,100,,82575,14,,,1
600,'20261116',1612,,82577,14,,,1,100,,82578,14,,,1,30,,82576,14,,,1,70,,82579,14,,,1,100,,82580,14,,,1
600,'20261117',1612,,82582,14,,,1,100,,82583,14,,,1,30,,82581,14,,,1,70,,82584,14,,,1,100,,82585,14,,,1
600,'20261118',1612,,82587,14,,,1,100,,82588,14,,,1,30,,82586,14,,,1,70,,82589,14,,,1,100,,82590,14,,,1
600,'20261119',1612,,82592,14,,,1,100,,82593,14,,,1,30,,82591,14,,,1,70,,82594,14,,,1,100,,82595,14,,,1
600,'20261120',1612,,82597,14,,,1,100,,82598,14,,,1,30,,82596,14,,,1,70,,82599,14,,,1,100,,82600,14,,,1
600,'20261123',1612,,82602,14,,,1,100,,82603,14,,,1,30,,82601,14,,,1,70,,82604,14,,,1,100,,82605,14,,,1
600,'20261124',1612,,82607,14,,,1,100,,82608,14,,,1,30,,82606,14,,,1,70,,82609,14,,,1,100,,82610,14,,,1
600,'20261125',1612,,82612,14,,,1,100,,82613,14,,,1,30,,82611,14,,,1,70,,82614,14,,,1,100,,82615,14,,,1
600,'20261126',1612,,82617,14,,,1,100,,82618,14,,,1,30,,82616,14,,,1,70,,82619,14,,,1,100,,82620,14,,,1
600,'20261127',1612,,82622,14,,,1,100,,82623,14,,,1,30,,82621,14,,,1,70,,82624,14,,,1,100,,82625,14,,,1
601,'20260917',628,,82654,16,,,1,101,,82655,16,,,1,30,,82657,16,,,1,70,,82656,16,,,1
601,'20260918',628,,82658,16,,,1,101,,82659,16,,,1,30,,82661,16,,,1,70,,82660,16,,,1
601,'20260921',628,,82662,16,,,1,101,,82663,16,,,1,30,,82665,16,,,1,70,,82664,16,,,1
601,'20260922',628,,82666,16,,,1,101,,82667,16,,,1,30,,82669,16,,,1,70,,82668,16,,,1
601,'20260923',628,,82670,16,,,1,101,,82671,16,,,1,30,,82673,16,,,1,70,,82672,16,,,1
601,'20260924',628,,82674,16,,,1,101,,82675,16,,,1,30,,82677,16,,,1,70,,82676,16,,,1
601,'20260925',628,,82678,16,,,1,101,,82679,16,,,1,30,,82681,16,,,1,70,,82680,16,,,1
601,'20260928',628,,82682,16,,,1,101,,82683,16,,,1,30,,82685,16,,,1,70,,82684,16,,,1
601,'20260929',628,,82686,16,,,1,101,,82687,16,,,1,30,,82689,16,,,1,70,,82688,16,,,1
601,'20260930',628,,82690,16,,,1,101,,82691,16,,,1,30,,82693,16,,,1,70,,82692,16,,,1
601,'20261001',628,,82694,16,,,1,101,,82695,16,,,1,30,,82697,16,,,1,70,,82696,16,,,1
601,'20261002',628,,82698,16,,,1,101,,82699,16,,,1,30,,82701,16,,,1,70,,82700,16,,,1
601,'20261005',628,,82702,16,,,1,101,,82703,16,,,1,30,,82705,16,,,1,70,,82704,16,,,1
601,'20261006',628,,82706,16,,,1,101,,82707,16,,,1,30,,82709,16,,,1,70,,82708,16,,,1
601,'20261007',628,,82710,16,,,1,101,,82711,16,,,1,30,,82713,16,,,1,70,,82712,16,,,1
601,'20261008',628,,82714,16,,,1,101,,82715,16,,,1,30,,82717,16,,,1,70,,82716,16,,,1
601,'20261009',628,,82718,16,,,1,101,,82719,16,,,1,30,,82721,16,,,1,70,,82720,16,,,1
601,'20261012',628,,82722,16,,,1,101,,82723,16,,,1,30,,82725,16,,,1,70,,82724,16,,,1
601,'20261013',628,,82726,16,,,1,101,,82727,16,,,1,30,,82729,16,,,1,70,,82728,16,,,1
601,'20261014',628,,82730,16,,,1,101,,82731,16,,,1,30,,82733,16,,,1,70,,82732,16,,,1
601,'20261015',628,,82734,16,,,1,101,,82735,16,,,1,30,,82737,16,,,1,70,,82736,16,,,1
601,'20261016',628,,82738,16,,,1,101,,82739,16,,,1,30,,82741,16,,,1,70,,82740,16,,,1
601,'20261019',628,,82742,16,,,1,101,,82743,16,,,1,30,,82745,16,,,1,70,,82744,16,,,1
601,'20261020',628,,82746,16,,,1,101,,82747,16,,,1,30,,82749,16,,,1,70,,82748,16,,,1
601,'20261021',628,,82750,16,,,1,101,,82751,16,,,1,30,,82753,16,,,1,70,,82752,16,,,1
601,'20261022',628,,82754,16,,,1,101,,82755,16,,,1,30,,82757,16,,,1,70,,82756,16,,,1
601,'20261023',628,,82758,16,,,1,101,,82759,16,,,1,30,,82761,16,,,1,70,,82760,16,,,1
601,'20261026',628,,82762,16,,,1,101,,82763,16,,,1,30,,82765,16,,,1,70,,82764,16,,,1
601,'20261027',628,,82766,16,,,1,101,,82767,16,,,1,30,,82769,16,,,1,70,,82768,16,,,1
601,'20261028',628,,82770,16,,,1,101,,82771,16,,,1,30,,82773,16,,,1,70,,82772,16,,,1
601,'20261029',628,,82774,16,,,1,101,,82775,16,,,1,30,,82777,16,,,1,70,,82776,16,,,1
601,'20261030',628,,82778,16,,,1,101,,82779,16,,,1,30,,82781,16,,,1,70,,82780,16,,,1
601,'20261102',628,,82782,16,,,1,101,,82783,16,,,1,30,,82785,16,,,1,70,,82784,16,,,1
601,'20261103',628,,82786,16,,,1,101,,82787,16,,,1,30,,82789,16,,,1,70,,82788,16,,,1
601,'20261104',628,,82790,16,,,1,101,,82791,16,,,1,30,,82793,16,,,1,70,,82792,16,,,1
601,'20261105',628,,82794,16,,,1,101,,82795,16,,,1,30,,82797,16,,,1,70,,82796,16,,,1
601,'20261106',628,,82798,16,,,1,101,,82799,16,,,1,30,,82801,16,,,1,70,,82800,16,,,1
601,'20261109',628,,82802,16,,,1,101,,82803,16,,,1,30,,82805,16,,,1,70,,82804,16,,,1
601,'20261110',628,,82806,16,,,1,101,,82807,16,,,1,30,,82809,16,,,1,70,,82808,16,,,1
601,'20261111',628,,82810,16,,,1,101,,82811,16,,,1,30,,82813,16,,,1,70,,82812,16,,,1
601,'20261112',628,,82814,16,,,1,101,,82815,16,,,1,30,,82817,16,,,1,70,,82816,16,,,1
601,'20261113',628,,82818,16,,,1,101,,82819,16,,,1,30,,82821,16,,,1,70,,82820,16,,,1
601,'20261116',628,,82822,16,,,1,101,,82823,16,,,1,30,,82825,16,,,1,70,,82824,16,,,1
601,'20261117',628,,82826,16,,,1,101,,82827,16,,,1,30,,82829,16,,,1,70,,82828,16,,,1
601,'20261118',628,,82830,16,,,1,101,,82831,16,,,1,30,,82833,16,,,1,70,,82832,16,,,1
601,'20261119',628,,82834,16,,,1,101,,82835,16,,,1,30,,82837,16,,,1,70,,82836,16,,,1
601,'20261120',628,,82838,16,,,1,101,,82839,16,,,1,30,,82841,16,,,1,70,,82840,16,,,1
601,'20261123',628,,82842,16,,,1,101,,82843,16,,,1,30,,82845,16,,,1,70,,82844,16,,,1
601,'20261124',628,,82846,16,,,1,101,,82847,16,,,1,30,,82849,16,,,1,70,,82848,16,,,1
601,'20261125',628,,82850,16,,,1,101,,82851,16,,,1,30,,82853,16,,,1,70,,82852,16,,,1
601,'20261126',628,,82854,16,,,1,101,,82855,16,,,1,30,,82857,16,,,1,70,,82856,16,,,1
601,'20261127',628,,82858,16,,,1,101,,82859,16,,,1,30,,82861,16,,,1,70,,82860,16,,,1
