900,'20260821',640,,58831,17,,,1,70,,58852,17,,,1,37,,58832,17,,,1,67,,58853,17,,,1,30,,58833,17,,,1,70,,58854,17,,,1,30,,58834,17,,,1,81,,58857,17,,,1,30,,58837,17,,,1,70,,58858,17,,,1,30,,58838,17,,,1,70,,58859,17,,,1,30,,58839,17,,,1,70,,58860,17,,,1,30,,58840,17,,,1,70,,58861,17,,,1,30,,58841,17,,,1,70,,58862,17,,,1,31,,58842,17,,,1,70,,58863,17,,,1,13,,58835,17,,,1,10,,58873,17,0,6,1,10,,58843,17,,,1,50,,58855,17,,,1,10,,58875,17,0,6,1,10,,58864,17,,,1,10,,58836,17,,,1,10,,58874,17,0,6,1,10,,58844,17,,,1,52,,58856,17,,,1,15,,58865,17,,,1,30,,58845,17,,,1,70,,58866,17,,,1,30,,58846,17,,,1,69,,58867,17,,,1,30,,58847,17,,,1,70,,58868,17,,,1,30,,58848,17,,,1,70,,58869,17,,,1,30,,58849,17,,,1,55,,65614,17,0,6,1,15,,58870,17,,,1,32,,58850,17,,,1,68,,58871,17,,,1,30,,58851,17,,,1,70,,58872,17,,,1
900,'20260822',925,,58908,17,,,1,30,,58884,17,,,1,70,,58909,17,,,1,30,,58885,17,,,1,70,,58910,17,,,1,30,,58886,17,,,1,70,,58911,17,,,1,30,,58887,17,,,1,70,,58912,17,,,1,30,,58888,17,,,1,70,,58913,17,,,1,30,,58889,17,,,1,70,,58914,17,,,1,30,,58890,17,,,1,55,,58900,17,,,1,15,,58915,17,,,1,15,,58876,17,,,1,15,,58891,17,,,1,55,,58901,17,,,1,15,,58916,17,,,1,15,,58877,17,,,1,15,,58892,17,,,1,55,,58902,17,,,1,15,,58917,17,,,1,15,,58878,17,,,1,15,,58893,17,,,1,55,,58903,17,,,1,15,,58918,17,,,1,15,,58879,17,,,1,15,,58894,17,,,1,55,,58904,17,,,1,15,,58919,17,,,1,15,,58880,17,,,1,15,,58895,17,,,1,55,,58905,17,,,1,15,,58920,17,,,1,15,,58881,17,,,1,15,,58896,17,,,1,55,,58906,17,,,1,15,,58921,17,,,1,15,,58882,17,,,1,15,,58897,17,,,1,55,,58907,17,,,1,15,,58922,17,,,1,15,,58883,17,,,1,17,,58898,17,,,1,55,,65615,17,0,6,1,15,,58923,17,,,1,30,,58899,17,,,1,70,,58924,17,,,1
900,'20260823',925,,58957,17,,,1,30,,58933,17,,,1,70,,58958,17,,,1,30,,58934,17,,,1,70,,58959,17,,,1,30,,58935,17,,,1,70,,58960,17,,,1,30,,58936,17,,,1,70,,58961,17,,,1,30,,58937,17,,,1,70,,58962,17,,,1,30,,58938,17,,,1,70,,58963,17,,,1,30,,58939,17,,,1,55,,58949,17,,,1,15,,58964,17,,,1,15,,58925,17,,,1,15,,58940,17,,,1,55,,58950,17,,,1,15,,58965,17,,,1,15,,58926,17,,,1,15,,58941,17,,,1,55,,58951,17,,,1,15,,58966,17,,,1,15,,58927,17,,,1,15,,58942,17,,,1,55,,58952,17,,,1,15,,58967,17,,,1,15,,58928,17,,,1,15,,58943,17,,,1,55,,58953,17,,,1,15,,58968,17,,,1,15,,58929,17,,,1,15,,58944,17,,,1,55,,58954,17,,,1,15,,58969,17,,,1,15,,58930,17,,,1,15,,58945,17,,,1,55,,58955,17,,,1,15,,58970,17,,,1,15,,58931,17,,,1,15,,58946,17,,,1,55,,58956,17,,,1,15,,58971,17,,,1,15,,58932,17,,,1,17,,58947,17,,,1,55,,65616,17,0,6,1,15,,58972,17,,,1,30,,58948,17,,,1
900,'20260824',640,,65339,17,,,1,70,,65343,17,,,1,37,,65340,17,,,1,67,,65344,17,,,1,30,,65341,17,,,1,70,,65345,17,,,1,30,,65342,17,,,1,81,,59000,17,,,1,30,,58980,17,,,1,70,,59001,17,,,1,30,,58981,17,,,1,70,,59002,17,,,1,30,,58982,17,,,1,70,,59003,17,,,1,30,,58983,17,,,1,70,,59004,17,,,1,30,,58984,17,,,1,70,,59005,17,,,1,31,,58985,17,,,1,70,,59006,17,,,1,13,,58978,17,,,1,10,,65346,17,0,6,1,10,,58986,17,,,1,50,,58998,17,,,1,10,,65348,17,0,6,1,10,,59007,17,,,1,10,,58979,17,,,1,10,,65347,17,0,6,1,10,,58987,17,,,1,52,,58999,17,,,1,15,,59008,17,,,1,30,,58988,17,,,1,70,,59009,17,,,1,30,,58989,17,,,1,69,,59010,17,,,1,30,,58990,17,,,1,70,,59011,17,,,1,30,,58991,17,,,1,70,,59012,17,,,1,30,,58992,17,,,1,70,,59013,17,,,1,32,,58993,17,,,1,53,,65617,17,0,6,1,15,,59014,17,,,1,30,,58994,17,,,1
900,'20260825',640,,59018,17,,,1,70,,59039,17,,,1,37,,59019,17,,,1,67,,59040,17,,,1,30,,59020,17,,,1,70,,59041,17,,,1,30,,59021,17,,,1,81,,59044,17,,,1,30,,59024,17,,,1,70,,59045,17,,,1,30,,59025,17,,,1,70,,59046,17,,,1,30,,59026,17,,,1,70,,59047,17,,,1,30,,59027,17,,,1,70,,59048,17,,,1,30,,59028,17,,,1,70,,59049,17,,,1,31,,59029,17,,,1,70,,59050,17,,,1,13,,59022,17,,,1,10,,59059,17,0,6,1,10,,59030,17,,,1,50,,59042,17,,,1,10,,59061,17,0,6,1,10,,59051,17,,,1,10,,59023,17,,,1,10,,59060,17,0,6,1,10,,59031,17,,,1,52,,59043,17,,,1,15,,59052,17,,,1,30,,59032,17,,,1,70,,59053,17,,,1,30,,59033,17,,,1,69,,59054,17,,,1,30,,59034,17,,,1,70,,59055,17,,,1,30,,59035,17,,,1,70,,59056,17,,,1,30,,59036,17,,,1,70,,59057,17,,,1,32,,59037,17,,,1,53,,65618,17,0,6,1,15,,59058,17,,,1,30,,59038,17,,,1
900,'20260826',640,,59062,17,,,1,70,,59083,17,,,1,37,,59063,17,,,1,67,,59084,17,,,1,30,,59064,17,,,1,70,,59085,17,,,1,30,,59065,17,,,1,81,,59088,17,,,1,30,,59068,17,,,1,70,,59089,17,,,1,30,,59069,17,,,1,70,,59090,17,,,1,30,,59070,17,,,1,70,,59091,17,,,1,30,,59071,17,,,1,70,,59092,17,,,1,30,,59072,17,,,1,70,,59093,17,,,1,31,,59073,17,,,1,70,,59094,17,,,1,13,,59066,17,,,1,10,,59103,17,0,6,1,10,,59074,17,,,1,50,,59086,17,,,1,10,,59105,17,0,6,1,10,,59095,17,,,1,10,,59067,17,,,1,10,,59104,17,0,6,1,10,,59075,17,,,1,52,,59087,17,,,1,15,,59096,17,,,1,30,,59076,17,,,1,70,,59097,17,,,1,30,,59077,17,,,1,69,,59098,17,,,1,30,,59078,17,,,1,70,,59099,17,,,1,30,,59079,17,,,1,70,,59100,17,,,1,30,,59080,17,,,1,70,,59101,17,,,1,32,,59081,17,,,1,53,,65619,17,0,6,1,15,,59102,17,,,1,30,,59082,17,,,1
900,'20260827',640,,59106,17,,,1,70,,59127,17,,,1,37,,59107,17,,,1,67,,59128,17,,,1,30,,59108,17,,,1,70,,59129,17,,,1,30,,59109,17,,,1,81,,59132,17,,,1,30,,59112,17,,,1,70,,59133,17,,,1,30,,59113,17,,,1,70,,59134,17,,,1,30,,59114,17,,,1,70,,59135,17,,,1,30,,59115,17,,,1,70,,59136,17,,,1,30,,59116,17,,,1,70,,59137,17,,,1,31,,59117,17,,,1,70,,59138,17,,,1,13,,59110,17,,,1,10,,59147,17,0,6,1,10,,59118,17,,,1,50,,59130,17,,,1,10,,59149,17,0,6,1,10,,59139,17,,,1,10,,59111,17,,,1,10,,59148,17,0,6,1,10,,59119,17,,,1,52,,59131,17,,,1,15,,59140,17,,,1,30,,59120,17,,,1,70,,59141,17,,,1,30,,59121,17,,,1,69,,59142,17,,,1,30,,59122,17,,,1,70,,59143,17,,,1,30,,59123,17,,,1,70,,59144,17,,,1,30,,59124,17,,,1,70,,59145,17,,,1,32,,59125,17,,,1,53,,65620,17,0,6,1,15,,59146,17,,,1,30,,59126,17,,,1
900,'20260828',640,,59150,17,,,1,70,,59171,17,,,1,37,,59151,17,,,1,67,,59172,17,,,1,30,,59152,17,,,1,70,,59173,17,,,1,30,,59153,17,,,1,81,,59176,17,,,1,30,,59156,17,,,1,70,,59177,17,,,1,30,,59157,17,,,1,70,,59178,17,,,1,30,,59158,17,,,1,70,,59179,17,,,1,30,,59159,17,,,1,70,,59180,17,,,1,30,,59160,17,,,1,70,,59181,17,,,1,31,,59161,17,,,1,70,,59182,17,,,1,13,,59154,17,,,1,10,,59192,17,0,6,1,10,,59162,17,,,1,50,,59174,17,,,1,10,,59194,17,0,6,1,10,,59183,17,,,1,10,,59155,17,,,1,10,,59193,17,0,6,1,10,,59163,17,,,1,52,,59175,17,,,1,15,,59184,17,,,1,30,,59164,17,,,1,70,,59185,17,,,1,30,,59165,17,,,1,69,,59186,17,,,1,30,,59166,17,,,1,70,,59187,17,,,1,30,,59167,17,,,1,70,,59188,17,,,1,30,,59168,17,,,1,55,,65621,17,0,6,1,15,,59189,17,,,1,32,,59169,17,,,1,68,,59190,17,,,1,30,,59170,17,,,1,70,,59191,17,,,1
900,'20260829',925,,59227,17,,,1,30,,59203,17,,,1,70,,59228,17,,,1,30,,59204,17,,,1,70,,59229,17,,,1,30,,59205,17,,,1,70,,59230,17,,,1,30,,59206,17,,,1,70,,59231,17,,,1,30,,59207,17,,,1,70,,59232,17,,,1,30,,59208,17,,,1,70,,59233,17,,,1,30,,59209,17,,,1,55,,59219,17,,,1,15,,59234,17,,,1,15,,59195,17,,,1,15,,59210,17,,,1,55,,59220,17,,,1,15,,59235,17,,,1,15,,59196,17,,,1,15,,59211,17,,,1,55,,59221,17,,,1,15,,59236,17,,,1,15,,59197,17,,,1,15,,59212,17,,,1,55,,59222,17,,,1,15,,59237,17,,,1,15,,59198,17,,,1,15,,59213,17,,,1,55,,59223,17,,,1,15,,59238,17,,,1,15,,59199,17,,,1,15,,59214,17,,,1,55,,59224,17,,,1,15,,59239,17,,,1,15,,59200,17,,,1,15,,59215,17,,,1,55,,59225,17,,,1,15,,59240,17,,,1,15,,59201,17,,,1,15,,59216,17,,,1,55,,59226,17,,,1,15,,59241,17,,,1,15,,59202,17,,,1,17,,59217,17,,,1,55,,65622,17,0,6,1,15,,59242,17,,,1,30,,59218,17,,,1,70,,59243,17,,,1
900,'20260830',925,,59276,17,,,1,30,,59252,17,,,1,70,,59277,17,,,1,30,,59253,17,,,1,70,,59278,17,,,1,30,,59254,17,,,1,70,,59279,17,,,1,30,,59255,17,,,1,70,,59280,17,,,1,30,,59256,17,,,1,70,,59281,17,,,1,30,,59257,17,,,1,70,,59282,17,,,1,30,,59258,17,,,1,55,,59268,17,,,1,15,,59283,17,,,1,15,,59244,17,,,1,15,,59259,17,,,1,55,,59269,17,,,1,15,,59284,17,,,1,15,,59245,17,,,1,15,,59260,17,,,1,55,,59270,17,,,1,15,,59285,17,,,1,15,,59246,17,,,1,15,,59261,17,,,1,55,,59271,17,,,1,15,,59286,17,,,1,15,,59247,17,,,1,15,,59262,17,,,1,55,,59272,17,,,1,15,,59287,17,,,1,15,,59248,17,,,1,15,,59263,17,,,1,55,,59273,17,,,1,15,,59288,17,,,1,15,,59249,17,,,1,15,,59264,17,,,1,55,,59274,17,,,1,15,,59289,17,,,1,15,,59250,17,,,1,15,,59265,17,,,1,55,,59275,17,,,1,15,,59290,17,,,1,15,,59251,17,,,1,17,,59266,17,,,1,55,,65623,17,0,6,1,15,,59291,17,,,1,30,,59267,17,,,1
900,'20260831',640,,65349,17,,,1,70,,65353,17,,,1,37,,65350,17,,,1,67,,65354,17,,,1,30,,65351,17,,,1,70,,65355,17,,,1,30,,65352,17,,,1,81,,59319,17,,,1,30,,59299,17,,,1,70,,59320,17,,,1,30,,59300,17,,,1,70,,59321,17,,,1,30,,59301,17,,,1,70,,59322,17,,,1,30,,59302,17,,,1,70,,59323,17,,,1,30,,59303,17,,,1,70,,59324,17,,,1,31,,59304,17,,,1,70,,59325,17,,,1,13,,59297,17,,,1,10,,65356,17,0,6,1,10,,59305,17,,,1,50,,59317,17,,,1,10,,65358,17,0,6,1,10,,59326,17,,,1,10,,59298,17,,,1,10,,65357,17,0,6,1,10,,59306,17,,,1,52,,59318,17,,,1,15,,59327,17,,,1,30,,59307,17,,,1,70,,59328,17,,,1,30,,59308,17,,,1,69,,59329,17,,,1,30,,59309,17,,,1,70,,59330,17,,,1,30,,59310,17,,,1,70,,59331,17,,,1,30,,59311,17,,,1,70,,59332,17,,,1,32,,59312,17,,,1,53,,65624,17,0,6,1,15,,59333,17,,,1,30,,59313,17,,,1
900,'20260901',640,,59337,17,,,1,70,,59358,17,,,1,37,,59338,17,,,1,67,,59359,17,,,1,30,,59339,17,,,1,70,,59360,17,,,1,30,,59340,17,,,1,81,,59363,17,,,1,30,,59343,17,,,1,70,,59364,17,,,1,30,,59344,17,,,1,70,,59365,17,,,1,30,,59345,17,,,1,70,,59366,17,,,1,30,,59346,17,,,1,70,,59367,17,,,1,30,,59347,17,,,1,70,,59368,17,,,1,31,,59348,17,,,1,70,,59369,17,,,1,13,,59341,17,,,1,10,,59378,17,0,6,1,10,,59349,17,,,1,50,,59361,17,,,1,10,,59380,17,0,6,1,10,,59370,17,,,1,10,,59342,17,,,1,10,,59379,17,0,6,1,10,,59350,17,,,1,52,,59362,17,,,1,15,,59371,17,,,1,30,,59351,17,,,1,70,,59372,17,,,1,30,,59352,17,,,1,69,,59373,17,,,1,30,,59353,17,,,1,70,,59374,17,,,1,30,,59354,17,,,1,70,,59375,17,,,1,30,,59355,17,,,1,70,,59376,17,,,1,32,,59356,17,,,1,53,,65625,17,0,6,1,15,,59377,17,,,1,30,,59357,17,,,1
900,'20260902',640,,59381,17,,,1,70,,59402,17,,,1,37,,59382,17,,,1,67,,59403,17,,,1,30,,59383,17,,,1,70,,59404,17,,,1,30,,59384,17,,,1,81,,59407,17,,,1,30,,59387,17,,,1,70,,59408,17,,,1,30,,59388,17,,,1,70,,59409,17,,,1,30,,59389,17,,,1,70,,59410,17,,,1,30,,59390,17,,,1,70,,59411,17,,,1,30,,59391,17,,,1,70,,59412,17,,,1,31,,59392,17,,,1,70,,59413,17,,,1,13,,59385,17,,,1,10,,59422,17,0,6,1,10,,59393,17,,,1,50,,59405,17,,,1,10,,59424,17,0,6,1,10,,59414,17,,,1,10,,59386,17,,,1,10,,59423,17,0,6,1,10,,59394,17,,,1,52,,59406,17,,,1,15,,59415,17,,,1,30,,59395,17,,,1,70,,59416,17,,,1,30,,59396,17,,,1,69,,59417,17,,,1,30,,59397,17,,,1,70,,59418,17,,,1,30,,59398,17,,,1,70,,59419,17,,,1,30,,59399,17,,,1,70,,59420,17,,,1,32,,59400,17,,,1,53,,65626,17,0,6,1,15,,59421,17,,,1,30,,59401,17,,,1
900,'20260903',640,,59425,17,,,1,70,,59446,17,,,1,37,,59426,17,,,1,67,,59447,17,,,1,30,,59427,17,,,1,70,,59448,17,,,1,30,,59428,17,,,1,81,,59451,17,,,1,30,,59431,17,,,1,70,,59452,17,,,1,30,,59432,17,,,1,70,,59453,17,,,1,30,,59433,17,,,1,70,,59454,17,,,1,30,,59434,17,,,1,70,,59455,17,,,1,30,,59435,17,,,1,70,,59456,17,,,1,31,,59436,17,,,1,70,,59457,17,,,1,13,,59429,17,,,1,10,,59466,17,0,6,1,10,,59437,17,,,1,50,,59449,17,,,1,10,,59468,17,0,6,1,10,,59458,17,,,1,10,,59430,17,,,1,10,,59467,17,0,6,1,10,,59438,17,,,1,52,,59450,17,,,1,15,,59459,17,,,1,30,,59439,17,,,1,70,,59460,17,,,1,30,,59440,17,,,1,69,,59461,17,,,1,30,,59441,17,,,1,70,,59462,17,,,1,30,,59442,17,,,1,70,,59463,17,,,1,30,,59443,17,,,1,70,,59464,17,,,1,32,,59444,17,,,1,53,,65627,17,0,6,1,15,,59465,17,,,1,30,,59445,17,,,1
900,'20260904',640,,59469,17,,,1,70,,59490,17,,,1,37,,59470,17,,,1,67,,59491,17,,,1,30,,59471,17,,,1,70,,59492,17,,,1,30,,59472,17,,,1,81,,59495,17,,,1,30,,59475,17,,,1,70,,59496,17,,,1,30,,59476,17,,,1,70,,59497,17,,,1,30,,59477,17,,,1,70,,59498,17,,,1,30,,59478,17,,,1,70,,59499,17,,,1,30,,59479,17,,,1,70,,59500,17,,,1,31,,59480,17,,,1,70,,59501,17,,,1,13,,59473,17,,,1,10,,59511,17,0,6,1,10,,59481,17,,,1,50,,59493,17,,,1,10,,59513,17,0,6,1,10,,59502,17,,,1,10,,59474,17,,,1,10,,59512,17,0,6,1,10,,59482,17,,,1,52,,59494,17,,,1,15,,59503,17,,,1,30,,59483,17,,,1,70,,59504,17,,,1,30,,59484,17,,,1,69,,59505,17,,,1,30,,59485,17,,,1,70,,59506,17,,,1,30,,59486,17,,,1,70,,59507,17,,,1,30,,59487,17,,,1,55,,65628,17,0,6,1,15,,59508,17,,,1,32,,59488,17,,,1,68,,59509,17,,,1,30,,59489,17,,,1,70,,59510,17,,,1
901,'20260821',527,,63038,12,,,1,30,,63059,12,,,1,77,,63039,12,,,1,15,,63057,12,,,1,10,,63060,12,,,1,50,,63081,8,,,1,10,,63078,12,,,1,10,,63040,12,,,1,10,,63080,8,,,1,10,,63058,12,,,1,10,,63061,12,,,1,50,,63082,8,,,1,10,,63079,12,,,1,15,,63041,12,,,1,70,,63062,12,,,1,30,,63042,12,,,1,70,,63063,12,,,1,30,,63043,12,,,1,70,,63064,12,,,1,30,,63044,12,,,1,70,,63065,12,,,1,30,,63045,12,,,1,70,,63066,12,,,1,30,,63046,12,,,1,70,,63067,12,,,1,30,,63047,12,,,1,70,,63068,12,,,1,30,,63048,12,,,1,18,,65629,8,,,1,52,,63069,12,,,1,15,,65631,8,,,1,15,,63049,12,,,1,15,,65630,8,,,1,55,,63070,12,,,1,30,,63050,12,,,1,70,,63071,12,,,1,30,,63051,12,,,1,70,,63072,12,,,1,30,,63052,12,,,1,70,,63073,12,,,1,30,,63053,12,,,1,70,,63074,12,,,1,30,,63054,12,,,1,70,,63075,12,,,1,30,,63055,12,,,1,70,,63076,12,,,1,30,,63056,12,,,1,70,,63077,12,,,1
901,'20260822',802,,63108,12,,,1,30,,63083,12,,,1,70,,63109,12,,,1,30,,63084,12,,,1,70,,63110,12,,,1,30,,63085,12,,,1,70,,63111,12,,,1,30,,63086,12,,,1,70,,63112,12,,,1,30,,63087,12,,,1,70,,63113,12,,,1,30,,63088,12,,,1,70,,63114,12,,,1,30,,63089,12,,,1,15,,63099,12,,,1,57,,63115,12,,,1,15,,63125,12,,,1,15,,63090,12,,,1,15,,63100,12,,,1,55,,63116,12,,,1,15,,63126,12,,,1,15,,63091,12,,,1,15,,63101,12,,,1,55,,63117,12,,,1,15,,63127,12,,,1,15,,63092,12,,,1,15,,63102,12,,,1,55,,63118,12,,,1,15,,63128,12,,,1,15,,63093,12,,,1,15,,63103,12,,,1,55,,63119,12,,,1,15,,63129,12,,,1,15,,63094,12,,,1,15,,63104,12,,,1,55,,63120,12,,,1,15,,63130,12,,,1,15,,63095,12,,,1,15,,63105,12,,,1,55,,63121,12,,,1,15,,63131,12,,,1,15,,63096,12,,,1,15,,63106,12,,,1,55,,63122,12,,,1,15,,63132,12,,,1,15,,63097,12,,,1,15,,63107,12,,,1,55,,63123,12,,,1,30,,63098,12,,,1,70,,63124,12,,,1
901,'20260823',802,,63158,12,,,1,30,,63133,12,,,1,70,,63159,12,,,1,30,,63134,12,,,1,70,,63160,12,,,1,30,,63135,12,,,1,70,,63161,12,,,1,30,,63136,12,,,1,70,,63162,12,,,1,30,,63137,12,,,1,70,,63163,12,,,1,30,,63138,12,,,1,70,,63164,12,,,1,30,,63139,12,,,1,15,,63149,12,,,1,57,,63165,12,,,1,15,,63175,12,,,1,15,,63140,12,,,1,15,,63150,12,,,1,55,,63166,12,,,1,15,,63176,12,,,1,15,,63141,12,,,1,15,,63151,12,,,1,55,,63167,12,,,1,15,,63177,12,,,1,15,,63142,12,,,1,15,,63152,12,,,1,55,,63168,12,,,1,15,,63178,12,,,1,15,,63143,12,,,1,15,,63153,12,,,1,55,,63169,12,,,1,15,,63179,12,,,1,15,,63144,12,,,1,15,,63154,12,,,1,55,,63170,12,,,1,15,,63180,12,,,1,15,,63145,12,,,1,15,,63155,12,,,1,55,,63171,12,,,1,15,,63181,12,,,1,15,,63146,12,,,1,15,,63156,12,,,1,55,,63172,12,,,1,15,,63182,12,,,1,15,,63147,12,,,1,15,,63157,12,,,1,55,,63173,12,,,1,30,,63148,12,,,1
901,'20260824',527,,65383,12,,,1,30,,65388,12,,,1,77,,65384,12,,,1,15,,65386,12,,,1,10,,65389,12,,,1,50,,65393,8,,,1,10,,65390,12,,,1,10,,65385,12,,,1,10,,65392,8,,,1,10,,65387,12,,,1,10,,63206,12,,,1,50,,65394,8,,,1,10,,65391,12,,,1,15,,63186,12,,,1,70,,63207,12,,,1,30,,63187,12,,,1,70,,63208,12,,,1,30,,63188,12,,,1,70,,63209,12,,,1,30,,63189,12,,,1,70,,63210,12,,,1,30,,63190,12,,,1,70,,63211,12,,,1,30,,63191,12,,,1,70,,63212,12,,,1,30,,63192,12,,,1,70,,63213,12,,,1,30,,63193,12,,,1,18,,65632,8,,,1,52,,63214,12,,,1,15,,65634,8,,,1,15,,63194,12,,,1,15,,65633,8,,,1,55,,63215,12,,,1,30,,63195,12,,,1,70,,63216,12,,,1,30,,63196,12,,,1,70,,63217,12,,,1,30,,63197,12,,,1,70,,63218,12,,,1,30,,63198,12,,,1,70,,63219,12,,,1,30,,63199,12,,,1,70,,63220,12,,,1,30,,63200,12,,,1,70,,63221,12,,,1,30,,63201,12,,,1
901,'20260825',527,,63227,12,,,1,30,,63248,12,,,1,77,,63228,12,,,1,15,,63246,12,,,1,10,,63249,12,,,1,50,,63269,8,,,1,10,,63266,12,,,1,10,,63229,12,,,1,10,,63268,8,,,1,10,,63247,12,,,1,10,,63250,12,,,1,50,,63270,8,,,1,10,,63267,12,,,1,15,,63230,12,,,1,70,,63251,12,,,1,30,,63231,12,,,1,70,,63252,12,,,1,30,,63232,12,,,1,70,,63253,12,,,1,30,,63233,12,,,1,70,,63254,12,,,1,30,,63234,12,,,1,70,,63255,12,,,1,30,,63235,12,,,1,70,,63256,12,,,1,30,,63236,12,,,1,70,,63257,12,,,1,30,,63237,12,,,1,18,,65635,8,,,1,52,,63258,12,,,1,15,,65637,8,,,1,15,,63238,12,,,1,15,,65636,8,,,1,55,,63259,12,,,1,30,,63239,12,,,1,70,,63260,12,,,1,30,,63240,12,,,1,70,,63261,12,,,1,30,,63241,12,,,1,70,,63262,12,,,1,30,,63242,12,,,1,70,,63263,12,,,1,30,,63243,12,,,1,70,,63264,12,,,1,30,,63244,12,,,1,70,,63265,12,,,1,30,,63245,12,,,1
901,'20260826',527,,63271,12,,,1,30,,63292,12,,,1,77,,63272,12,,,1,15,,63290,12,,,1,10,,63293,12,,,1,50,,63313,8,,,1,10,,63310,12,,,1,10,,63273,12,,,1,10,,63312,8,,,1,10,,63291,12,,,1,10,,63294,12,,,1,50,,63314,8,,,1,10,,63311,12,,,1,15,,63274,12,,,1,70,,63295,12,,,1,30,,63275,12,,,1,70,,63296,12,,,1,30,,63276,12,,,1,70,,63297,12,,,1,30,,63277,12,,,1,70,,63298,12,,,1,30,,63278,12,,,1,70,,63299,12,,,1,30,,63279,12,,,1,70,,63300,12,,,1,30,,63280,12,,,1,70,,63301,12,,,1,30,,63281,12,,,1,18,,65638,8,,,1,52,,63302,12,,,1,15,,65640,8,,,1,15,,63282,12,,,1,15,,65639,8,,,1,55,,63303,12,,,1,30,,63283,12,,,1,70,,63304,12,,,1,30,,63284,12,,,1,70,,63305,12,,,1,30,,63285,12,,,1,70,,63306,12,,,1,30,,63286,12,,,1,70,,63307,12,,,1,30,,63287,12,,,1,70,,63308,12,,,1,30,,63288,12,,,1,70,,63309,12,,,1,30,,63289,12,,,1
901,'20260827',527,,63315,12,,,1,30,,63336,12,,,1,77,,63316,12,,,1,15,,63334,12,,,1,10,,63337,12,,,1,50,,63357,8,,,1,10,,63354,12,,,1,10,,63317,12,,,1,10,,63356,8,,,1,10,,63335,12,,,1,10,,63338,12,,,1,50,,63358,8,,,1,10,,63355,12,,,1,15,,63318,12,,,1,70,,63339,12,,,1,30,,63319,12,,,1,70,,63340,12,,,1,30,,63320,12,,,1,70,,63341,12,,,1,30,,63321,12,,,1,70,,63342,12,,,1,30,,63322,12,,,1,70,,63343,12,,,1,30,,63323,12,,,1,70,,63344,12,,,1,30,,63324,12,,,1,70,,63345,12,,,1,30,,63325,12,,,1,18,,65641,8,,,1,52,,63346,12,,,1,15,,65643,8,,,1,15,,63326,12,,,1,15,,65642,8,,,1,55,,63347,12,,,1,30,,63327,12,,,1,70,,63348,12,,,1,30,,63328,12,,,1,70,,63349,12,,,1,30,,63329,12,,,1,70,,63350,12,,,1,30,,63330,12,,,1,70,,63351,12,,,1,30,,63331,12,,,1,70,,63352,12,,,1,30,,63332,12,,,1,70,,63353,12,,,1,30,,63333,12,,,1
901,'20260828',527,,63359,12,,,1,30,,63380,12,,,1,77,,63360,12,,,1,15,,63378,12,,,1,10,,63381,12,,,1,50,,63402,8,,,1,10,,63399,12,,,1,10,,63361,12,,,1,10,,63401,8,,,1,10,,63379,12,,,1,10,,63382,12,,,1,50,,63403,8,,,1,10,,63400,12,,,1,15,,63362,12,,,1,70,,63383,12,,,1,30,,63363,12,,,1,70,,63384,12,,,1,30,,63364,12,,,1,70,,63385,12,,,1,30,,63365,12,,,1,70,,63386,12,,,1,30,,63366,12,,,1,70,,63387,12,,,1,30,,63367,12,,,1,70,,63388,12,,,1,30,,63368,12,,,1,70,,63389,12,,,1,30,,63369,12,,,1,18,,65644,8,,,1,52,,63390,12,,,1,15,,65646,8,,,1,15,,63370,12,,,1,15,,65645,8,,,1,55,,63391,12,,,1,30,,63371,12,,,1,70,,63392,12,,,1,30,,63372,12,,,1,70,,63393,12,,,1,30,,63373,12,,,1,70,,63394,12,,,1,30,,63374,12,,,1,70,,63395,12,,,1,30,,63375,12,,,1,70,,63396,12,,,1,30,,63376,12,,,1,70,,63397,12,,,1,30,,63377,12,,,1,70,,63398,12,,,1
901,'20260829',802,,63429,12,,,1,30,,63404,12,,,1,70,,63430,12,,,1,30,,63405,12,,,1,70,,63431,12,,,1,30,,63406,12,,,1,70,,63432,12,,,1,30,,63407,12,,,1,70,,63433,12,,,1,30,,63408,12,,,1,70,,63434,12,,,1,30,,63409,12,,,1,70,,63435,12,,,1,30,,63410,12,,,1,15,,63420,12,,,1,57,,63436,12,,,1,15,,63446,12,,,1,15,,63411,12,,,1,15,,63421,12,,,1,55,,63437,12,,,1,15,,63447,12,,,1,15,,63412,12,,,1,15,,63422,12,,,1,55,,63438,12,,,1,15,,63448,12,,,1,15,,63413,12,,,1,15,,63423,12,,,1,55,,63439,12,,,1,15,,63449,12,,,1,15,,63414,12,,,1,15,,63424,12,,,1,55,,63440,12,,,1,15,,63450,12,,,1,15,,63415,12,,,1,15,,63425,12,,,1,55,,63441,12,,,1,15,,63451,12,,,1,15,,63416,12,,,1,15,,63426,12,,,1,55,,63442,12,,,1,15,,63452,12,,,1,15,,63417,12,,,1,15,,63427,12,,,1,55,,63443,12,,,1,15,,63453,12,,,1,15,,63418,12,,,1,15,,63428,12,,,1,55,,63444,12,,,1,30,,63419,12,,,1,70,,63445,12,,,1
901,'20260830',802,,63479,12,,,1,30,,63454,12,,,1,70,,63480,12,,,1,30,,63455,12,,,1,70,,63481,12,,,1,30,,63456,12,,,1,70,,63482,12,,,1,30,,63457,12,,,1,70,,63483,12,,,1,30,,63458,12,,,1,70,,63484,12,,,1,30,,63459,12,,,1,70,,63485,12,,,1,30,,63460,12,,,1,15,,63470,12,,,1,57,,63486,12,,,1,15,,63496,12,,,1,15,,63461,12,,,1,15,,63471,12,,,1,55,,63487,12,,,1,15,,63497,12,,,1,15,,63462,12,,,1,15,,63472,12,,,1,55,,63488,12,,,1,15,,63498,12,,,1,15,,63463,12,,,1,15,,63473,12,,,1,55,,63489,12,,,1,15,,63499,12,,,1,15,,63464,12,,,1,15,,63474,12,,,1,55,,63490,12,,,1,15,,63500,12,,,1,15,,63465,12,,,1,15,,63475,12,,,1,55,,63491,12,,,1,15,,63501,12,,,1,15,,63466,12,,,1,15,,63476,12,,,1,55,,63492,12,,,1,15,,63502,12,,,1,15,,63467,12,,,1,15,,63477,12,,,1,55,,63493,12,,,1,15,,63503,12,,,1,15,,63468,12,,,1,15,,63478,12,,,1,55,,63494,12,,,1,30,,63469,12,,,1
901,'20260831',527,,65395,12,,,1,30,,65400,12,,,1,77,,65396,12,,,1,15,,65398,12,,,1,10,,65401,12,,,1,50,,65405,8,,,1,10,,65402,12,,,1,10,,65397,12,,,1,10,,65404,8,,,1,10,,65399,12,,,1,10,,63527,12,,,1,50,,65406,8,,,1,10,,65403,12,,,1,15,,63507,12,,,1,70,,63528,12,,,1,30,,63508,12,,,1,70,,63529,12,,,1,30,,63509,12,,,1,70,,63530,12,,,1,30,,63510,12,,,1,70,,63531,12,,,1,30,,63511,12,,,1,70,,63532,12,,,1,30,,63512,12,,,1,70,,63533,12,,,1,30,,63513,12,,,1,70,,63534,12,,,1,30,,63514,12,,,1,18,,65647,8,,,1,52,,63535,12,,,1,15,,65649,8,,,1,15,,63515,12,,,1,15,,65648,8,,,1,55,,63536,12,,,1,30,,63516,12,,,1,70,,63537,12,,,1,30,,63517,12,,,1,70,,63538,12,,,1,30,,63518,12,,,1,70,,63539,12,,,1,30,,63519,12,,,1,70,,63540,12,,,1,30,,63520,12,,,1,70,,63541,12,,,1,30,,63521,12,,,1,70,,63542,12,,,1,30,,63522,12,,,1
901,'20260901',527,,63548,12,,,1,30,,63569,12,,,1,77,,63549,12,,,1,15,,63567,12,,,1,10,,63570,12,,,1,50,,63590,8,,,1,10,,63587,12,,,1,10,,63550,12,,,1,10,,63589,8,,,1,10,,63568,12,,,1,10,,63571,12,,,1,50,,63591,8,,,1,10,,63588,12,,,1,15,,63551,12,,,1,70,,63572,12,,,1,30,,63552,12,,,1,70,,63573,12,,,1,30,,63553,12,,,1,70,,63574,12,,,1,30,,63554,12,,,1,70,,63575,12,,,1,30,,63555,12,,,1,70,,63576,12,,,1,30,,63556,12,,,1,70,,63577,12,,,1,30,,63557,12,,,1,70,,63578,12,,,1,30,,63558,12,,,1,18,,65650,8,,,1,52,,63579,12,,,1,15,,65652,8,,,1,15,,63559,12,,,1,15,,65651,8,,,1,55,,63580,12,,,1,30,,63560,12,,,1,70,,63581,12,,,1,30,,63561,12,,,1,70,,63582,12,,,1,30,,63562,12,,,1,70,,63583,12,,,1,30,,63563,12,,,1,70,,63584,12,,,1,30,,63564,12,,,1,70,,63585,12,,,1,30,,63565,12,,,1,70,,63586,12,,,1,30,,63566,12,,,1
901,'20260902',527,,63592,12,,,1,30,,63613,12,,,1,77,,63593,12,,,1,15,,63611,12,,,1,10,,63614,12,,,1,50,,63634,8,,,1,10,,63631,12,,,1,10,,63594,12,,,1,10,,63633,8,,,1,10,,63612,12,,,1,10,,63615,12,,,1,50,,63635,8,,,1,10,,63632,12,,,1,15,,63595,12,,,1,70,,63616,12,,,1,30,,63596,12,,,1,70,,63617,12,,,1,30,,63597,12,,,1,70,,63618,12,,,1,30,,63598,12,,,1,70,,63619,12,,,1,30,,63599,12,,,1,70,,63620,12,,,1,30,,63600,12,,,1,70,,63621,12,,,1,30,,63601,12,,,1,70,,63622,12,,,1,30,,63602,12,,,1,18,,65653,8,,,1,52,,63623,12,,,1,15,,65655,8,,,1,15,,63603,12,,,1,15,,65654,8,,,1,55,,63624,12,,,1,30,,63604,12,,,1,70,,63625,12,,,1,30,,63605,12,,,1,70,,63626,12,,,1,30,,63606,12,,,1,70,,63627,12,,,1,30,,63607,12,,,1,70,,63628,12,,,1,30,,63608,12,,,1,70,,63629,12,,,1,30,,63609,12,,,1,70,,63630,12,,,1,30,,63610,12,,,1
901,'20260903',527,,63636,12,,,1,30,,63657,12,,,1,77,,63637,12,,,1,15,,63655,12,,,1,10,,63658,12,,,1,50,,63678,8,,,1,10,,63675,12,,,1,10,,63638,12,,,1,10,,63677,8,,,1,10,,63656,12,,,1,10,,63659,12,,,1,50,,63679,8,,,1,10,,63676,12,,,1,15,,63639,12,,,1,70,,63660,12,,,1,30,,63640,12,,,1,70,,63661,12,,,1,30,,63641,12,,,1,70,,63662,12,,,1,30,,63642,12,,,1,70,,63663,12,,,1,30,,63643,12,,,1,70,,63664,12,,,1,30,,63644,12,,,1,70,,63665,12,,,1,30,,63645,12,,,1,70,,63666,12,,,1,30,,63646,12,,,1,18,,65656,8,,,1,52,,63667,12,,,1,15,,65658,8,,,1,15,,63647,12,,,1,15,,65657,8,,,1,55,,63668,12,,,1,30,,63648,12,,,1,70,,63669,12,,,1,30,,63649,12,,,1,70,,63670,12,,,1,30,,63650,12,,,1,70,,63671,12,,,1,30,,63651,12,,,1,70,,63672,12,,,1,30,,63652,12,,,1,70,,63673,12,,,1,30,,63653,12,,,1,70,,63674,12,,,1,30,,63654,12,,,1
901,'20260904',527,,63680,12,,,1,30,,63701,12,,,1,77,,63681,12,,,1,15,,63699,12,,,1,10,,63702,12,,,1,50,,63723,8,,,1,10,,63720,12,,,1,10,,63682,12,,,1,10,,63722,8,,,1,10,,63700,12,,,1,10,,63703,12,,,1,50,,63724,8,,,1,10,,63721,12,,,1,15,,63683,12,,,1,70,,63704,12,,,1,30,,63684,12,,,1,70,,63705,12,,,1,30,,63685,12,,,1,70,,63706,12,,,1,30,,63686,12,,,1,70,,63707,12,,,1,30,,63687,12,,,1,70,,63708,12,,,1,30,,63688,12,,,1,70,,63709,12,,,1,30,,63689,12,,,1,70,,63710,12,,,1,30,,63690,12,,,1,18,,65659,8,,,1,52,,63711,12,,,1,15,,65661,8,,,1,15,,63691,12,,,1,15,,65660,8,,,1,55,,63712,12,,,1,30,,63692,12,,,1,70,,63713,12,,,1,30,,63693,12,,,1,70,,63714,12,,,1,30,,63694,12,,,1,70,,63715,12,,,1,30,,63695,12,,,1,70,,63716,12,,,1,30,,63696,12,,,1,70,,63717,12,,,1,30,,63697,12,,,1,70,,63718,12,,,1,30,,63698,12,,,1,70,,63719,12,,,1
