300,'20260831',1928,,64998,51,4,,1
300,'20260901',1928,,63825,51,4,,1
300,'20260902',1928,,63826,51,4,,1
300,'20260903',1928,,63827,51,4,,1
300,'20260904',1928,,63828,51,4,,1
300,'20260905',1116,,74282,49,4,,1
300,'20260906',1116,,74308,49,4,,1
300,'20260907',1116,,74334,49,4,,1
300,'20260908',1928,,74374,51,4,,1
300,'20260909',1928,,74414,51,4,,1
300,'20260910',1928,,74454,51,4,,1
300,'20260911',1928,,74493,51,4,,1
300,'20260914',1934,,74565,51,4,,1
300,'20260915',1934,,74605,51,4,,1
300,'20260916',1931,,74645,51,4,,1
300,'20260917',1931,,74685,51,4,,1
300,'20260918',1928,,74725,51,4,,1
300,'20260919',1116,,74751,49,4,,1
300,'20260920',1116,,74777,49,4,,1
300,'20260921',1928,,74817,51,4,,1
300,'20260922',1928,,74857,51,4,,1
300,'20260923',1928,,74897,51,4,,1
300,'20260924',1928,,74937,51,4,,1
300,'20260925',1928,,74977,51,4,,1
300,'20260926',1116,,75003,49,4,,1
300,'20260927',1116,,75029,49,4,,1
300,'20260928',1928,,75069,51,4,,1
300,'20260929',1928,,75109,51,4,,1
300,'20260930',1928,,75149,51,4,,1
300,'20261001',1928,,75189,51,4,,1
300,'20261002',1928,,75229,51,4,,1
300,'20261003',1116,,75255,49,4,,1
300,'20261004',1116,,75281,49,4,,1
300,'20261005',1928,,75321,51,4,,1
300,'20261006',1928,,75361,51,4,,1
300,'20261007',1928,,75401,51,4,,1
300,'20261008',1928,,75441,51,4,,1
300,'20261009',1928,,75481,51,4,,1
300,'20261010',1116,,75507,49,4,,1
300,'20261011',1116,,75533,49,4,,1
300,'20261012',1928,,75573,51,4,,1
300,'20261013',1928,,75613,51,4,,1
300,'20261014',1928,,75653,51,4,,1
300,'20261015',1928,,75693,51,4,,1
300,'20261016',1928,,75733,51,4,,1
300,'20261017',1116,,75759,49,4,,1
300,'20261018',1116,,75785,49,4,,1
300,'20261019',1928,,75825,51,4,,1
300,'20261020',1928,,75865,51,4,,1
300,'20261021',1928,,75905,51,4,,1
300,'20261022',1928,,75945,51,4,,1
300,'20261023',1928,,75985,51,4,,1
300,'20261024',1116,,76011,49,4,,1
300,'20261025',1116,,76037,49,4,,1
300,'20261026',1928,,76077,51,4,,1
300,'20261027',1928,,76117,51,4,,1
300,'20261028',1928,,76157,51,4,,1
300,'20261029',1928,,76197,51,4,,1
300,'20261030',1928,,76237,51,4,,1
300,'20261031',1116,,76263,49,4,,1
300,'20261101',1116,,76289,49,4,,1
300,'20261102',1928,,76329,51,4,,1
300,'20261103',1928,,76369,51,4,,1
300,'20261104',1928,,76409,51,4,,1
300,'20261105',1928,,76449,51,4,,1
300,'20261106',1928,,76489,51,4,,1
300,'20261107',1116,,76515,49,4,,1
300,'20261108',1116,,76541,49,4,,1
300,'20261109',1928,,76581,51,4,,1
300,'20261110',1928,,76621,51,4,,1
300,'20261111',1928,,76661,51,4,,1
300,'20261112',1928,,76701,51,4,,1
300,'20261113',1928,,76741,51,4,,1
300,'20261114',1116,,76767,49,4,,1
300,'20261115',1116,,76793,49,4,,1
300,'20261116',1928,,76833,51,4,,1
300,'20261117',1928,,76873,51,4,,1
300,'20261118',1928,,76913,51,4,,1
300,'20261119',1928,,76953,51,4,,1
300,'20261120',1928,,76993,51,4,,1
300,'20261121',1116,,77019,49,4,,1
300,'20261122',1116,,77045,49,4,,1
300,'20261123',1928,,77085,51,4,,1
300,'20261124',1928,,77125,51,4,,1
300,'20261125',1928,,77165,51,4,,1
300,'20261126',1928,,77205,51,4,,1
300,'20261127',1928,,77245,51,4,,1
301,'20260831',616,,65126,1,,,1
301,'20260901',616,,63886,1,,,1
301,'20260902',616,,63887,1,,,1
301,'20260903',616,,63888,1,,,1
301,'20260904',616,,63889,1,,,1
301,'20260905',1816,,77271,1,,,1
301,'20260906',1816,,77297,1,,,1
301,'20260907',1816,,77323,1,,,1
301,'20260908',616,,77363,1,,,1
301,'20260909',616,,77403,1,,,1
301,'20260910',616,,77443,1,,,1
301,'20260911',616,,77483,1,,,1
301,'20260914',609,,77555,1,,,1
301,'20260915',609,,77595,1,,,1
301,'20260916',612,,77635,1,,,1
301,'20260917',612,,77675,1,,,1
301,'20260918',616,,77715,1,,,1
301,'20260919',1816,,77741,1,,,1
301,'20260920',1816,,77767,1,,,1
301,'20260921',616,,77807,1,,,1
301,'20260922',616,,77847,1,,,1
301,'20260923',616,,77887,1,,,1
301,'20260924',616,,77927,1,,,1
301,'20260925',616,,77967,1,,,1
301,'20260926',1816,,77993,1,,,1
301,'20260927',1816,,78019,1,,,1
301,'20260928',616,,78059,1,,,1
301,'20260929',616,,78099,1,,,1
301,'20260930',616,,78139,1,,,1
301,'20261001',616,,78179,1,,,1
301,'20261002',616,,78219,1,,,1
301,'20261003',1816,,78245,1,,,1
301,'20261004',1816,,78271,1,,,1
301,'20261005',616,,78311,1,,,1
301,'20261006',616,,78351,1,,,1
301,'20261007',616,,78391,1,,,1
301,'20261008',616,,78431,1,,,1
301,'20261009',616,,78471,1,,,1
301,'20261010',1816,,78497,1,,,1
301,'20261011',1816,,78523,1,,,1
301,'20261012',616,,78563,1,,,1
301,'20261013',616,,78603,1,,,1
301,'20261014',616,,78643,1,,,1
301,'20261015',616,,78683,1,,,1
301,'20261016',616,,78723,1,,,1
301,'20261017',1816,,78749,1,,,1
301,'20261018',1816,,78775,1,,,1
301,'20261019',616,,78815,1,,,1
301,'20261020',616,,78855,1,,,1
301,'20261021',616,,78895,1,,,1
301,'20261022',616,,78935,1,,,1
301,'20261023',616,,78975,1,,,1
301,'20261024',1816,,79001,1,,,1
301,'20261025',1816,,79027,1,,,1
301,'20261026',616,,79067,1,,,1
301,'20261027',616,,79107,1,,,1
301,'20261028',616,,79147,1,,,1
301,'20261029',616,,79187,1,,,1
301,'20261030',616,,79227,1,,,1
301,'20261031',1816,,79253,1,,,1
301,'20261101',1816,,79279,1,,,1
301,'20261102',616,,79319,1,,,1
301,'20261103',616,,79359,1,,,1
301,'20261104',616,,79399,1,,,1
301,'20261105',616,,79439,1,,,1
301,'20261106',616,,79479,1,,,1
301,'20261107',1816,,79505,1,,,1
301,'20261108',1816,,79531,1,,,1
301,'20261109',616,,79571,1,,,1
301,'20261110',616,,79611,1,,,1
301,'20261111',616,,79651,1,,,1
301,'20261112',616,,79691,1,,,1
301,'20261113',616,,79731,1,,,1
301,'20261114',1816,,79757,1,,,1
301,'20261115',1816,,79783,1,,,1
301,'20261116',616,,79823,1,,,1
301,'20261117',616,,79863,1,,,1
301,'20261118',616,,79903,1,,,1
301,'20261119',616,,79943,1,,,1
301,'20261120',616,,79983,1,,,1
301,'20261121',1816,,80009,1,,,1
301,'20261122',1816,,80035,1,,,1
301,'20261123',616,,80075,1,,,1
301,'20261124',616,,80115,1,,,1
301,'20261125',616,,80155,1,,,1
301,'20261126',616,,80195,1,,,1
301,'20261127',616,,80235,1,,,1
