700,'20260831',1607,,65285,27,,,1,100,,65286,27,,,1,30,,65289,27,,,1,70,,65287,27,,,1,32,,65290,27,,,1,567,,53659,27,,,1,100,,65288,27,,,1
700,'20260901',1607,,53676,27,,,1,100,,53677,27,,,1,30,,53681,27,,,1,70,,53678,27,,,1,32,,53682,27,,,1,567,,53679,27,,,1,100,,53680,27,,,1
700,'20260902',1607,,53696,27,,,1,100,,53697,27,,,1,30,,53701,27,,,1,70,,53698,27,,,1,32,,53702,27,,,1,567,,53699,27,,,1,100,,53700,27,,,1
700,'20260903',1607,,53716,27,,,1,100,,53717,27,,,1,30,,53721,27,,,1,70,,53718,27,,,1,32,,53722,27,,,1,567,,53719,27,,,1,100,,53720,27,,,1
700,'20260904',1607,,53736,27,,,1,100,,53737,27,,,1,30,,53741,27,,,1,70,,53738,27,,,1,32,,53742,27,,,1,567,,53739,27,,,1,100,,53740,27,,,1
700,'20260905',2206,,82874,27,,,1,100,,82875,27,,,1,100,,82876,27,,,1
700,'20260906',2206,,82889,27,,,1,100,,82890,27,,,1,100,,82891,27,,,1
700,'20260907',2206,,82904,27,,,1,100,,82905,27,,,1,100,,82906,27,,,1
700,'20260908',1607,,82917,27,,,1,100,,82918,27,,,1,30,,82921,27,,,1,70,,82919,27,,,1,32,,82922,27,,,1,268,,82920,27,,,1,230,,82923,27,,,1
700,'20260909',1607,,82934,27,,,1,100,,82935,27,,,1,30,,82938,27,,,1,70,,82936,27,,,1,32,,82939,27,,,1,268,,82937,27,,,1,230,,82940,27,,,1
700,'20260910',1607,,82951,27,,,1,100,,82952,27,,,1,30,,82955,27,,,1,70,,82953,27,,,1,32,,82956,27,,,1,268,,82954,27,,,1,230,,82957,27,,,1
700,'20260911',1607,,82968,27,,,1,100,,82969,27,,,1,30,,82972,27,,,1,70,,82970,27,,,1,32,,82973,27,,,1,268,,82971,27,,,1,230,,82974,27,,,1
700,'20260912',2306,,82978,27,,,1
700,'20260913',2306,,82982,27,,,1
700,'20260914',1607,,82993,27,,,1,100,,82994,27,,,1,30,,82997,27,,,1,70,,82995,27,,,1,32,,82998,27,,,1,268,,82996,27,,,1,230,,82999,27,,,1
700,'20260915',1607,,83010,27,,,1,100,,83011,27,,,1,30,,83014,27,,,1,70,,83012,27,,,1,32,,83015,27,,,1,268,,83013,27,,,1,230,,83016,27,,,1
700,'20260916',1607,,83027,27,,,1,100,,83028,27,,,1,30,,83031,27,,,1,70,,83029,27,,,1,32,,83032,27,,,1,268,,83030,27,,,1,230,,83033,27,,,1
700,'20260917',1607,,83044,27,,,1,100,,83045,27,,,1,30,,83048,27,,,1,70,,83046,27,,,1,32,,83049,27,,,1,268,,83047,27,,,1,230,,83050,27,,,1
700,'20260918',1607,,83061,27,,,1,100,,83062,27,,,1,30,,83065,27,,,1,70,,83063,27,,,1,32,,83066,27,,,1,268,,83064,27,,,1,230,,83067,27,,,1
700,'20260919',2306,,83071,27,,,1
700,'20260920',2306,,83075,27,,,1
700,'20260921',1607,,83086,27,,,1,100,,83087,27,,,1,30,,83090,27,,,1,70,,83088,27,,,1,32,,83091,27,,,1,268,,83089,27,,,1,230,,83092,27,,,1
700,'20260922',1607,,83103,27,,,1,100,,83104,27,,,1,30,,83107,27,,,1,70,,83105,27,,,1,32,,83108,27,,,1,268,,83106,27,,,1,230,,83109,27,,,1
700,'20260923',1607,,83120,27,,,1,100,,83121,27,,,1,30,,83124,27,,,1,70,,83122,27,,,1,32,,83125,27,,,1,268,,83123,27,,,1,230,,83126,27,,,1
700,'20260924',1607,,83137,27,,,1,100,,83138,27,,,1,30,,83141,27,,,1,70,,83139,27,,,1,32,,83142,27,,,1,268,,83140,27,,,1,230,,83143,27,,,1
700,'20260925',1607,,83154,27,,,1,100,,83155,27,,,1,30,,83158,27,,,1,70,,83156,27,,,1,32,,83159,27,,,1,268,,83157,27,,,1,230,,83160,27,,,1
700,'20260926',2306,,83164,27,,,1
700,'20260927',2306,,83168,27,,,1
700,'20260928',1607,,83179,27,,,1,100,,83180,27,,,1,30,,83183,27,,,1,70,,83181,27,,,1,32,,83184,27,,,1,268,,83182,27,,,1,230,,83185,27,,,1
700,'20260929',1607,,83196,27,,,1,100,,83197,27,,,1,30,,83200,27,,,1,70,,83198,27,,,1,32,,83201,27,,,1,268,,83199,27,,,1,230,,83202,27,,,1
700,'20260930',1607,,83213,27,,,1,100,,83214,27,,,1,30,,83217,27,,,1,70,,83215,27,,,1,32,,83218,27,,,1,268,,83216,27,,,1,230,,83219,27,,,1
700,'20261001',1607,,83230,27,,,1,100,,83231,27,,,1,30,,83234,27,,,1,70,,83232,27,,,1,32,,83235,27,,,1,268,,83233,27,,,1,230,,83236,27,,,1
700,'20261002',1607,,83247,27,,,1,100,,83248,27,,,1,30,,83251,27,,,1,70,,83249,27,,,1,32,,83252,27,,,1,268,,83250,27,,,1,230,,83253,27,,,1
700,'20261003',2306,,83257,27,,,1
700,'20261004',2306,,83261,27,,,1
700,'20261005',1607,,83272,27,,,1,100,,83273,27,,,1,30,,83276,27,,,1,70,,83274,27,,,1,32,,83277,27,,,1,268,,83275,27,,,1,230,,83278,27,,,1
700,'20261006',1607,,83289,27,,,1,100,,83290,27,,,1,30,,83293,27,,,1,70,,83291,27,,,1,32,,83294,27,,,1,268,,83292,27,,,1,230,,83295,27,,,1
700,'20261007',1607,,83306,27,,,1,100,,83307,27,,,1,30,,83310,27,,,1,70,,83308,27,,,1,32,,83311,27,,,1,268,,83309,27,,,1,230,,83312,27,,,1
700,'20261008',1607,,83323,27,,,1,100,,83324,27,,,1,30,,83327,27,,,1,70,,83325,27,,,1,32,,83328,27,,,1,268,,83326,27,,,1,230,,83329,27,,,1
700,'20261009',1607,,83340,27,,,1,100,,83341,27,,,1,30,,83344,27,,,1,70,,83342,27,,,1,32,,83345,27,,,1,268,,83343,27,,,1,230,,83346,27,,,1
700,'20261010',2306,,83350,27,,,1
700,'20261011',2306,,83354,27,,,1
700,'20261012',1607,,83365,27,,,1,100,,83366,27,,,1,30,,83369,27,,,1,70,,83367,27,,,1,32,,83370,27,,,1,268,,83368,27,,,1,230,,83371,27,,,1
700,'20261013',1607,,83382,27,,,1,100,,83383,27,,,1,30,,83386,27,,,1,70,,83384,27,,,1,32,,83387,27,,,1,268,,83385,27,,,1,230,,83388,27,,,1
700,'20261014',1607,,83399,27,,,1,100,,83400,27,,,1,30,,83403,27,,,1,70,,83401,27,,,1,32,,83404,27,,,1,268,,83402,27,,,1,230,,83405,27,,,1
700,'20261015',1607,,83416,27,,,1,100,,83417,27,,,1,30,,83420,27,,,1,70,,83418,27,,,1,32,,83421,27,,,1,268,,83419,27,,,1,230,,83422,27,,,1
700,'20261016',1607,,83433,27,,,1,100,,83434,27,,,1,30,,83437,27,,,1,70,,83435,27,,,1,32,,83438,27,,,1,268,,83436,27,,,1,230,,83439,27,,,1
700,'20261017',2306,,83443,27,,,1
700,'20261018',2306,,83447,27,,,1
700,'20261019',1607,,83458,27,,,1,100,,83459,27,,,1,30,,83462,27,,,1,70,,83460,27,,,1,32,,83463,27,,,1,268,,83461,27,,,1,230,,83464,27,,,1
700,'20261020',1607,,83475,27,,,1,100,,83476,27,,,1,30,,83479,27,,,1,70,,83477,27,,,1,32,,83480,27,,,1,268,,83478,27,,,1,230,,83481,27,,,1
700,'20261021',1607,,83492,27,,,1,100,,83493,27,,,1,30,,83496,27,,,1,70,,83494,27,,,1,32,,83497,27,,,1,268,,83495,27,,,1,230,,83498,27,,,1
700,'20261022',1607,,83509,27,,,1,100,,83510,27,,,1,30,,83513,27,,,1,70,,83511,27,,,1,32,,83514,27,,,1,268,,83512,27,,,1,230,,83515,27,,,1
700,'20261023',1607,,83526,27,,,1,100,,83527,27,,,1,30,,83530,27,,,1,70,,83528,27,,,1,32,,83531,27,,,1,268,,83529,27,,,1,230,,83532,27,,,1
700,'20261024',2306,,83536,27,,,1
700,'20261025',2306,,83540,27,,,1
700,'20261026',1607,,83551,27,,,1,100,,83552,27,,,1,30,,83555,27,,,1,70,,83553,27,,,1,32,,83556,27,,,1,268,,83554,27,,,1,230,,83557,27,,,1
700,'20261027',1607,,83568,27,,,1,100,,83569,27,,,1,30,,83572,27,,,1,70,,83570,27,,,1,32,,83573,27,,,1,268,,83571,27,,,1,230,,83574,27,,,1
700,'20261028',1607,,83585,27,,,1,100,,83586,27,,,1,30,,83589,27,,,1,70,,83587,27,,,1,32,,83590,27,,,1,268,,83588,27,,,1,230,,83591,27,,,1
700,'20261029',1607,,83602,27,,,1,100,,83603,27,,,1,30,,83606,27,,,1,70,,83604,27,,,1,32,,83607,27,,,1,268,,83605,27,,,1,230,,83608,27,,,1
700,'20261030',1607,,83619,27,,,1,100,,83620,27,,,1,30,,83623,27,,,1,70,,83621,27,,,1,32,,83624,27,,,1,268,,83622,27,,,1,230,,83625,27,,,1
700,'20261031',2306,,83629,27,,,1
700,'20261101',2306,,83633,27,,,1
700,'20261102',1607,,83644,27,,,1,100,,83645,27,,,1,30,,83648,27,,,1,70,,83646,27,,,1,32,,83649,27,,,1,268,,83647,27,,,1,230,,83650,27,,,1
700,'20261103',1607,,83661,27,,,1,100,,83662,27,,,1,30,,83665,27,,,1,70,,83663,27,,,1,32,,83666,27,,,1,268,,83664,27,,,1,230,,83667,27,,,1
700,'20261104',1607,,83678,27,,,1,100,,83679,27,,,1,30,,83682,27,,,1,70,,83680,27,,,1,32,,83683,27,,,1,268,,83681,27,,,1,230,,83684,27,,,1
700,'20261105',1607,,83695,27,,,1,100,,83696,27,,,1,30,,83699,27,,,1,70,,83697,27,,,1,32,,83700,27,,,1,268,,83698,27,,,1,230,,83701,27,,,1
700,'20261106',1607,,83712,27,,,1,100,,83713,27,,,1,30,,83716,27,,,1,70,,83714,27,,,1,32,,83717,27,,,1,268,,83715,27,,,1,230,,83718,27,,,1
700,'20261107',2306,,83722,27,,,1
700,'20261108',2306,,83726,27,,,1
700,'20261109',1607,,83737,27,,,1,100,,83738,27,,,1,30,,83741,27,,,1,70,,83739,27,,,1,32,,83742,27,,,1,268,,83740,27,,,1,230,,83743,27,,,1
700,'20261110',1607,,83754,27,,,1,100,,83755,27,,,1,30,,83758,27,,,1,70,,83756,27,,,1,32,,83759,27,,,1,268,,83757,27,,,1,230,,83760,27,,,1
700,'20261111',1607,,83771,27,,,1,100,,83772,27,,,1,30,,83775,27,,,1,70,,83773,27,,,1,32,,83776,27,,,1,268,,83774,27,,,1,230,,83777,27,,,1
700,'20261112',1607,,83788,27,,,1,100,,83789,27,,,1,30,,83792,27,,,1,70,,83790,27,,,1,32,,83793,27,,,1,268,,83791,27,,,1,230,,83794,27,,,1
700,'20261113',1607,,83805,27,,,1,100,,83806,27,,,1,30,,83809,27,,,1,70,,83807,27,,,1,32,,83810,27,,,1,268,,83808,27,,,1,230,,83811,27,,,1
700,'20261114',2306,,83815,27,,,1
700,'20261115',2306,,83819,27,,,1
700,'20261116',1607,,83830,27,,,1,100,,83831,27,,,1,30,,83834,27,,,1,70,,83832,27,,,1,32,,83835,27,,,1,268,,83833,27,,,1,230,,83836,27,,,1
700,'20261117',1607,,83847,27,,,1,100,,83848,27,,,1,30,,83851,27,,,1,70,,83849,27,,,1,32,,83852,27,,,1,268,,83850,27,,,1,230,,83853,27,,,1
700,'20261118',1607,,83864,27,,,1,100,,83865,27,,,1,30,,83868,27,,,1,70,,83866,27,,,1,32,,83869,27,,,1,268,,83867,27,,,1,230,,83870,27,,,1
700,'20261119',1607,,83881,27,,,1,100,,83882,27,,,1,30,,83885,27,,,1,70,,83883,27,,,1,32,,83886,27,,,1,268,,83884,27,,,1,230,,83887,27,,,1
700,'20261120',1607,,83898,27,,,1,100,,83899,27,,,1,30,,83902,27,,,1,70,,83900,27,,,1,32,,83903,27,,,1,268,,83901,27,,,1,230,,83904,27,,,1
700,'20261121',2306,,83908,27,,,1
700,'20261122',2306,,83912,27,,,1
700,'20261123',1607,,83923,27,,,1,100,,83924,27,,,1,30,,83927,27,,,1,70,,83925,27,,,1,32,,83928,27,,,1,268,,83926,27,,,1,230,,83929,27,,,1
700,'20261124',1607,,83940,27,,,1,100,,83941,27,,,1,30,,83944,27,,,1,70,,83942,27,,,1,32,,83945,27,,,1,268,,83943,27,,,1,230,,83946,27,,,1
700,'20261125',1607,,83957,27,,,1,100,,83958,27,,,1,30,,83961,27,,,1,70,,83959,27,,,1,32,,83962,27,,,1,268,,83960,27,,,1,230,,83963,27,,,1
700,'20261126',1607,,83974,27,,,1,100,,83975,27,,,1,30,,83978,27,,,1,70,,83976,27,,,1,32,,83979,27,,,1,268,,83977,27,,,1,230,,83980,27,,,1
700,'20261127',1607,,83991,27,,,1,100,,83992,27,,,1,30,,83995,27,,,1,70,,83993,27,,,1,32,,83996,27,,,1,268,,83994,27,,,1,230,,83997,27,,,1
701,'20260831',512,,65315,2,,,1,100,,65316,2,,,1,30,,65317,2,,,1,70,,55175,2,,,1,30,,65318,2,,,1,70,,55176,2,,,1,100,,55177,2,,,1
701,'20260901',512,,55192,2,,,1,100,,55193,2,,,1,30,,55197,2,,,1,70,,55194,2,,,1,30,,55198,2,,,1,70,,55195,2,,,1,100,,55196,2,,,1
701,'20260902',512,,55211,2,,,1,100,,55212,2,,,1,30,,55216,2,,,1,70,,55213,2,,,1,30,,55217,2,,,1,70,,55214,2,,,1,100,,55215,2,,,1
701,'20260903',512,,55230,2,,,1,100,,55231,2,,,1,30,,55235,2,,,1,70,,55232,2,,,1,30,,55236,2,,,1,70,,55233,2,,,1,100,,55234,2,,,1
701,'20260904',512,,55249,2,,,1,100,,55250,2,,,1,30,,55254,2,,,1,70,,55251,2,,,1,30,,55255,2,,,1,70,,55252,2,,,1,100,,55253,2,,,1
701,'20260905',713,,84010,2,,,1,100,,84011,2,,,1,100,,84012,2,,,1
701,'20260906',713,,84025,2,,,1,100,,84026,2,,,1,100,,84027,2,,,1
701,'20260907',713,,84040,2,,,1,100,,84041,2,,,1,100,,84042,2,,,1
701,'20260908',512,,84053,2,,,1,100,,84054,2,,,1,30,,84058,2,,,1,70,,84055,2,,,1,30,,84059,2,,,1,70,,84056,2,,,1,100,,84057,2,,,1
701,'20260909',512,,84070,2,,,1,100,,84071,2,,,1,30,,84075,2,,,1,70,,84072,2,,,1,30,,84076,2,,,1,70,,84073,2,,,1,100,,84074,2,,,1
701,'20260910',512,,84087,2,,,1,100,,84088,2,,,1,30,,84092,2,,,1,70,,84089,2,,,1,30,,84093,2,,,1,70,,84090,2,,,1,100,,84091,2,,,1
701,'20260911',512,,84104,2,,,1,100,,84105,2,,,1,30,,84109,2,,,1,70,,84106,2,,,1,30,,84110,2,,,1,70,,84107,2,,,1,100,,84108,2,,,1
701,'20260912',1513,,84114,2,,,1
701,'20260913',1513,,84118,2,,,1
701,'20260914',512,,84129,2,,,1,100,,84130,2,,,1,30,,84134,2,,,1,70,,84131,2,,,1,30,,84135,2,,,1,70,,84132,2,,,1,100,,84133,2,,,1
701,'20260915',512,,84146,2,,,1,100,,84147,2,,,1,30,,84151,2,,,1,70,,84148,2,,,1,30,,84152,2,,,1,70,,84149,2,,,1,100,,84150,2,,,1
701,'20260916',512,,84163,2,,,1,100,,84164,2,,,1,30,,84168,2,,,1,70,,84165,2,,,1,30,,84169,2,,,1,70,,84166,2,,,1,100,,84167,2,,,1
701,'20260917',512,,84180,2,,,1,100,,84181,2,,,1,30,,84185,2,,,1,70,,84182,2,,,1,30,,84186,2,,,1,70,,84183,2,,,1,100,,84184,2,,,1
701,'20260918',512,,84197,2,,,1,100,,84198,2,,,1,30,,84202,2,,,1,70,,84199,2,,,1,30,,84203,2,,,1,70,,84200,2,,,1,100,,84201,2,,,1
701,'20260919',1513,,84207,2,,,1
701,'20260920',1513,,84211,2,,,1
701,'20260921',512,,84222,2,,,1,100,,84223,2,,,1,30,,84227,2,,,1,70,,84224,2,,,1,30,,84228,2,,,1,70,,84225,2,,,1,100,,84226,2,,,1
701,'20260922',512,,84239,2,,,1,100,,84240,2,,,1,30,,84244,2,,,1,70,,84241,2,,,1,30,,84245,2,,,1,70,,84242,2,,,1,100,,84243,2,,,1
701,'20260923',512,,84256,2,,,1,100,,84257,2,,,1,30,,84261,2,,,1,70,,84258,2,,,1,30,,84262,2,,,1,70,,84259,2,,,1,100,,84260,2,,,1
701,'20260924',512,,84273,2,,,1,100,,84274,2,,,1,30,,84278,2,,,1,70,,84275,2,,,1,30,,84279,2,,,1,70,,84276,2,,,1,100,,84277,2,,,1
701,'20260925',512,,84290,2,,,1,100,,84291,2,,,1,30,,84295,2,,,1,70,,84292,2,,,1,30,,84296,2,,,1,70,,84293,2,,,1,100,,84294,2,,,1
701,'20260926',1513,,84300,2,,,1
701,'20260927',1513,,84304,2,,,1
701,'20260928',512,,84315,2,,,1,100,,84316,2,,,1,30,,84320,2,,,1,70,,84317,2,,,1,30,,84321,2,,,1,70,,84318,2,,,1,100,,84319,2,,,1
701,'20260929',512,,84332,2,,,1,100,,84333,2,,,1,30,,84337,2,,,1,70,,84334,2,,,1,30,,84338,2,,,1,70,,84335,2,,,1,100,,84336,2,,,1
701,'20260930',512,,84349,2,,,1,100,,84350,2,,,1,30,,84354,2,,,1,70,,84351,2,,,1,30,,84355,2,,,1,70,,84352,2,,,1,100,,84353,2,,,1
701,'20261001',512,,84366,2,,,1,100,,84367,2,,,1,30,,84371,2,,,1,70,,84368,2,,,1,30,,84372,2,,,1,70,,84369,2,,,1,100,,84370,2,,,1
701,'20261002',512,,84383,2,,,1,100,,84384,2,,,1,30,,84388,2,,,1,70,,84385,2,,,1,30,,84389,2,,,1,70,,84386,2,,,1,100,,84387,2,,,1
701,'20261003',1513,,84393,2,,,1
701,'20261004',1513,,84397,2,,,1
701,'20261005',512,,84408,2,,,1,100,,84409,2,,,1,30,,84413,2,,,1,70,,84410,2,,,1,30,,84414,2,,,1,70,,84411,2,,,1,100,,84412,2,,,1
701,'20261006',512,,84425,2,,,1,100,,84426,2,,,1,30,,84430,2,,,1,70,,84427,2,,,1,30,,84431,2,,,1,70,,84428,2,,,1,100,,84429,2,,,1
701,'20261007',512,,84442,2,,,1,100,,84443,2,,,1,30,,84447,2,,,1,70,,84444,2,,,1,30,,84448,2,,,1,70,,84445,2,,,1,100,,84446,2,,,1
701,'20261008',512,,84459,2,,,1,100,,84460,2,,,1,30,,84464,2,,,1,70,,84461,2,,,1,30,,84465,2,,,1,70,,84462,2,,,1,100,,84463,2,,,1
701,'20261009',512,,84476,2,,,1,100,,84477,2,,,1,30,,84481,2,,,1,70,,84478,2,,,1,30,,84482,2,,,1,70,,84479,2,,,1,100,,84480,2,,,1
701,'20261010',1513,,84486,2,,,1
701,'20261011',1513,,84490,2,,,1
701,'20261012',512,,84501,2,,,1,100,,84502,2,,,1,30,,84506,2,,,1,70,,84503,2,,,1,30,,84507,2,,,1,70,,84504,2,,,1,100,,84505,2,,,1
701,'20261013',512,,84518,2,,,1,100,,84519,2,,,1,30,,84523,2,,,1,70,,84520,2,,,1,30,,84524,2,,,1,70,,84521,2,,,1,100,,84522,2,,,1
701,'20261014',512,,84535,2,,,1,100,,84536,2,,,1,30,,84540,2,,,1,70,,84537,2,,,1,30,,84541,2,,,1,70,,84538,2,,,1,100,,84539,2,,,1
701,'20261015',512,,84552,2,,,1,100,,84553,2,,,1,30,,84557,2,,,1,70,,84554,2,,,1,30,,84558,2,,,1,70,,84555,2,,,1,100,,84556,2,,,1
701,'20261016',512,,84569,2,,,1,100,,84570,2,,,1,30,,84574,2,,,1,70,,84571,2,,,1,30,,84575,2,,,1,70,,84572,2,,,1,100,,84573,2,,,1
701,'20261017',1513,,84579,2,,,1
701,'20261018',1513,,84583,2,,,1
701,'20261019',512,,84594,2,,,1,100,,84595,2,,,1,30,,84599,2,,,1,70,,84596,2,,,1,30,,84600,2,,,1,70,,84597,2,,,1,100,,84598,2,,,1
701,'20261020',512,,84611,2,,,1,100,,84612,2,,,1,30,,84616,2,,,1,70,,84613,2,,,1,30,,84617,2,,,1,70,,84614,2,,,1,100,,84615,2,,,1
701,'20261021',512,,84628,2,,,1,100,,84629,2,,,1,30,,84633,2,,,1,70,,84630,2,,,1,30,,84634,2,,,1,70,,84631,2,,,1,100,,84632,2,,,1
701,'20261022',512,,84645,2,,,1,100,,84646,2,,,1,30,,84650,2,,,1,70,,84647,2,,,1,30,,84651,2,,,1,70,,84648,2,,,1,100,,84649,2,,,1
701,'20261023',512,,84662,2,,,1,100,,84663,2,,,1,30,,84667,2,,,1,70,,84664,2,,,1,30,,84668,2,,,1,70,,84665,2,,,1,100,,84666,2,,,1
701,'20261024',1513,,84672,2,,,1
701,'20261025',1513,,84676,2,,,1
701,'20261026',512,,84687,2,,,1,100,,84688,2,,,1,30,,84692,2,,,1,70,,84689,2,,,1,30,,84693,2,,,1,70,,84690,2,,,1,100,,84691,2,,,1
701,'20261027',512,,84704,2,,,1,100,,84705,2,,,1,30,,84709,2,,,1,70,,84706,2,,,1,30,,84710,2,,,1,70,,84707,2,,,1,100,,84708,2,,,1
701,'20261028',512,,84721,2,,,1,100,,84722,2,,,1,30,,84726,2,,,1,70,,84723,2,,,1,30,,84727,2,,,1,70,,84724,2,,,1,100,,84725,2,,,1
701,'20261029',512,,84738,2,,,1,100,,84739,2,,,1,30,,84743,2,,,1,70,,84740,2,,,1,30,,84744,2,,,1,70,,84741,2,,,1,100,,84742,2,,,1
701,'20261030',512,,84755,2,,,1,100,,84756,2,,,1,30,,84760,2,,,1,70,,84757,2,,,1,30,,84761,2,,,1,70,,84758,2,,,1,100,,84759,2,,,1
701,'20261031',1513,,84765,2,,,1
701,'20261101',1513,,84769,2,,,1
701,'20261102',512,,84780,2,,,1,100,,84781,2,,,1,30,,84785,2,,,1,70,,84782,2,,,1,30,,84786,2,,,1,70,,84783,2,,,1,100,,84784,2,,,1
701,'20261103',512,,84797,2,,,1,100,,84798,2,,,1,30,,84802,2,,,1,70,,84799,2,,,1,30,,84803,2,,,1,70,,84800,2,,,1,100,,84801,2,,,1
701,'20261104',512,,84814,2,,,1,100,,84815,2,,,1,30,,84819,2,,,1,70,,84816,2,,,1,30,,84820,2,,,1,70,,84817,2,,,1,100,,84818,2,,,1
701,'20261105',512,,84831,2,,,1,100,,84832,2,,,1,30,,84836,2,,,1,70,,84833,2,,,1,30,,84837,2,,,1,70,,84834,2,,,1,100,,84835,2,,,1
701,'20261106',512,,84848,2,,,1,100,,84849,2,,,1,30,,84853,2,,,1,70,,84850,2,,,1,30,,84854,2,,,1,70,,84851,2,,,1,100,,84852,2,,,1
701,'20261107',1513,,84858,2,,,1
701,'20261108',1513,,84862,2,,,1
701,'20261109',512,,84873,2,,,1,100,,84874,2,,,1,30,,84878,2,,,1,70,,84875,2,,,1,30,,84879,2,,,1,70,,84876,2,,,1,100,,84877,2,,,1
701,'20261110',512,,84890,2,,,1,100,,84891,2,,,1,30,,84895,2,,,1,70,,84892,2,,,1,30,,84896,2,,,1,70,,84893,2,,,1,100,,84894,2,,,1
701,'20261111',512,,84907,2,,,1,100,,84908,2,,,1,30,,84912,2,,,1,70,,84909,2,,,1,30,,84913,2,,,1,70,,84910,2,,,1,100,,84911,2,,,1
701,'20261112',512,,84924,2,,,1,100,,84925,2,,,1,30,,84929,2,,,1,70,,84926,2,,,1,30,,84930,2,,,1,70,,84927,2,,,1,100,,84928,2,,,1
701,'20261113',512,,84941,2,,,1,100,,84942,2,,,1,30,,84946,2,,,1,70,,84943,2,,,1,30,,84947,2,,,1,70,,84944,2,,,1,100,,84945,2,,,1
701,'20261114',1513,,84951,2,,,1
701,'20261115',1513,,84955,2,,,1
701,'20261116',512,,84966,2,,,1,100,,84967,2,,,1,30,,84971,2,,,1,70,,84968,2,,,1,30,,84972,2,,,1,70,,84969,2,,,1,100,,84970,2,,,1
701,'20261117',512,,84983,2,,,1,100,,84984,2,,,1,30,,84988,2,,,1,70,,84985,2,,,1,30,,84989,2,,,1,70,,84986,2,,,1,100,,84987,2,,,1
701,'20261118',512,,85000,2,,,1,100,,85001,2,,,1,30,,85005,2,,,1,70,,85002,2,,,1,30,,85006,2,,,1,70,,85003,2,,,1,100,,85004,2,,,1
701,'20261119',512,,85017,2,,,1,100,,85018,2,,,1,30,,85022,2,,,1,70,,85019,2,,,1,30,,85023,2,,,1,70,,85020,2,,,1,100,,85021,2,,,1
701,'20261120',512,,85034,2,,,1,100,,85035,2,,,1,30,,85039,2,,,1,70,,85036,2,,,1,30,,85040,2,,,1,70,,85037,2,,,1,100,,85038,2,,,1
701,'20261121',1513,,85044,2,,,1
701,'20261122',1513,,85048,2,,,1
701,'20261123',512,,85059,2,,,1,100,,85060,2,,,1,30,,85064,2,,,1,70,,85061,2,,,1,30,,85065,2,,,1,70,,85062,2,,,1,100,,85063,2,,,1
701,'20261124',512,,85076,2,,,1,100,,85077,2,,,1,30,,85081,2,,,1,70,,85078,2,,,1,30,,85082,2,,,1,70,,85079,2,,,1,100,,85080,2,,,1
701,'20261125',512,,85093,2,,,1,100,,85094,2,,,1,30,,85098,2,,,1,70,,85095,2,,,1,30,,85099,2,,,1,70,,85096,2,,,1,100,,85097,2,,,1
701,'20261126',512,,85110,2,,,1,100,,85111,2,,,1,30,,85115,2,,,1,70,,85112,2,,,1,30,,85116,2,,,1,70,,85113,2,,,1,100,,85114,2,,,1
701,'20261127',512,,85127,2,,,1,100,,85128,2,,,1,30,,85132,2,,,1,70,,85129,2,,,1,30,,85133,2,,,1,70,,85130,2,,,1,100,,85131,2,,,1
