500,'20260819',1016,,49974,10,,,1,90,,49963,10,0,8,1,107,,49964,10,0,8,1,106,,49965,10,0,41,1,101,,49975,10,,,1,101,,49970,10,0,9,1,91,,49976,10,,,1,45,,49973,10,,,1,55,,49966,10,0,8,1,15,,49971,10,,,1,15,,49972,10,,,1,70,,49977,10,,,1,95,,49967,10,0,8,1,106,,65582,10,,,1
500,'20260820',1016,,49991,10,,,1,90,,49980,10,0,8,1,107,,49981,10,0,8,1,106,,49982,10,0,41,1,101,,49992,10,,,1,101,,49987,10,0,9,1,91,,49993,10,,,1,45,,49990,10,,,1,55,,49983,10,0,8,1,15,,49988,10,,,1,15,,49989,10,,,1,70,,49994,10,,,1,95,,49984,10,0,8,1,106,,65583,10,,,1
500,'20260821',1008,,50008,10,,,1,102,,49997,10,0,8,1,102,,49998,10,0,8,1,101,,49999,10,0,8,1,106,,50009,10,,,1,104,,50004,10,0,9,1,89,,50010,10,,,1,45,,50007,10,,,1,55,,50000,10,0,8,1,15,,50005,10,,,1,15,,50006,10,,,1,70,,50011,10,,,1,99,,50001,10,0,8,1,101,,50002,10,0,8,1,101,,50003,10,0,8,1,107,,50012,10,,,1,93,,50013,10,,,1
500,'20260822',907,,50023,10,,,1,106,,50014,10,0,8,1,102,,50015,10,0,41,1,94,,50024,10,,,1,104,,50016,10,0,8,1,102,,50017,10,0,41,1,94,,50025,10,,,1,104,,50018,10,0,8,1,102,,50019,10,0,41,1,93,,50026,10,,,1,105,,50020,10,0,8,1,100,,50021,10,0,8,1,106,,50027,10,,,1,103,,50022,10,0,9,1,91,,50028,10,,,1
500,'20260823',907,,50038,10,,,1,106,,50029,10,0,8,1,102,,50030,10,0,41,1,94,,50039,10,,,1,104,,50031,10,0,8,1,102,,50032,10,0,41,1,94,,50040,10,,,1,104,,50033,10,0,8,1,102,,50034,10,0,41,1,93,,50041,10,,,1,105,,50035,10,0,8,1,100,,50036,10,0,8,1,106,,50042,10,,,1,103,,50037,10,0,9,1,91,,50043,10,,,1
500,'20260824',1008,,65153,10,,,1,102,,50044,10,0,8,1,102,,65147,10,0,8,1,101,,50046,10,0,8,1,106,,65154,10,,,1,104,,65149,10,0,9,1,89,,65155,10,,,1,45,,65152,10,,,1,55,,50047,10,0,8,1,15,,65150,10,,,1,15,,65151,10,,,1,70,,50058,10,,,1,99,,50048,10,0,8,1,101,,50049,10,0,8,1,101,,65148,10,0,8,1,107,,65156,10,,,1,93,,50060,10,,,1
500,'20260825',1008,,50072,10,,,1,102,,50061,10,0,8,1,102,,50062,10,0,8,1,101,,50063,10,0,8,1,106,,50073,10,,,1,104,,50068,10,0,9,1,89,,50074,10,,,1,45,,50071,10,,,1,55,,50064,10,0,8,1,15,,50069,10,,,1,15,,50070,10,,,1,70,,50075,10,,,1,99,,50065,10,0,8,1,101,,50066,10,0,8,1,101,,50067,10,0,8,1,107,,50076,10,,,1,93,,50077,10,,,1
500,'20260826',1008,,50089,10,,,1,102,,50078,10,0,8,1,102,,50079,10,0,8,1,101,,50080,10,0,8,1,106,,50090,10,,,1,104,,50085,10,0,9,1,89,,50091,10,,,1,45,,50088,10,,,1,55,,50081,10,0,8,1,15,,50086,10,,,1,15,,50087,10,,,1,70,,50092,10,,,1,99,,50082,10,0,8,1,101,,50083,10,0,8,1,101,,50084,10,0,8,1,107,,50093,10,,,1,93,,50094,10,,,1
500,'20260827',1008,,50106,10,,,1,102,,50095,10,0,8,1,102,,50096,10,0,8,1,101,,50097,10,0,8,1,106,,50107,10,,,1,104,,50102,10,0,9,1,89,,50108,10,,,1,45,,50105,10,,,1,55,,50098,10,0,8,1,15,,50103,10,,,1,15,,50104,10,,,1,70,,50109,10,,,1,99,,50099,10,0,8,1,101,,50100,10,0,8,1,101,,50101,10,0,8,1,107,,50110,10,,,1,93,,50111,10,,,1
500,'20260828',1008,,50123,10,,,1,102,,50112,10,0,8,1,102,,50113,10,0,8,1,101,,50114,10,0,8,1,106,,50124,10,,,1,104,,50119,10,0,9,1,89,,50125,10,,,1,45,,50122,10,,,1,55,,50115,10,0,8,1,15,,50120,10,,,1,15,,50121,10,,,1,70,,50126,10,,,1,99,,50116,10,0,8,1,101,,50117,10,0,8,1,101,,50118,10,0,8,1,107,,50127,10,,,1,93,,50128,10,,,1
500,'20260829',911,,50138,10,,,1,102,,50129,10,0,8,1,100,,50130,10,0,8,1,100,,50139,10,,,1,100,,50131,10,0,8,1,100,,50132,10,0,8,1,100,,50140,10,,,1,100,,50133,10,0,8,1,100,,50134,10,0,8,1,100,,50141,10,,,1,100,,50135,10,0,8,1,100,,50136,10,0,8,1,104,,50142,10,,,1,103,,50137,10,0,9,1,93,,50143,10,,,1
500,'20260830',911,,50153,10,,,1,102,,50144,10,0,8,1,100,,50145,10,0,8,1,100,,50154,10,,,1,100,,50146,10,0,8,1,100,,50147,10,0,8,1,100,,50155,10,,,1,100,,50148,10,0,8,1,100,,50149,10,0,8,1,100,,50156,10,,,1,100,,50150,10,0,8,1,100,,50151,10,0,8,1,104,,50157,10,,,1,103,,50152,10,0,9,1,93,,50158,10,,,1
500,'20260831',1013,,65163,10,,,1,100,,50159,10,0,8,1,100,,65157,10,0,8,1,100,,50161,10,0,8,1,107,,65164,10,,,1,101,,65159,10,0,9,1,91,,65165,10,,,1,45,,65162,10,,,1,55,,50162,10,0,8,1,15,,65160,10,,,1,15,,65161,10,,,1,70,,50173,10,,,1,101,,50163,10,0,8,1,100,,50164,10,0,8,1,100,,65158,10,0,8,1,107,,65166,10,,,1,93,,50175,10,,,1
500,'20260901',1013,,50187,10,,,1,100,,50176,10,0,8,1,100,,50177,10,0,8,1,100,,50178,10,0,8,1,107,,50188,10,,,1,101,,50183,10,0,9,1,91,,50189,10,,,1,45,,50186,10,,,1,55,,50179,10,0,8,1,15,,50184,10,,,1,15,,50185,10,,,1,70,,50190,10,,,1,101,,50180,10,0,8,1,100,,50181,10,0,8,1,100,,50182,10,0,8,1,107,,50191,10,,,1,93,,50192,10,,,1
500,'20260902',1013,,50204,10,,,1,100,,50193,10,0,8,1,100,,50194,10,0,8,1,100,,50195,10,0,8,1,107,,50205,10,,,1,101,,50200,10,0,9,1,91,,50206,10,,,1,45,,50203,10,,,1,55,,50196,10,0,8,1,15,,50201,10,,,1,15,,50202,10,,,1,70,,50207,10,,,1,101,,50197,10,0,8,1,100,,50198,10,0,8,1,100,,50199,10,0,8,1,107,,50208,10,,,1,93,,50209,10,,,1
500,'20260903',1013,,50221,10,,,1,100,,50210,10,0,8,1,100,,50211,10,0,8,1,100,,50212,10,0,8,1,107,,50222,10,,,1,101,,50217,10,0,9,1,91,,50223,10,,,1,45,,50220,10,,,1,55,,50213,10,0,8,1,15,,50218,10,,,1,15,,50219,10,,,1,70,,50224,10,,,1,101,,50214,10,0,8,1,100,,50215,10,0,8,1,100,,50216,10,0,8,1,107,,50225,10,,,1,93,,50226,10,,,1
500,'20260904',1013,,50238,10,,,1,100,,50227,10,0,8,1,100,,50228,10,0,8,1,100,,50229,10,0,8,1,107,,50239,10,,,1,101,,50234,10,0,9,1,91,,50240,10,,,1,45,,50237,10,,,1,55,,50230,10,0,8,1,15,,50235,10,,,1,15,,50236,10,,,1,70,,50241,10,,,1,101,,50231,10,0,8,1,100,,50232,10,0,8,1,100,,50233,10,0,8,1,107,,50242,10,,,1,93,,50243,10,,,1
501,'20260819',609,,51382,19,,,1,30,,51383,26,,,1,70,,51385,26,,,1,30,,51384,26,,,1,20,,51375,13,,,1,60,,51386,26,,,1,15,,51387,26,,,1,94,,51388,26,,,1,99,,51389,26,,,1,92,,51376,7,,,1,107,,51377,13,,,1,106,,51378,13,,,1,100,,51390,26,,,1,103,,51379,7,,,1,491,,51380,13,,,1
501,'20260820',609,,51399,19,,,1,30,,51400,26,,,1,70,,51402,26,,,1,30,,51401,26,,,1,20,,51392,13,,,1,60,,51403,26,,,1,15,,51404,26,,,1,94,,51405,26,,,1,99,,51406,26,,,1,92,,51393,7,,,1,107,,51394,13,,,1,106,,51395,13,,,1,100,,51407,26,,,1,103,,51396,7,,,1,491,,51397,13,,,1
501,'20260821',607,,51416,19,,,1,30,,51417,26,,,1,70,,51419,26,,,1,30,,51418,26,,,1,20,,51409,13,,,1,60,,51420,26,,,1,15,,51421,26,,,1,94,,51422,26,,,1,94,,51423,26,,,1,102,,51410,13,,,1,101,,51411,13,,,1,101,,51412,13,,,1,106,,51424,26,,,1,104,,51413,13,,,1,489,,51414,13,,,1,101,,51415,13,,,1,108,,51425,26,,,1
501,'20260822',820,,51435,26,,,1,97,,51436,26,,,1,107,,51426,13,,,1,101,,51427,13,,,1,95,,51437,26,,,1,104,,51428,13,,,1,101,,51429,13,,,1,95,,51438,26,,,1,104,,51430,13,,,1,101,,51431,13,,,1,95,,51439,26,,,1,104,,51432,13,,,1,101,,51433,13,,,1,104,,51440,26,,,1,107,,51434,13,,,1
501,'20260823',820,,51450,26,,,1,97,,51451,26,,,1,107,,51441,13,,,1,101,,51442,13,,,1,95,,51452,26,,,1,104,,51443,13,,,1,101,,51444,13,,,1,95,,51453,26,,,1,104,,51445,13,,,1,101,,51446,13,,,1,95,,51454,26,,,1,104,,51447,13,,,1,101,,51448,13,,,1,104,,51455,26,,,1,107,,51449,13,,,1
501,'20260824',607,,65195,19,,,1,30,,65196,26,,,1,70,,65198,26,,,1,30,,65197,26,,,1,20,,65191,13,,,1,60,,51467,26,,,1,15,,65199,26,,,1,94,,51469,26,,,1,94,,65200,26,,,1,102,,51457,13,,,1,101,,65192,13,,,1,101,,51459,13,,,1,106,,65201,26,,,1,104,,65193,13,,,1,489,,51461,13,,,1,101,,65194,13,,,1,108,,65202,26,,,1
501,'20260825',607,,51480,19,,,1,30,,51481,26,,,1,70,,51483,26,,,1,30,,51482,26,,,1,20,,51473,13,,,1,60,,51484,26,,,1,15,,51485,26,,,1,94,,51486,26,,,1,94,,51487,26,,,1,102,,51474,13,,,1,101,,51475,13,,,1,101,,51476,13,,,1,106,,51488,26,,,1,104,,51477,13,,,1,489,,51478,13,,,1,101,,51479,13,,,1,108,,51489,26,,,1
501,'20260826',607,,51497,19,,,1,30,,51498,26,,,1,70,,51500,26,,,1,30,,51499,26,,,1,20,,51490,13,,,1,60,,51501,26,,,1,15,,51502,26,,,1,94,,51503,26,,,1,94,,51504,26,,,1,102,,51491,13,,,1,101,,51492,13,,,1,101,,51493,13,,,1,106,,51505,26,,,1,104,,51494,13,,,1,489,,51495,13,,,1,101,,51496,13,,,1,108,,51506,26,,,1
501,'20260827',607,,51514,19,,,1,30,,51515,26,,,1,70,,51517,26,,,1,30,,51516,26,,,1,20,,51507,13,,,1,60,,51518,26,,,1,15,,51519,26,,,1,94,,51520,26,,,1,94,,51521,26,,,1,102,,51508,13,,,1,101,,51509,13,,,1,101,,51510,13,,,1,106,,51522,26,,,1,104,,51511,13,,,1,489,,51512,13,,,1,101,,51513,13,,,1,108,,51523,26,,,1
501,'20260828',607,,51531,19,,,1,30,,51532,26,,,1,70,,51534,26,,,1,30,,51533,26,,,1,20,,51524,13,,,1,60,,51535,26,,,1,15,,51536,26,,,1,94,,51537,26,,,1,94,,51538,26,,,1,102,,51525,13,,,1,101,,51526,13,,,1,101,,51527,13,,,1,106,,51539,26,,,1,104,,51528,13,,,1,489,,51529,13,,,1,101,,51530,13,,,1,108,,51540,26,,,1
501,'20260829',822,,51550,26,,,1,100,,51551,26,,,1,104,,51541,13,,,1,100,,51542,13,,,1,100,,51552,26,,,1,100,,51543,13,,,1,100,,51544,13,,,1,100,,51553,26,,,1,100,,51545,13,,,1,100,,51546,13,,,1,100,,51554,26,,,1,100,,51547,13,,,1,100,,51548,13,,,1,103,,51555,26,,,1,105,,51549,13,,,1
501,'20260830',822,,51565,26,,,1,100,,51566,26,,,1,104,,51556,13,,,1,100,,51557,13,,,1,100,,51567,26,,,1,100,,51558,13,,,1,100,,51559,13,,,1,100,,51568,26,,,1,100,,51560,13,,,1,100,,51561,13,,,1,100,,51569,26,,,1,100,,51562,13,,,1,100,,51563,13,,,1,103,,51570,26,,,1,105,,51564,13,,,1
501,'20260831',609,,65207,19,,,1,30,,65208,26,,,1,70,,65210,26,,,1,30,,65209,26,,,1,20,,65203,13,,,1,60,,51582,26,,,1,15,,65211,26,,,1,94,,51584,26,,,1,99,,65212,26,,,1,100,,51572,13,,,1,99,,65204,13,,,1,100,,51574,13,,,1,106,,65213,26,,,1,103,,65205,13,,,1,491,,51576,13,,,1,100,,65206,13,,,1,106,,65214,26,,,1
501,'20260901',609,,51595,19,,,1,30,,51596,26,,,1,70,,51598,26,,,1,30,,51597,26,,,1,20,,51588,13,,,1,60,,51599,26,,,1,15,,51600,26,,,1,94,,51601,26,,,1,99,,51602,26,,,1,100,,51589,13,,,1,99,,51590,13,,,1,100,,51591,13,,,1,106,,51603,26,,,1,103,,51592,13,,,1,491,,51593,13,,,1,100,,51594,13,,,1,106,,51604,26,,,1
501,'20260902',609,,51612,19,,,1,30,,51613,26,,,1,70,,51615,26,,,1,30,,51614,26,,,1,20,,51605,13,,,1,60,,51616,26,,,1,15,,51617,26,,,1,94,,51618,26,,,1,99,,51619,26,,,1,100,,51606,13,,,1,99,,51607,13,,,1,100,,51608,13,,,1,106,,51620,26,,,1,103,,51609,13,,,1,491,,51610,13,,,1,100,,51611,13,,,1,106,,51621,26,,,1
501,'20260903',609,,51629,19,,,1,30,,51630,26,,,1,70,,51632,26,,,1,30,,51631,26,,,1,20,,51622,13,,,1,60,,51633,26,,,1,15,,51634,26,,,1,94,,51635,26,,,1,99,,51636,26,,,1,100,,51623,13,,,1,99,,51624,13,,,1,100,,51625,13,,,1,106,,51637,26,,,1,103,,51626,13,,,1,491,,51627,13,,,1,100,,51628,13,,,1,106,,51638,26,,,1
501,'20260904',609,,51646,19,,,1,30,,51647,26,,,1,70,,51649,26,,,1,30,,51648,26,,,1,20,,51639,13,,,1,60,,51650,26,,,1,15,,51651,26,,,1,94,,51652,26,,,1,99,,51653,26,,,1,100,,51640,13,,,1,99,,51641,13,,,1,100,,51642,13,,,1,106,,51654,26,,,1,103,,51643,13,,,1,491,,51644,13,,,1,100,,51645,13,,,1,106,,51655,26,,,1
