700,'20260831',928,,53645,16,0,23 24,1,100,,53646,16,0,23 24,1,100,,53647,16,0,23 24,1,100,,53648,16,0,23 24,1,100,,53649,16,0,23 24,1,100,,53650,16,0,23 24,1,100,,65285,16,,,1,72,,65281,16,0,25,1,28,,65286,16,,,1,30,,65289,16,,,1,60,,65282,16,0,25,1,10,,65287,16,,,1,72,,65290,16,,,1,43,,53651,16,0,23 24,1,85,,53652,16,0,23 24,1,100,,53653,16,0,23 24,1,100,,65283,16,0,23 24,1,100,,65284,16,0,23 24,1,100,,53659,16,,,1,100,,65288,16,,,1
700,'20260901',928,,53665,16,0,23 24,1,100,,53666,16,0,23 24,1,100,,53667,16,0,23 24,1,100,,53668,16,0,23 24,1,100,,53669,16,0,23 24,1,100,,53670,16,0,23 24,1,100,,53676,16,,,1,72,,53663,16,0,25,1,28,,53677,16,,,1,30,,53681,16,,,1,60,,53664,16,0,25,1,10,,53678,16,,,1,72,,53682,16,,,1,43,,53671,16,0,23 24,1,85,,53672,16,0,23 24,1,100,,53673,16,0,23 24,1,100,,53674,16,0,23 24,1,100,,53675,16,0,23 24,1,100,,53679,16,,,1,100,,53680,16,,,1
700,'20260902',928,,53685,16,0,23 24,1,100,,53686,16,0,23 24,1,100,,53687,16,0,23 24,1,100,,53688,16,0,23 24,1,100,,53689,16,0,23 24,1,100,,53690,16,0,23 24,1,100,,53696,16,,,1,72,,53683,16,0,25,1,28,,53697,16,,,1,30,,53701,16,,,1,60,,53684,16,0,25,1,10,,53698,16,,,1,72,,53702,16,,,1,43,,53691,16,0,23 24,1,85,,53692,16,0,23 24,1,100,,53693,16,0,23 24,1,100,,53694,16,0,23 24,1,100,,53695,16,0,23 24,1,100,,53699,16,,,1,100,,53700,16,,,1
700,'20260903',928,,53705,16,0,23 24,1,100,,53706,16,0,23 24,1,100,,53707,16,0,23 24,1,100,,53708,16,0,23 24,1,100,,53709,16,0,23 24,1,100,,53710,16,0,23 24,1,100,,53716,16,,,1,72,,53703,16,0,25,1,28,,53717,16,,,1,30,,53721,16,,,1,60,,53704,16,0,25,1,10,,53718,16,,,1,72,,53722,16,,,1,43,,53711,16,0,23 24,1,85,,53712,16,0,23 24,1,100,,53713,16,0,23 24,1,100,,53714,16,0,23 24,1,100,,53715,16,0,23 24,1,100,,53719,16,,,1,100,,53720,16,,,1
700,'20260904',928,,53725,16,0,23 24,1,100,,53726,16,0,23 24,1,100,,53727,16,0,23 24,1,100,,53728,16,0,23 24,1,100,,53729,16,0,23 24,1,100,,53730,16,0,23 24,1,100,,53736,16,,,1,72,,53723,16,0,25,1,28,,53737,16,,,1,30,,53741,16,,,1,60,,53724,16,0,25,1,10,,53738,16,,,1,72,,53742,16,,,1,43,,53731,16,0,23 24,1,85,,53732,16,0,23 24,1,100,,53733,16,0,23 24,1,100,,53734,16,0,23 24,1,100,,53735,16,0,23 24,1,100,,53739,16,,,1,100,,53740,16,,,1
700,'20260905',928,,82862,16,0,23 24,1,100,,82863,16,0,23 24,1,100,,82864,16,0,23 24,1,100,,82865,16,0,23 24,1,100,,82866,16,0,23 24,1,100,,82867,16,0,23 24,1,100,,82868,16,0,23 24,1,100,,82869,16,0,23 24,1,100,,82870,16,0,23 24,1,100,,82871,16,0,23 24,1,100,,82872,16,0,23 24,1,100,,82873,16,0,23 24,1,100,,82874,16,,,1,100,,82875,16,,,1,100,,82876,16,,,1
700,'20260906',928,,82877,16,0,23 24,1,100,,82878,16,0,23 24,1,100,,82879,16,0,23 24,1,100,,82880,16,0,23 24,1,100,,82881,16,0,23 24,1,100,,82882,16,0,23 24,1,100,,82883,16,0,23 24,1,100,,82884,16,0,23 24,1,100,,82885,16,0,23 24,1,100,,82886,16,0,23 24,1,100,,82887,16,0,23 24,1,100,,82888,16,0,23 24,1,100,,82889,16,,,1,100,,82890,16,,,1,100,,82891,16,,,1
700,'20260907',928,,82892,16,0,23 24,1,100,,82893,16,0,23 24,1,100,,82894,16,0,23 24,1,100,,82895,16,0,23 24,1,100,,82896,16,0,23 24,1,100,,82897,16,0,23 24,1,100,,82898,16,0,23 24,1,100,,82899,16,0,23 24,1,100,,82900,16,0,23 24,1,100,,82901,16,0,23 24,1,100,,82902,16,0,23 24,1,100,,82903,16,0,23 24,1,100,,82904,16,,,1,100,,82905,16,,,1,100,,82906,16,,,1
700,'20260908',928,,82909,16,0,23 24,1,100,,82910,16,0,23 24,1,100,,82911,16,0,23 24,1,100,,82912,16,0,23 24,1,100,,82913,16,0,23 24,1,100,,82914,16,0,23 24,1,100,,82917,16,,,1,72,,82907,16,0,25,1,28,,82918,16,,,1,30,,82921,16,,,1,60,,82908,16,0,25,1,10,,82919,16,,,1,72,,82922,16,,,1,43,,82915,16,0,23 24,1,85,,82916,16,0,23 24,1,100,,82920,16,,,1,230,,82923,16,,,1
700,'20260909',928,,82926,16,0,23 24,1,100,,82927,16,0,23 24,1,100,,82928,16,0,23 24,1,100,,82929,16,0,23 24,1,100,,82930,16,0,23 24,1,100,,82931,16,0,23 24,1,100,,82934,16,,,1,72,,82924,16,0,25,1,28,,82935,16,,,1,30,,82938,16,,,1,60,,82925,16,0,25,1,10,,82936,16,,,1,72,,82939,16,,,1,43,,82932,16,0,23 24,1,85,,82933,16,0,23 24,1,100,,82937,16,,,1,230,,82940,16,,,1
700,'20260910',928,,82943,16,0,23 24,1,100,,82944,16,0,23 24,1,100,,82945,16,0,23 24,1,100,,82946,16,0,23 24,1,100,,82947,16,0,23 24,1,100,,82948,16,0,23 24,1,100,,82951,16,,,1,72,,82941,16,0,25,1,28,,82952,16,,,1,30,,82955,16,,,1,60,,82942,16,0,25,1,10,,82953,16,,,1,72,,82956,16,,,1,43,,82949,16,0,23 24,1,85,,82950,16,0,23 24,1,100,,82954,16,,,1,230,,82957,16,,,1
700,'20260911',928,,82960,16,0,23 24,1,100,,82961,16,0,23 24,1,100,,82962,16,0,23 24,1,100,,82963,16,0,23 24,1,100,,82964,16,0,23 24,1,100,,82965,16,0,23 24,1,100,,82968,16,,,1,72,,82958,16,0,25,1,28,,82969,16,,,1,30,,82972,16,,,1,60,,82959,16,0,25,1,10,,82970,16,,,1,72,,82973,16,,,1,43,,82966,16,0,23 24,1,85,,82967,16,0,23 24,1,100,,82971,16,,,1,230,,82974,16,,,1
700,'20260912',1628,,82975,16,0,23 24,1,200,,82976,16,0,23 24,1,200,,82977,16,0,23 24,1,200,,82978,16,,,1
700,'20260913',1628,,82979,16,0,23 24,1,200,,82980,16,0,23 24,1,200,,82981,16,0,23 24,1,200,,82982,16,,,1
700,'20260914',928,,82985,16,0,23 24,1,100,,82986,16,0,23 24,1,100,,82987,16,0,23 24,1,100,,82988,16,0,23 24,1,100,,82989,16,0,23 24,1,100,,82990,16,0,23 24,1,100,,82993,16,,,1,72,,82983,16,0,25,1,28,,82994,16,,,1,30,,82997,16,,,1,60,,82984,16,0,25,1,10,,82995,16,,,1,72,,82998,16,,,1,43,,82991,16,0,23 24,1,85,,82992,16,0,23 24,1,100,,82996,16,,,1,230,,82999,16,,,1
700,'20260915',928,,83002,16,0,23 24,1,100,,83003,16,0,23 24,1,100,,83004,16,0,23 24,1,100,,83005,16,0,23 24,1,100,,83006,16,0,23 24,1,100,,83007,16,0,23 24,1,100,,83010,16,,,1,72,,83000,16,0,25,1,28,,83011,16,,,1,30,,83014,16,,,1,60,,83001,16,0,25,1,10,,83012,16,,,1,72,,83015,16,,,1,43,,83008,16,0,23 24,1,85,,83009,16,0,23 24,1,100,,83013,16,,,1,230,,83016,16,,,1
700,'20260916',928,,83019,16,0,23 24,1,100,,83020,16,0,23 24,1,100,,83021,16,0,23 24,1,100,,83022,16,0,23 24,1,100,,83023,16,0,23 24,1,100,,83024,16,0,23 24,1,100,,83027,16,,,1,72,,83017,16,0,25,1,28,,83028,16,,,1,30,,83031,16,,,1,60,,83018,16,0,25,1,10,,83029,16,,,1,72,,83032,16,,,1,43,,83025,16,0,23 24,1,85,,83026,16,0,23 24,1,100,,83030,16,,,1,230,,83033,16,,,1
700,'20260917',928,,83036,16,0,23 24,1,100,,83037,16,0,23 24,1,100,,83038,16,0,23 24,1,100,,83039,16,0,23 24,1,100,,83040,16,0,23 24,1,100,,83041,16,0,23 24,1,100,,83044,16,,,1,72,,83034,16,0,25,1,28,,83045,16,,,1,30,,83048,16,,,1,60,,83035,16,0,25,1,10,,83046,16,,,1,72,,83049,16,,,1,43,,83042,16,0,23 24,1,85,,83043,16,0,23 24,1,100,,83047,16,,,1,230,,83050,16,,,1
700,'20260918',928,,83053,16,0,23 24,1,100,,83054,16,0,23 24,1,100,,83055,16,0,23 24,1,100,,83056,16,0,23 24,1,100,,83057,16,0,23 24,1,100,,83058,16,0,23 24,1,100,,83061,16,,,1,72,,83051,16,0,25,1,28,,83062,16,,,1,30,,83065,16,,,1,60,,83052,16,0,25,1,10,,83063,16,,,1,72,,83066,16,,,1,43,,83059,16,0,23 24,1,85,,83060,16,0,23 24,1,100,,83064,16,,,1,230,,83067,16,,,1
700,'20260919',1628,,83068,16,0,23 24,1,200,,83069,16,0,23 24,1,200,,83070,16,0,23 24,1,200,,83071,16,,,1
700,'20260920',1628,,83072,16,0,23 24,1,200,,83073,16,0,23 24,1,200,,83074,16,0,23 24,1,200,,83075,16,,,1
700,'20260921',928,,83078,16,0,23 24,1,100,,83079,16,0,23 24,1,100,,83080,16,0,23 24,1,100,,83081,16,0,23 24,1,100,,83082,16,0,23 24,1,100,,83083,16,0,23 24,1,100,,83086,16,,,1,72,,83076,16,0,25,1,28,,83087,16,,,1,30,,83090,16,,,1,60,,83077,16,0,25,1,10,,83088,16,,,1,72,,83091,16,,,1,43,,83084,16,0,23 24,1,85,,83085,16,0,23 24,1,100,,83089,16,,,1,230,,83092,16,,,1
700,'20260922',928,,83095,16,0,23 24,1,100,,83096,16,0,23 24,1,100,,83097,16,0,23 24,1,100,,83098,16,0,23 24,1,100,,83099,16,0,23 24,1,100,,83100,16,0,23 24,1,100,,83103,16,,,1,72,,83093,16,0,25,1,28,,83104,16,,,1,30,,83107,16,,,1,60,,83094,16,0,25,1,10,,83105,16,,,1,72,,83108,16,,,1,43,,83101,16,0,23 24,1,85,,83102,16,0,23 24,1,100,,83106,16,,,1,230,,83109,16,,,1
700,'20260923',928,,83112,16,0,23 24,1,100,,83113,16,0,23 24,1,100,,83114,16,0,23 24,1,100,,83115,16,0,23 24,1,100,,83116,16,0,23 24,1,100,,83117,16,0,23 24,1,100,,83120,16,,,1,72,,83110,16,0,25,1,28,,83121,16,,,1,30,,83124,16,,,1,60,,83111,16,0,25,1,10,,83122,16,,,1,72,,83125,16,,,1,43,,83118,16,0,23 24,1,85,,83119,16,0,23 24,1,100,,83123,16,,,1,230,,83126,16,,,1
700,'20260924',928,,83129,16,0,23 24,1,100,,83130,16,0,23 24,1,100,,83131,16,0,23 24,1,100,,83132,16,0,23 24,1,100,,83133,16,0,23 24,1,100,,83134,16,0,23 24,1,100,,83137,16,,,1,72,,83127,16,0,25,1,28,,83138,16,,,1,30,,83141,16,,,1,60,,83128,16,0,25,1,10,,83139,16,,,1,72,,83142,16,,,1,43,,83135,16,0,23 24,1,85,,83136,16,0,23 24,1,100,,83140,16,,,1,230,,83143,16,,,1
700,'20260925',928,,83146,16,0,23 24,1,100,,83147,16,0,23 24,1,100,,83148,16,0,23 24,1,100,,83149,16,0,23 24,1,100,,83150,16,0,23 24,1,100,,83151,16,0,23 24,1,100,,83154,16,,,1,72,,83144,16,0,25,1,28,,83155,16,,,1,30,,83158,16,,,1,60,,83145,16,0,25,1,10,,83156,16,,,1,72,,83159,16,,,1,43,,83152,16,0,23 24,1,85,,83153,16,0,23 24,1,100,,83157,16,,,1,230,,83160,16,,,1
700,'20260926',1628,,83161,16,0,23 24,1,200,,83162,16,0,23 24,1,200,,83163,16,0,23 24,1,200,,83164,16,,,1
700,'20260927',1628,,83165,16,0,23 24,1,200,,83166,16,0,23 24,1,200,,83167,16,0,23 24,1,200,,83168,16,,,1
700,'20260928',928,,83171,16,0,23 24,1,100,,83172,16,0,23 24,1,100,,83173,16,0,23 24,1,100,,83174,16,0,23 24,1,100,,83175,16,0,23 24,1,100,,83176,16,0,23 24,1,100,,83179,16,,,1,72,,83169,16,0,25,1,28,,83180,16,,,1,30,,83183,16,,,1,60,,83170,16,0,25,1,10,,83181,16,,,1,72,,83184,16,,,1,43,,83177,16,0,23 24,1,85,,83178,16,0,23 24,1,100,,83182,16,,,1,230,,83185,16,,,1
700,'20260929',928,,83188,16,0,23 24,1,100,,83189,16,0,23 24,1,100,,83190,16,0,23 24,1,100,,83191,16,0,23 24,1,100,,83192,16,0,23 24,1,100,,83193,16,0,23 24,1,100,,83196,16,,,1,72,,83186,16,0,25,1,28,,83197,16,,,1,30,,83200,16,,,1,60,,83187,16,0,25,1,10,,83198,16,,,1,72,,83201,16,,,1,43,,83194,16,0,23 24,1,85,,83195,16,0,23 24,1,100,,83199,16,,,1,230,,83202,16,,,1
700,'20260930',928,,83205,16,0,23 24,1,100,,83206,16,0,23 24,1,100,,83207,16,0,23 24,1,100,,83208,16,0,23 24,1,100,,83209,16,0,23 24,1,100,,83210,16,0,23 24,1,100,,83213,16,,,1,72,,83203,16,0,25,1,28,,83214,16,,,1,30,,83217,16,,,1,60,,83204,16,0,25,1,10,,83215,16,,,1,72,,83218,16,,,1,43,,83211,16,0,23 24,1,85,,83212,16,0,23 24,1,100,,83216,16,,,1,230,,83219,16,,,1
700,'20261001',928,,83222,16,0,23 24,1,100,,83223,16,0,23 24,1,100,,83224,16,0,23 24,1,100,,83225,16,0,23 24,1,100,,83226,16,0,23 24,1,100,,83227,16,0,23 24,1,100,,83230,16,,,1,72,,83220,16,0,25,1,28,,83231,16,,,1,30,,83234,16,,,1,60,,83221,16,0,25,1,10,,83232,16,,,1,72,,83235,16,,,1,43,,83228,16,0,23 24,1,85,,83229,16,0,23 24,1,100,,83233,16,,,1,230,,83236,16,,,1
700,'20261002',928,,83239,16,0,23 24,1,100,,83240,16,0,23 24,1,100,,83241,16,0,23 24,1,100,,83242,16,0,23 24,1,100,,83243,16,0,23 24,1,100,,83244,16,0,23 24,1,100,,83247,16,,,1,72,,83237,16,0,25,1,28,,83248,16,,,1,30,,83251,16,,,1,60,,83238,16,0,25,1,10,,83249,16,,,1,72,,83252,16,,,1,43,,83245,16,0,23 24,1,85,,83246,16,0,23 24,1,100,,83250,16,,,1,230,,83253,16,,,1
700,'20261003',1628,,83254,16,0,23 24,1,200,,83255,16,0,23 24,1,200,,83256,16,0,23 24,1,200,,83257,16,,,1
700,'20261004',1628,,83258,16,0,23 24,1,200,,83259,16,0,23 24,1,200,,83260,16,0,23 24,1,200,,83261,16,,,1
700,'20261005',928,,83264,16,0,23 24,1,100,,83265,16,0,23 24,1,100,,83266,16,0,23 24,1,100,,83267,16,0,23 24,1,100,,83268,16,0,23 24,1,100,,83269,16,0,23 24,1,100,,83272,16,,,1,72,,83262,16,0,25,1,28,,83273,16,,,1,30,,83276,16,,,1,60,,83263,16,0,25,1,10,,83274,16,,,1,72,,83277,16,,,1,43,,83270,16,0,23 24,1,85,,83271,16,0,23 24,1,100,,83275,16,,,1,230,,83278,16,,,1
700,'20261006',928,,83281,16,0,23 24,1,100,,83282,16,0,23 24,1,100,,83283,16,0,23 24,1,100,,83284,16,0,23 24,1,100,,83285,16,0,23 24,1,100,,83286,16,0,23 24,1,100,,83289,16,,,1,72,,83279,16,0,25,1,28,,83290,16,,,1,30,,83293,16,,,1,60,,83280,16,0,25,1,10,,83291,16,,,1,72,,83294,16,,,1,43,,83287,16,0,23 24,1,85,,83288,16,0,23 24,1,100,,83292,16,,,1,230,,83295,16,,,1
700,'20261007',928,,83298,16,0,23 24,1,100,,83299,16,0,23 24,1,100,,83300,16,0,23 24,1,100,,83301,16,0,23 24,1,100,,83302,16,0,23 24,1,100,,83303,16,0,23 24,1,100,,83306,16,,,1,72,,83296,16,0,25,1,28,,83307,16,,,1,30,,83310,16,,,1,60,,83297,16,0,25,1,10,,83308,16,,,1,72,,83311,16,,,1,43,,83304,16,0,23 24,1,85,,83305,16,0,23 24,1,100,,83309,16,,,1,230,,83312,16,,,1
700,'20261008',928,,83315,16,0,23 24,1,100,,83316,16,0,23 24,1,100,,83317,16,0,23 24,1,100,,83318,16,0,23 24,1,100,,83319,16,0,23 24,1,100,,83320,16,0,23 24,1,100,,83323,16,,,1,72,,83313,16,0,25,1,28,,83324,16,,,1,30,,83327,16,,,1,60,,83314,16,0,25,1,10,,83325,16,,,1,72,,83328,16,,,1,43,,83321,16,0,23 24,1,85,,83322,16,0,23 24,1,100,,83326,16,,,1,230,,83329,16,,,1
700,'20261009',928,,83332,16,0,23 24,1,100,,83333,16,0,23 24,1,100,,83334,16,0,23 24,1,100,,83335,16,0,23 24,1,100,,83336,16,0,23 24,1,100,,83337,16,0,23 24,1,100,,83340,16,,,1,72,,83330,16,0,25,1,28,,83341,16,,,1,30,,83344,16,,,1,60,,83331,16,0,25,1,10,,83342,16,,,1,72,,83345,16,,,1,43,,83338,16,0,23 24,1,85,,83339,16,0,23 24,1,100,,83343,16,,,1,230,,83346,16,,,1
700,'20261010',1628,,83347,16,0,23 24,1,200,,83348,16,0,23 24,1,200,,83349,16,0,23 24,1,200,,83350,16,,,1
700,'20261011',1628,,83351,16,0,23 24,1,200,,83352,16,0,23 24,1,200,,83353,16,0,23 24,1,200,,83354,16,,,1
700,'20261012',928,,83357,16,0,23 24,1,100,,83358,16,0,23 24,1,100,,83359,16,0,23 24,1,100,,83360,16,0,23 24,1,100,,83361,16,0,23 24,1,100,,83362,16,0,23 24,1,100,,83365,16,,,1,72,,83355,16,0,25,1,28,,83366,16,,,1,30,,83369,16,,,1,60,,83356,16,0,25,1,10,,83367,16,,,1,72,,83370,16,,,1,43,,83363,16,0,23 24,1,85,,83364,16,0,23 24,1,100,,83368,16,,,1,230,,83371,16,,,1
700,'20261013',928,,83374,16,0,23 24,1,100,,83375,16,0,23 24,1,100,,83376,16,0,23 24,1,100,,83377,16,0,23 24,1,100,,83378,16,0,23 24,1,100,,83379,16,0,23 24,1,100,,83382,16,,,1,72,,83372,16,0,25,1,28,,83383,16,,,1,30,,83386,16,,,1,60,,83373,16,0,25,1,10,,83384,16,,,1,72,,83387,16,,,1,43,,83380,16,0,23 24,1,85,,83381,16,0,23 24,1,100,,83385,16,,,1,230,,83388,16,,,1
700,'20261014',928,,83391,16,0,23 24,1,100,,83392,16,0,23 24,1,100,,83393,16,0,23 24,1,100,,83394,16,0,23 24,1,100,,83395,16,0,23 24,1,100,,83396,16,0,23 24,1,100,,83399,16,,,1,72,,83389,16,0,25,1,28,,83400,16,,,1,30,,83403,16,,,1,60,,83390,16,0,25,1,10,,83401,16,,,1,72,,83404,16,,,1,43,,83397,16,0,23 24,1,85,,83398,16,0,23 24,1,100,,83402,16,,,1,230,,83405,16,,,1
700,'20261015',928,,83408,16,0,23 24,1,100,,83409,16,0,23 24,1,100,,83410,16,0,23 24,1,100,,83411,16,0,23 24,1,100,,83412,16,0,23 24,1,100,,83413,16,0,23 24,1,100,,83416,16,,,1,72,,83406,16,0,25,1,28,,83417,16,,,1,30,,83420,16,,,1,60,,83407,16,0,25,1,10,,83418,16,,,1,72,,83421,16,,,1,43,,83414,16,0,23 24,1,85,,83415,16,0,23 24,1,100,,83419,16,,,1,230,,83422,16,,,1
700,'20261016',928,,83425,16,0,23 24,1,100,,83426,16,0,23 24,1,100,,83427,16,0,23 24,1,100,,83428,16,0,23 24,1,100,,83429,16,0,23 24,1,100,,83430,16,0,23 24,1,100,,83433,16,,,1,72,,83423,16,0,25,1,28,,83434,16,,,1,30,,83437,16,,,1,60,,83424,16,0,25,1,10,,83435,16,,,1,72,,83438,16,,,1,43,,83431,16,0,23 24,1,85,,83432,16,0,23 24,1,100,,83436,16,,,1,230,,83439,16,,,1
700,'20261017',1628,,83440,16,0,23 24,1,200,,83441,16,0,23 24,1,200,,83442,16,0,23 24,1,200,,83443,16,,,1
700,'20261018',1628,,83444,16,0,23 24,1,200,,83445,16,0,23 24,1,200,,83446,16,0,23 24,1,200,,83447,16,,,1
700,'20261019',928,,83450,16,0,23 24,1,100,,83451,16,0,23 24,1,100,,83452,16,0,23 24,1,100,,83453,16,0,23 24,1,100,,83454,16,0,23 24,1,100,,83455,16,0,23 24,1,100,,83458,16,,,1,72,,83448,16,0,25,1,28,,83459,16,,,1,30,,83462,16,,,1,60,,83449,16,0,25,1,10,,83460,16,,,1,72,,83463,16,,,1,43,,83456,16,0,23 24,1,85,,83457,16,0,23 24,1,100,,83461,16,,,1,230,,83464,16,,,1
700,'20261020',928,,83467,16,0,23 24,1,100,,83468,16,0,23 24,1,100,,83469,16,0,23 24,1,100,,83470,16,0,23 24,1,100,,83471,16,0,23 24,1,100,,83472,16,0,23 24,1,100,,83475,16,,,1,72,,83465,16,0,25,1,28,,83476,16,,,1,30,,83479,16,,,1,60,,83466,16,0,25,1,10,,83477,16,,,1,72,,83480,16,,,1,43,,83473,16,0,23 24,1,85,,83474,16,0,23 24,1,100,,83478,16,,,1,230,,83481,16,,,1
700,'20261021',928,,83484,16,0,23 24,1,100,,83485,16,0,23 24,1,100,,83486,16,0,23 24,1,100,,83487,16,0,23 24,1,100,,83488,16,0,23 24,1,100,,83489,16,0,23 24,1,100,,83492,16,,,1,72,,83482,16,0,25,1,28,,83493,16,,,1,30,,83496,16,,,1,60,,83483,16,0,25,1,10,,83494,16,,,1,72,,83497,16,,,1,43,,83490,16,0,23 24,1,85,,83491,16,0,23 24,1,100,,83495,16,,,1,230,,83498,16,,,1
700,'20261022',928,,83501,16,0,23 24,1,100,,83502,16,0,23 24,1,100,,83503,16,0,23 24,1,100,,83504,16,0,23 24,1,100,,83505,16,0,23 24,1,100,,83506,16,0,23 24,1,100,,83509,16,,,1,72,,83499,16,0,25,1,28,,83510,16,,,1,30,,83513,16,,,1,60,,83500,16,0,25,1,10,,83511,16,,,1,72,,83514,16,,,1,43,,83507,16,0,23 24,1,85,,83508,16,0,23 24,1,100,,83512,16,,,1,230,,83515,16,,,1
700,'20261023',928,,83518,16,0,23 24,1,100,,83519,16,0,23 24,1,100,,83520,16,0,23 24,1,100,,83521,16,0,23 24,1,100,,83522,16,0,23 24,1,100,,83523,16,0,23 24,1,100,,83526,16,,,1,72,,83516,16,0,25,1,28,,83527,16,,,1,30,,83530,16,,,1,60,,83517,16,0,25,1,10,,83528,16,,,1,72,,83531,16,,,1,43,,83524,16,0,23 24,1,85,,83525,16,0,23 24,1,100,,83529,16,,,1,230,,83532,16,,,1
700,'20261024',1628,,83533,16,0,23 24,1,200,,83534,16,0,23 24,1,200,,83535,16,0,23 24,1,200,,83536,16,,,1
700,'20261025',1628,,83537,16,0,23 24,1,200,,83538,16,0,23 24,1,200,,83539,16,0,23 24,1,200,,83540,16,,,1
700,'20261026',928,,83543,16,0,23 24,1,100,,83544,16,0,23 24,1,100,,83545,16,0,23 24,1,100,,83546,16,0,23 24,1,100,,83547,16,0,23 24,1,100,,83548,16,0,23 24,1,100,,83551,16,,,1,72,,83541,16,0,25,1,28,,83552,16,,,1,30,,83555,16,,,1,60,,83542,16,0,25,1,10,,83553,16,,,1,72,,83556,16,,,1,43,,83549,16,0,23 24,1,85,,83550,16,0,23 24,1,100,,83554,16,,,1,230,,83557,16,,,1
700,'20261027',928,,83560,16,0,23 24,1,100,,83561,16,0,23 24,1,100,,83562,16,0,23 24,1,100,,83563,16,0,23 24,1,100,,83564,16,0,23 24,1,100,,83565,16,0,23 24,1,100,,83568,16,,,1,72,,83558,16,0,25,1,28,,83569,16,,,1,30,,83572,16,,,1,60,,83559,16,0,25,1,10,,83570,16,,,1,72,,83573,16,,,1,43,,83566,16,0,23 24,1,85,,83567,16,0,23 24,1,100,,83571,16,,,1,230,,83574,16,,,1
700,'20261028',928,,83577,16,0,23 24,1,100,,83578,16,0,23 24,1,100,,83579,16,0,23 24,1,100,,83580,16,0,23 24,1,100,,83581,16,0,23 24,1,100,,83582,16,0,23 24,1,100,,83585,16,,,1,72,,83575,16,0,25,1,28,,83586,16,,,1,30,,83589,16,,,1,60,,83576,16,0,25,1,10,,83587,16,,,1,72,,83590,16,,,1,43,,83583,16,0,23 24,1,85,,83584,16,0,23 24,1,100,,83588,16,,,1,230,,83591,16,,,1
700,'20261029',928,,83594,16,0,23 24,1,100,,83595,16,0,23 24,1,100,,83596,16,0,23 24,1,100,,83597,16,0,23 24,1,100,,83598,16,0,23 24,1,100,,83599,16,0,23 24,1,100,,83602,16,,,1,72,,83592,16,0,25,1,28,,83603,16,,,1,30,,83606,16,,,1,60,,83593,16,0,25,1,10,,83604,16,,,1,72,,83607,16,,,1,43,,83600,16,0,23 24,1,85,,83601,16,0,23 24,1,100,,83605,16,,,1,230,,83608,16,,,1
700,'20261030',928,,83611,16,0,23 24,1,100,,83612,16,0,23 24,1,100,,83613,16,0,23 24,1,100,,83614,16,0,23 24,1,100,,83615,16,0,23 24,1,100,,83616,16,0,23 24,1,100,,83619,16,,,1,72,,83609,16,0,25,1,28,,83620,16,,,1,30,,83623,16,,,1,60,,83610,16,0,25,1,10,,83621,16,,,1,72,,83624,16,,,1,43,,83617,16,0,23 24,1,85,,83618,16,0,23 24,1,100,,83622,16,,,1,230,,83625,16,,,1
700,'20261031',1628,,83626,16,0,23 24,1,200,,83627,16,0,23 24,1,200,,83628,16,0,23 24,1,200,,83629,16,,,1
700,'20261101',1628,,83630,16,0,23 24,1,200,,83631,16,0,23 24,1,200,,83632,16,0,23 24,1,200,,83633,16,,,1
700,'20261102',928,,83636,16,0,23 24,1,100,,83637,16,0,23 24,1,100,,83638,16,0,23 24,1,100,,83639,16,0,23 24,1,100,,83640,16,0,23 24,1,100,,83641,16,0,23 24,1,100,,83644,16,,,1,72,,83634,16,0,25,1,28,,83645,16,,,1,30,,83648,16,,,1,60,,83635,16,0,25,1,10,,83646,16,,,1,72,,83649,16,,,1,43,,83642,16,0,23 24,1,85,,83643,16,0,23 24,1,100,,83647,16,,,1,230,,83650,16,,,1
700,'20261103',928,,83653,16,0,23 24,1,100,,83654,16,0,23 24,1,100,,83655,16,0,23 24,1,100,,83656,16,0,23 24,1,100,,83657,16,0,23 24,1,100,,83658,16,0,23 24,1,100,,83661,16,,,1,72,,83651,16,0,25,1,28,,83662,16,,,1,30,,83665,16,,,1,60,,83652,16,0,25,1,10,,83663,16,,,1,72,,83666,16,,,1,43,,83659,16,0,23 24,1,85,,83660,16,0,23 24,1,100,,83664,16,,,1,230,,83667,16,,,1
700,'20261104',928,,83670,16,0,23 24,1,100,,83671,16,0,23 24,1,100,,83672,16,0,23 24,1,100,,83673,16,0,23 24,1,100,,83674,16,0,23 24,1,100,,83675,16,0,23 24,1,100,,83678,16,,,1,72,,83668,16,0,25,1,28,,83679,16,,,1,30,,83682,16,,,1,60,,83669,16,0,25,1,10,,83680,16,,,1,72,,83683,16,,,1,43,,83676,16,0,23 24,1,85,,83677,16,0,23 24,1,100,,83681,16,,,1,230,,83684,16,,,1
700,'20261105',928,,83687,16,0,23 24,1,100,,83688,16,0,23 24,1,100,,83689,16,0,23 24,1,100,,83690,16,0,23 24,1,100,,83691,16,0,23 24,1,100,,83692,16,0,23 24,1,100,,83695,16,,,1,72,,83685,16,0,25,1,28,,83696,16,,,1,30,,83699,16,,,1,60,,83686,16,0,25,1,10,,83697,16,,,1,72,,83700,16,,,1,43,,83693,16,0,23 24,1,85,,83694,16,0,23 24,1,100,,83698,16,,,1,230,,83701,16,,,1
700,'20261106',928,,83704,16,0,23 24,1,100,,83705,16,0,23 24,1,100,,83706,16,0,23 24,1,100,,83707,16,0,23 24,1,100,,83708,16,0,23 24,1,100,,83709,16,0,23 24,1,100,,83712,16,,,1,72,,83702,16,0,25,1,28,,83713,16,,,1,30,,83716,16,,,1,60,,83703,16,0,25,1,10,,83714,16,,,1,72,,83717,16,,,1,43,,83710,16,0,23 24,1,85,,83711,16,0,23 24,1,100,,83715,16,,,1,230,,83718,16,,,1
700,'20261107',1628,,83719,16,0,23 24,1,200,,83720,16,0,23 24,1,200,,83721,16,0,23 24,1,200,,83722,16,,,1
700,'20261108',1628,,83723,16,0,23 24,1,200,,83724,16,0,23 24,1,200,,83725,16,0,23 24,1,200,,83726,16,,,1
700,'20261109',928,,83729,16,0,23 24,1,100,,83730,16,0,23 24,1,100,,83731,16,0,23 24,1,100,,83732,16,0,23 24,1,100,,83733,16,0,23 24,1,100,,83734,16,0,23 24,1,100,,83737,16,,,1,72,,83727,16,0,25,1,28,,83738,16,,,1,30,,83741,16,,,1,60,,83728,16,0,25,1,10,,83739,16,,,1,72,,83742,16,,,1,43,,83735,16,0,23 24,1,85,,83736,16,0,23 24,1,100,,83740,16,,,1,230,,83743,16,,,1
700,'20261110',928,,83746,16,0,23 24,1,100,,83747,16,0,23 24,1,100,,83748,16,0,23 24,1,100,,83749,16,0,23 24,1,100,,83750,16,0,23 24,1,100,,83751,16,0,23 24,1,100,,83754,16,,,1,72,,83744,16,0,25,1,28,,83755,16,,,1,30,,83758,16,,,1,60,,83745,16,0,25,1,10,,83756,16,,,1,72,,83759,16,,,1,43,,83752,16,0,23 24,1,85,,83753,16,0,23 24,1,100,,83757,16,,,1,230,,83760,16,,,1
700,'20261111',928,,83763,16,0,23 24,1,100,,83764,16,0,23 24,1,100,,83765,16,0,23 24,1,100,,83766,16,0,23 24,1,100,,83767,16,0,23 24,1,100,,83768,16,0,23 24,1,100,,83771,16,,,1,72,,83761,16,0,25,1,28,,83772,16,,,1,30,,83775,16,,,1,60,,83762,16,0,25,1,10,,83773,16,,,1,72,,83776,16,,,1,43,,83769,16,0,23 24,1,85,,83770,16,0,23 24,1,100,,83774,16,,,1,230,,83777,16,,,1
700,'20261112',928,,83780,16,0,23 24,1,100,,83781,16,0,23 24,1,100,,83782,16,0,23 24,1,100,,83783,16,0,23 24,1,100,,83784,16,0,23 24,1,100,,83785,16,0,23 24,1,100,,83788,16,,,1,72,,83778,16,0,25,1,28,,83789,16,,,1,30,,83792,16,,,1,60,,83779,16,0,25,1,10,,83790,16,,,1,72,,83793,16,,,1,43,,83786,16,0,23 24,1,85,,83787,16,0,23 24,1,100,,83791,16,,,1,230,,83794,16,,,1
700,'20261113',928,,83797,16,0,23 24,1,100,,83798,16,0,23 24,1,100,,83799,16,0,23 24,1,100,,83800,16,0,23 24,1,100,,83801,16,0,23 24,1,100,,83802,16,0,23 24,1,100,,83805,16,,,1,72,,83795,16,0,25,1,28,,83806,16,,,1,30,,83809,16,,,1,60,,83796,16,0,25,1,10,,83807,16,,,1,72,,83810,16,,,1,43,,83803,16,0,23 24,1,85,,83804,16,0,23 24,1,100,,83808,16,,,1,230,,83811,16,,,1
700,'20261114',1628,,83812,16,0,23 24,1,200,,83813,16,0,23 24,1,200,,83814,16,0,23 24,1,200,,83815,16,,,1
700,'20261115',1628,,83816,16,0,23 24,1,200,,83817,16,0,23 24,1,200,,83818,16,0,23 24,1,200,,83819,16,,,1
700,'20261116',928,,83822,16,0,23 24,1,100,,83823,16,0,23 24,1,100,,83824,16,0,23 24,1,100,,83825,16,0,23 24,1,100,,83826,16,0,23 24,1,100,,83827,16,0,23 24,1,100,,83830,16,,,1,72,,83820,16,0,25,1,28,,83831,16,,,1,30,,83834,16,,,1,60,,83821,16,0,25,1,10,,83832,16,,,1,72,,83835,16,,,1,43,,83828,16,0,23 24,1,85,,83829,16,0,23 24,1,100,,83833,16,,,1,230,,83836,16,,,1
700,'20261117',928,,83839,16,0,23 24,1,100,,83840,16,0,23 24,1,100,,83841,16,0,23 24,1,100,,83842,16,0,23 24,1,100,,83843,16,0,23 24,1,100,,83844,16,0,23 24,1,100,,83847,16,,,1,72,,83837,16,0,25,1,28,,83848,16,,,1,30,,83851,16,,,1,60,,83838,16,0,25,1,10,,83849,16,,,1,72,,83852,16,,,1,43,,83845,16,0,23 24,1,85,,83846,16,0,23 24,1,100,,83850,16,,,1,230,,83853,16,,,1
700,'20261118',928,,83856,16,0,23 24,1,100,,83857,16,0,23 24,1,100,,83858,16,0,23 24,1,100,,83859,16,0,23 24,1,100,,83860,16,0,23 24,1,100,,83861,16,0,23 24,1,100,,83864,16,,,1,72,,83854,16,0,25,1,28,,83865,16,,,1,30,,83868,16,,,1,60,,83855,16,0,25,1,10,,83866,16,,,1,72,,83869,16,,,1,43,,83862,16,0,23 24,1,85,,83863,16,0,23 24,1,100,,83867,16,,,1,230,,83870,16,,,1
700,'20261119',928,,83873,16,0,23 24,1,100,,83874,16,0,23 24,1,100,,83875,16,0,23 24,1,100,,83876,16,0,23 24,1,100,,83877,16,0,23 24,1,100,,83878,16,0,23 24,1,100,,83881,16,,,1,72,,83871,16,0,25,1,28,,83882,16,,,1,30,,83885,16,,,1,60,,83872,16,0,25,1,10,,83883,16,,,1,72,,83886,16,,,1,43,,83879,16,0,23 24,1,85,,83880,16,0,23 24,1,100,,83884,16,,,1,230,,83887,16,,,1
700,'20261120',928,,83890,16,0,23 24,1,100,,83891,16,0,23 24,1,100,,83892,16,0,23 24,1,100,,83893,16,0,23 24,1,100,,83894,16,0,23 24,1,100,,83895,16,0,23 24,1,100,,83898,16,,,1,72,,83888,16,0,25,1,28,,83899,16,,,1,30,,83902,16,,,1,60,,83889,16,0,25,1,10,,83900,16,,,1,72,,83903,16,,,1,43,,83896,16,0,23 24,1,85,,83897,16,0,23 24,1,100,,83901,16,,,1,230,,83904,16,,,1
700,'20261121',1628,,83905,16,0,23 24,1,200,,83906,16,0,23 24,1,200,,83907,16,0,23 24,1,200,,83908,16,,,1
700,'20261122',1628,,83909,16,0,23 24,1,200,,83910,16,0,23 24,1,200,,83911,16,0,23 24,1,200,,83912,16,,,1
700,'20261123',928,,83915,16,0,23 24,1,100,,83916,16,0,23 24,1,100,,83917,16,0,23 24,1,100,,83918,16,0,23 24,1,100,,83919,16,0,23 24,1,100,,83920,16,0,23 24,1,100,,83923,16,,,1,72,,83913,16,0,25,1,28,,83924,16,,,1,30,,83927,16,,,1,60,,83914,16,0,25,1,10,,83925,16,,,1,72,,83928,16,,,1,43,,83921,16,0,23 24,1,85,,83922,16,0,23 24,1,100,,83926,16,,,1,230,,83929,16,,,1
700,'20261124',928,,83932,16,0,23 24,1,100,,83933,16,0,23 24,1,100,,83934,16,0,23 24,1,100,,83935,16,0,23 24,1,100,,83936,16,0,23 24,1,100,,83937,16,0,23 24,1,100,,83940,16,,,1,72,,83930,16,0,25,1,28,,83941,16,,,1,30,,83944,16,,,1,60,,83931,16,0,25,1,10,,83942,16,,,1,72,,83945,16,,,1,43,,83938,16,0,23 24,1,85,,83939,16,0,23 24,1,100,,83943,16,,,1,230,,83946,16,,,1
700,'20261125',928,,83949,16,0,23 24,1,100,,83950,16,0,23 24,1,100,,83951,16,0,23 24,1,100,,83952,16,0,23 24,1,100,,83953,16,0,23 24,1,100,,83954,16,0,23 24,1,100,,83957,16,,,1,72,,83947,16,0,25,1,28,,83958,16,,,1,30,,83961,16,,,1,60,,83948,16,0,25,1,10,,83959,16,,,1,72,,83962,16,,,1,43,,83955,16,0,23 24,1,85,,83956,16,0,23 24,1,100,,83960,16,,,1,230,,83963,16,,,1
700,'20261126',928,,83966,16,0,23 24,1,100,,83967,16,0,23 24,1,100,,83968,16,0,23 24,1,100,,83969,16,0,23 24,1,100,,83970,16,0,23 24,1,100,,83971,16,0,23 24,1,100,,83974,16,,,1,72,,83964,16,0,25,1,28,,83975,16,,,1,30,,83978,16,,,1,60,,83965,16,0,25,1,10,,83976,16,,,1,72,,83979,16,,,1,43,,83972,16,0,23 24,1,85,,83973,16,0,23 24,1,100,,83977,16,,,1,230,,83980,16,,,1
700,'20261127',928,,83983,16,0,23 24,1,100,,83984,16,0,23 24,1,100,,83985,16,0,23 24,1,100,,83986,16,0,23 24,1,100,,83987,16,0,23 24,1,100,,83988,16,0,23 24,1,100,,83991,16,,,1,72,,83981,16,0,25,1,28,,83992,16,,,1,30,,83995,16,,,1,60,,83982,16,0,25,1,10,,83993,16,,,1,72,,83996,16,,,1,43,,83989,16,0,23 24,1,85,,83990,16,0,23 24,1,100,,83994,16,,,1,230,,83997,16,,,1
701,'20260831',551,,65315,13,,,1,100,,65316,13,,,1,70,,65317,13,,,1,30,,55175,13,,,1,60,,65313,5,,,1,10,,65318,13,,,1,30,,55176,13,,,1,100,,55177,13,,,1,100,,55163,10,,,1,100,,55164,10,,,1,100,,55165,10,,,1,100,,55166,10,,,1,100,,55167,10,,,1,100,,55168,10,,,1,97,,65608,5,,,1,103,,65312,5,,,1,200,,55169,10,,,1,100,,55170,10,,,1,100,,55171,10,,,1,100,,65314,10,,,1
701,'20260901',551,,55192,13,,,1,100,,55193,13,,,1,70,,55197,13,,,1,30,,55194,13,,,1,60,,55181,5,,,1,10,,55198,13,,,1,30,,55195,13,,,1,100,,55196,13,,,1,100,,55182,10,,,1,100,,55183,10,,,1,100,,55184,10,,,1,100,,55185,10,,,1,100,,55186,10,,,1,100,,55187,10,,,1,97,,65609,5,,,1,103,,55180,5,,,1,200,,55188,10,,,1,100,,55189,10,,,1,100,,55190,10,,,1,100,,55191,10,,,1
701,'20260902',551,,55211,13,,,1,100,,55212,13,,,1,70,,55216,13,,,1,30,,55213,13,,,1,60,,55200,5,,,1,10,,55217,13,,,1,30,,55214,13,,,1,100,,55215,13,,,1,100,,55201,10,,,1,100,,55202,10,,,1,100,,55203,10,,,1,100,,55204,10,,,1,100,,55205,10,,,1,100,,55206,10,,,1,97,,65610,5,,,1,103,,55199,5,,,1,200,,55207,10,,,1,100,,55208,10,,,1,100,,55209,10,,,1,100,,55210,10,,,1
701,'20260903',551,,55230,13,,,1,100,,55231,13,,,1,70,,55235,13,,,1,30,,55232,13,,,1,60,,55219,5,,,1,10,,55236,13,,,1,30,,55233,13,,,1,100,,55234,13,,,1,100,,55220,10,,,1,100,,55221,10,,,1,100,,55222,10,,,1,100,,55223,10,,,1,100,,55224,10,,,1,100,,55225,10,,,1,97,,65611,5,,,1,103,,55218,5,,,1,200,,55226,10,,,1,100,,55227,10,,,1,100,,55228,10,,,1,100,,55229,10,,,1
701,'20260904',551,,55249,13,,,1,100,,55250,13,,,1,70,,55254,13,,,1,30,,55251,13,,,1,60,,55238,5,,,1,10,,55255,13,,,1,30,,55252,13,,,1,100,,55253,13,,,1,100,,55239,10,,,1,100,,55240,10,,,1,100,,55241,10,,,1,100,,55242,10,,,1,100,,55243,10,,,1,100,,55244,10,,,1,97,,65612,5,,,1,103,,55237,5,,,1,200,,55245,10,,,1,100,,55246,10,,,1,100,,55247,10,,,1,100,,55248,10,,,1
701,'20260905',751,,84010,13,,,1,100,,84011,13,,,1,100,,84012,13,,,1,100,,83998,10,,,1,100,,83999,10,,,1,100,,84000,10,,,1,100,,84001,10,,,1,100,,84002,10,,,1,100,,84003,10,,,1,100,,84004,10,,,1,100,,84005,10,,,1,100,,84006,10,,,1,100,,84007,10,,,1,100,,84008,10,,,1,100,,84009,10,,,1
701,'20260906',751,,84025,13,,,1,100,,84026,13,,,1,100,,84027,13,,,1,100,,84013,10,,,1,100,,84014,10,,,1,100,,84015,10,,,1,100,,84016,10,,,1,100,,84017,10,,,1,100,,84018,10,,,1,100,,84019,10,,,1,100,,84020,10,,,1,100,,84021,10,,,1,100,,84022,10,,,1,100,,84023,10,,,1,100,,84024,10,,,1
701,'20260907',751,,84040,13,,,1,100,,84041,13,,,1,100,,84042,13,,,1,100,,84028,10,,,1,100,,84029,10,,,1,100,,84030,10,,,1,100,,84031,10,,,1,100,,84032,10,,,1,100,,84033,10,,,1,100,,84034,10,,,1,100,,84035,10,,,1,100,,84036,10,,,1,100,,84037,10,,,1,100,,84038,10,,,1,100,,84039,10,,,1
701,'20260908',551,,84053,13,,,1,100,,84054,13,,,1,70,,84058,13,,,1,30,,84055,13,,,1,60,,84044,5,,,1,10,,84059,13,,,1,30,,84056,13,,,1,100,,84057,13,,,1,100,,84045,10,,,1,100,,84046,10,,,1,100,,84047,10,,,1,100,,84048,10,,,1,100,,84049,10,,,1,100,,84050,10,,,1,200,,84043,5,,,1,200,,84051,10,,,1,100,,84052,10,,,1
701,'20260909',551,,84070,13,,,1,100,,84071,13,,,1,70,,84075,13,,,1,30,,84072,13,,,1,60,,84061,5,,,1,10,,84076,13,,,1,30,,84073,13,,,1,100,,84074,13,,,1,100,,84062,10,,,1,100,,84063,10,,,1,100,,84064,10,,,1,100,,84065,10,,,1,100,,84066,10,,,1,100,,84067,10,,,1,200,,84060,5,,,1,200,,84068,10,,,1,100,,84069,10,,,1
701,'20260910',551,,84087,13,,,1,100,,84088,13,,,1,70,,84092,13,,,1,30,,84089,13,,,1,60,,84078,5,,,1,10,,84093,13,,,1,30,,84090,13,,,1,100,,84091,13,,,1,100,,84079,10,,,1,100,,84080,10,,,1,100,,84081,10,,,1,100,,84082,10,,,1,100,,84083,10,,,1,100,,84084,10,,,1,200,,84077,5,,,1,200,,84085,10,,,1,100,,84086,10,,,1
701,'20260911',551,,84104,13,,,1,100,,84105,13,,,1,70,,84109,13,,,1,30,,84106,13,,,1,60,,84095,5,,,1,10,,84110,13,,,1,30,,84107,13,,,1,100,,84108,13,,,1,100,,84096,10,,,1,100,,84097,10,,,1,100,,84098,10,,,1,100,,84099,10,,,1,100,,84100,10,,,1,100,,84101,10,,,1,200,,84094,5,,,1,200,,84102,10,,,1,100,,84103,10,,,1
701,'20260912',1551,,84114,13,,,1,200,,84111,10,,,1,200,,84112,10,,,1,200,,84113,10,,,1
701,'20260913',1551,,84118,13,,,1,200,,84115,10,,,1,200,,84116,10,,,1,200,,84117,10,,,1
701,'20260914',551,,84129,13,,,1,100,,84130,13,,,1,70,,84134,13,,,1,30,,84131,13,,,1,60,,84120,5,,,1,10,,84135,13,,,1,30,,84132,13,,,1,100,,84133,13,,,1,100,,84121,10,,,1,100,,84122,10,,,1,100,,84123,10,,,1,100,,84124,10,,,1,100,,84125,10,,,1,100,,84126,10,,,1,200,,84119,5,,,1,200,,84127,10,,,1,100,,84128,10,,,1
701,'20260915',551,,84146,13,,,1,100,,84147,13,,,1,70,,84151,13,,,1,30,,84148,13,,,1,60,,84137,5,,,1,10,,84152,13,,,1,30,,84149,13,,,1,100,,84150,13,,,1,100,,84138,10,,,1,100,,84139,10,,,1,100,,84140,10,,,1,100,,84141,10,,,1,100,,84142,10,,,1,100,,84143,10,,,1,200,,84136,5,,,1,200,,84144,10,,,1,100,,84145,10,,,1
701,'20260916',551,,84163,13,,,1,100,,84164,13,,,1,70,,84168,13,,,1,30,,84165,13,,,1,60,,84154,5,,,1,10,,84169,13,,,1,30,,84166,13,,,1,100,,84167,13,,,1,100,,84155,10,,,1,100,,84156,10,,,1,100,,84157,10,,,1,100,,84158,10,,,1,100,,84159,10,,,1,100,,84160,10,,,1,200,,84153,5,,,1,200,,84161,10,,,1,100,,84162,10,,,1
701,'20260917',551,,84180,13,,,1,100,,84181,13,,,1,70,,84185,13,,,1,30,,84182,13,,,1,60,,84171,5,,,1,10,,84186,13,,,1,30,,84183,13,,,1,100,,84184,13,,,1,100,,84172,10,,,1,100,,84173,10,,,1,100,,84174,10,,,1,100,,84175,10,,,1,100,,84176,10,,,1,100,,84177,10,,,1,200,,84170,5,,,1,200,,84178,10,,,1,100,,84179,10,,,1
701,'20260918',551,,84197,13,,,1,100,,84198,13,,,1,70,,84202,13,,,1,30,,84199,13,,,1,60,,84188,5,,,1,10,,84203,13,,,1,30,,84200,13,,,1,100,,84201,13,,,1,100,,84189,10,,,1,100,,84190,10,,,1,100,,84191,10,,,1,100,,84192,10,,,1,100,,84193,10,,,1,100,,84194,10,,,1,200,,84187,5,,,1,200,,84195,10,,,1,100,,84196,10,,,1
701,'20260919',1551,,84207,13,,,1,200,,84204,10,,,1,200,,84205,10,,,1,200,,84206,10,,,1
701,'20260920',1551,,84211,13,,,1,200,,84208,10,,,1,200,,84209,10,,,1,200,,84210,10,,,1
701,'20260921',551,,84222,13,,,1,100,,84223,13,,,1,70,,84227,13,,,1,30,,84224,13,,,1,60,,84213,5,,,1,10,,84228,13,,,1,30,,84225,13,,,1,100,,84226,13,,,1,100,,84214,10,,,1,100,,84215,10,,,1,100,,84216,10,,,1,100,,84217,10,,,1,100,,84218,10,,,1,100,,84219,10,,,1,200,,84212,5,,,1,200,,84220,10,,,1,100,,84221,10,,,1
701,'20260922',551,,84239,13,,,1,100,,84240,13,,,1,70,,84244,13,,,1,30,,84241,13,,,1,60,,84230,5,,,1,10,,84245,13,,,1,30,,84242,13,,,1,100,,84243,13,,,1,100,,84231,10,,,1,100,,84232,10,,,1,100,,84233,10,,,1,100,,84234,10,,,1,100,,84235,10,,,1,100,,84236,10,,,1,200,,84229,5,,,1,200,,84237,10,,,1,100,,84238,10,,,1
701,'20260923',551,,84256,13,,,1,100,,84257,13,,,1,70,,84261,13,,,1,30,,84258,13,,,1,60,,84247,5,,,1,10,,84262,13,,,1,30,,84259,13,,,1,100,,84260,13,,,1,100,,84248,10,,,1,100,,84249,10,,,1,100,,84250,10,,,1,100,,84251,10,,,1,100,,84252,10,,,1,100,,84253,10,,,1,200,,84246,5,,,1,200,,84254,10,,,1,100,,84255,10,,,1
701,'20260924',551,,84273,13,,,1,100,,84274,13,,,1,70,,84278,13,,,1,30,,84275,13,,,1,60,,84264,5,,,1,10,,84279,13,,,1,30,,84276,13,,,1,100,,84277,13,,,1,100,,84265,10,,,1,100,,84266,10,,,1,100,,84267,10,,,1,100,,84268,10,,,1,100,,84269,10,,,1,100,,84270,10,,,1,200,,84263,5,,,1,200,,84271,10,,,1,100,,84272,10,,,1
701,'20260925',551,,84290,13,,,1,100,,84291,13,,,1,70,,84295,13,,,1,30,,84292,13,,,1,60,,84281,5,,,1,10,,84296,13,,,1,30,,84293,13,,,1,100,,84294,13,,,1,100,,84282,10,,,1,100,,84283,10,,,1,100,,84284,10,,,1,100,,84285,10,,,1,100,,84286,10,,,1,100,,84287,10,,,1,200,,84280,5,,,1,200,,84288,10,,,1,100,,84289,10,,,1
701,'20260926',1551,,84300,13,,,1,200,,84297,10,,,1,200,,84298,10,,,1,200,,84299,10,,,1
701,'20260927',1551,,84304,13,,,1,200,,84301,10,,,1,200,,84302,10,,,1,200,,84303,10,,,1
701,'20260928',551,,84315,13,,,1,100,,84316,13,,,1,70,,84320,13,,,1,30,,84317,13,,,1,60,,84306,5,,,1,10,,84321,13,,,1,30,,84318,13,,,1,100,,84319,13,,,1,100,,84307,10,,,1,100,,84308,10,,,1,100,,84309,10,,,1,100,,84310,10,,,1,100,,84311,10,,,1,100,,84312,10,,,1,200,,84305,5,,,1,200,,84313,10,,,1,100,,84314,10,,,1
701,'20260929',551,,84332,13,,,1,100,,84333,13,,,1,70,,84337,13,,,1,30,,84334,13,,,1,60,,84323,5,,,1,10,,84338,13,,,1,30,,84335,13,,,1,100,,84336,13,,,1,100,,84324,10,,,1,100,,84325,10,,,1,100,,84326,10,,,1,100,,84327,10,,,1,100,,84328,10,,,1,100,,84329,10,,,1,200,,84322,5,,,1,200,,84330,10,,,1,100,,84331,10,,,1
701,'20260930',551,,84349,13,,,1,100,,84350,13,,,1,70,,84354,13,,,1,30,,84351,13,,,1,60,,84340,5,,,1,10,,84355,13,,,1,30,,84352,13,,,1,100,,84353,13,,,1,100,,84341,10,,,1,100,,84342,10,,,1,100,,84343,10,,,1,100,,84344,10,,,1,100,,84345,10,,,1,100,,84346,10,,,1,200,,84339,5,,,1,200,,84347,10,,,1,100,,84348,10,,,1
701,'20261001',551,,84366,13,,,1,100,,84367,13,,,1,70,,84371,13,,,1,30,,84368,13,,,1,60,,84357,5,,,1,10,,84372,13,,,1,30,,84369,13,,,1,100,,84370,13,,,1,100,,84358,10,,,1,100,,84359,10,,,1,100,,84360,10,,,1,100,,84361,10,,,1,100,,84362,10,,,1,100,,84363,10,,,1,200,,84356,5,,,1,200,,84364,10,,,1,100,,84365,10,,,1
701,'20261002',551,,84383,13,,,1,100,,84384,13,,,1,70,,84388,13,,,1,30,,84385,13,,,1,60,,84374,5,,,1,10,,84389,13,,,1,30,,84386,13,,,1,100,,84387,13,,,1,100,,84375,10,,,1,100,,84376,10,,,1,100,,84377,10,,,1,100,,84378,10,,,1,100,,84379,10,,,1,100,,84380,10,,,1,200,,84373,5,,,1,200,,84381,10,,,1,100,,84382,10,,,1
701,'20261003',1551,,84393,13,,,1,200,,84390,10,,,1,200,,84391,10,,,1,200,,84392,10,,,1
701,'20261004',1551,,84397,13,,,1,200,,84394,10,,,1,200,,84395,10,,,1,200,,84396,10,,,1
701,'20261005',551,,84408,13,,,1,100,,84409,13,,,1,70,,84413,13,,,1,30,,84410,13,,,1,60,,84399,5,,,1,10,,84414,13,,,1,30,,84411,13,,,1,100,,84412,13,,,1,100,,84400,10,,,1,100,,84401,10,,,1,100,,84402,10,,,1,100,,84403,10,,,1,100,,84404,10,,,1,100,,84405,10,,,1,200,,84398,5,,,1,200,,84406,10,,,1,100,,84407,10,,,1
701,'20261006',551,,84425,13,,,1,100,,84426,13,,,1,70,,84430,13,,,1,30,,84427,13,,,1,60,,84416,5,,,1,10,,84431,13,,,1,30,,84428,13,,,1,100,,84429,13,,,1,100,,84417,10,,,1,100,,84418,10,,,1,100,,84419,10,,,1,100,,84420,10,,,1,100,,84421,10,,,1,100,,84422,10,,,1,200,,84415,5,,,1,200,,84423,10,,,1,100,,84424,10,,,1
701,'20261007',551,,84442,13,,,1,100,,84443,13,,,1,70,,84447,13,,,1,30,,84444,13,,,1,60,,84433,5,,,1,10,,84448,13,,,1,30,,84445,13,,,1,100,,84446,13,,,1,100,,84434,10,,,1,100,,84435,10,,,1,100,,84436,10,,,1,100,,84437,10,,,1,100,,84438,10,,,1,100,,84439,10,,,1,200,,84432,5,,,1,200,,84440,10,,,1,100,,84441,10,,,1
701,'20261008',551,,84459,13,,,1,100,,84460,13,,,1,70,,84464,13,,,1,30,,84461,13,,,1,60,,84450,5,,,1,10,,84465,13,,,1,30,,84462,13,,,1,100,,84463,13,,,1,100,,84451,10,,,1,100,,84452,10,,,1,100,,84453,10,,,1,100,,84454,10,,,1,100,,84455,10,,,1,100,,84456,10,,,1,200,,84449,5,,,1,200,,84457,10,,,1,100,,84458,10,,,1
701,'20261009',551,,84476,13,,,1,100,,84477,13,,,1,70,,84481,13,,,1,30,,84478,13,,,1,60,,84467,5,,,1,10,,84482,13,,,1,30,,84479,13,,,1,100,,84480,13,,,1,100,,84468,10,,,1,100,,84469,10,,,1,100,,84470,10,,,1,100,,84471,10,,,1,100,,84472,10,,,1,100,,84473,10,,,1,200,,84466,5,,,1,200,,84474,10,,,1,100,,84475,10,,,1
701,'20261010',1551,,84486,13,,,1,200,,84483,10,,,1,200,,84484,10,,,1,200,,84485,10,,,1
701,'20261011',1551,,84490,13,,,1,200,,84487,10,,,1,200,,84488,10,,,1,200,,84489,10,,,1
701,'20261012',551,,84501,13,,,1,100,,84502,13,,,1,70,,84506,13,,,1,30,,84503,13,,,1,60,,84492,5,,,1,10,,84507,13,,,1,30,,84504,13,,,1,100,,84505,13,,,1,100,,84493,10,,,1,100,,84494,10,,,1,100,,84495,10,,,1,100,,84496,10,,,1,100,,84497,10,,,1,100,,84498,10,,,1,200,,84491,5,,,1,200,,84499,10,,,1,100,,84500,10,,,1
701,'20261013',551,,84518,13,,,1,100,,84519,13,,,1,70,,84523,13,,,1,30,,84520,13,,,1,60,,84509,5,,,1,10,,84524,13,,,1,30,,84521,13,,,1,100,,84522,13,,,1,100,,84510,10,,,1,100,,84511,10,,,1,100,,84512,10,,,1,100,,84513,10,,,1,100,,84514,10,,,1,100,,84515,10,,,1,200,,84508,5,,,1,200,,84516,10,,,1,100,,84517,10,,,1
701,'20261014',551,,84535,13,,,1,100,,84536,13,,,1,70,,84540,13,,,1,30,,84537,13,,,1,60,,84526,5,,,1,10,,84541,13,,,1,30,,84538,13,,,1,100,,84539,13,,,1,100,,84527,10,,,1,100,,84528,10,,,1,100,,84529,10,,,1,100,,84530,10,,,1,100,,84531,10,,,1,100,,84532,10,,,1,200,,84525,5,,,1,200,,84533,10,,,1,100,,84534,10,,,1
701,'20261015',551,,84552,13,,,1,100,,84553,13,,,1,70,,84557,13,,,1,30,,84554,13,,,1,60,,84543,5,,,1,10,,84558,13,,,1,30,,84555,13,,,1,100,,84556,13,,,1,100,,84544,10,,,1,100,,84545,10,,,1,100,,84546,10,,,1,100,,84547,10,,,1,100,,84548,10,,,1,100,,84549,10,,,1,200,,84542,5,,,1,200,,84550,10,,,1,100,,84551,10,,,1
701,'20261016',551,,84569,13,,,1,100,,84570,13,,,1,70,,84574,13,,,1,30,,84571,13,,,1,60,,84560,5,,,1,10,,84575,13,,,1,30,,84572,13,,,1,100,,84573,13,,,1,100,,84561,10,,,1,100,,84562,10,,,1,100,,84563,10,,,1,100,,84564,10,,,1,100,,84565,10,,,1,100,,84566,10,,,1,200,,84559,5,,,1,200,,84567,10,,,1,100,,84568,10,,,1
701,'20261017',1551,,84579,13,,,1,200,,84576,10,,,1,200,,84577,10,,,1,200,,84578,10,,,1
701,'20261018',1551,,84583,13,,,1,200,,84580,10,,,1,200,,84581,10,,,1,200,,84582,10,,,1
701,'20261019',551,,84594,13,,,1,100,,84595,13,,,1,70,,84599,13,,,1,30,,84596,13,,,1,60,,84585,5,,,1,10,,84600,13,,,1,30,,84597,13,,,1,100,,84598,13,,,1,100,,84586,10,,,1,100,,84587,10,,,1,100,,84588,10,,,1,100,,84589,10,,,1,100,,84590,10,,,1,100,,84591,10,,,1,200,,84584,5,,,1,200,,84592,10,,,1,100,,84593,10,,,1
701,'20261020',551,,84611,13,,,1,100,,84612,13,,,1,70,,84616,13,,,1,30,,84613,13,,,1,60,,84602,5,,,1,10,,84617,13,,,1,30,,84614,13,,,1,100,,84615,13,,,1,100,,84603,10,,,1,100,,84604,10,,,1,100,,84605,10,,,1,100,,84606,10,,,1,100,,84607,10,,,1,100,,84608,10,,,1,200,,84601,5,,,1,200,,84609,10,,,1,100,,84610,10,,,1
701,'20261021',551,,84628,13,,,1,100,,84629,13,,,1,70,,84633,13,,,1,30,,84630,13,,,1,60,,84619,5,,,1,10,,84634,13,,,1,30,,84631,13,,,1,100,,84632,13,,,1,100,,84620,10,,,1,100,,84621,10,,,1,100,,84622,10,,,1,100,,84623,10,,,1,100,,84624,10,,,1,100,,84625,10,,,1,200,,84618,5,,,1,200,,84626,10,,,1,100,,84627,10,,,1
701,'20261022',551,,84645,13,,,1,100,,84646,13,,,1,70,,84650,13,,,1,30,,84647,13,,,1,60,,84636,5,,,1,10,,84651,13,,,1,30,,84648,13,,,1,100,,84649,13,,,1,100,,84637,10,,,1,100,,84638,10,,,1,100,,84639,10,,,1,100,,84640,10,,,1,100,,84641,10,,,1,100,,84642,10,,,1,200,,84635,5,,,1,200,,84643,10,,,1,100,,84644,10,,,1
701,'20261023',551,,84662,13,,,1,100,,84663,13,,,1,70,,84667,13,,,1,30,,84664,13,,,1,60,,84653,5,,,1,10,,84668,13,,,1,30,,84665,13,,,1,100,,84666,13,,,1,100,,84654,10,,,1,100,,84655,10,,,1,100,,84656,10,,,1,100,,84657,10,,,1,100,,84658,10,,,1,100,,84659,10,,,1,200,,84652,5,,,1,200,,84660,10,,,1,100,,84661,10,,,1
701,'20261024',1551,,84672,13,,,1,200,,84669,10,,,1,200,,84670,10,,,1,200,,84671,10,,,1
701,'20261025',1551,,84676,13,,,1,200,,84673,10,,,1,200,,84674,10,,,1,200,,84675,10,,,1
701,'20261026',551,,84687,13,,,1,100,,84688,13,,,1,70,,84692,13,,,1,30,,84689,13,,,1,60,,84678,5,,,1,10,,84693,13,,,1,30,,84690,13,,,1,100,,84691,13,,,1,100,,84679,10,,,1,100,,84680,10,,,1,100,,84681,10,,,1,100,,84682,10,,,1,100,,84683,10,,,1,100,,84684,10,,,1,200,,84677,5,,,1,200,,84685,10,,,1,100,,84686,10,,,1
701,'20261027',551,,84704,13,,,1,100,,84705,13,,,1,70,,84709,13,,,1,30,,84706,13,,,1,60,,84695,5,,,1,10,,84710,13,,,1,30,,84707,13,,,1,100,,84708,13,,,1,100,,84696,10,,,1,100,,84697,10,,,1,100,,84698,10,,,1,100,,84699,10,,,1,100,,84700,10,,,1,100,,84701,10,,,1,200,,84694,5,,,1,200,,84702,10,,,1,100,,84703,10,,,1
701,'20261028',551,,84721,13,,,1,100,,84722,13,,,1,70,,84726,13,,,1,30,,84723,13,,,1,60,,84712,5,,,1,10,,84727,13,,,1,30,,84724,13,,,1,100,,84725,13,,,1,100,,84713,10,,,1,100,,84714,10,,,1,100,,84715,10,,,1,100,,84716,10,,,1,100,,84717,10,,,1,100,,84718,10,,,1,200,,84711,5,,,1,200,,84719,10,,,1,100,,84720,10,,,1
701,'20261029',551,,84738,13,,,1,100,,84739,13,,,1,70,,84743,13,,,1,30,,84740,13,,,1,60,,84729,5,,,1,10,,84744,13,,,1,30,,84741,13,,,1,100,,84742,13,,,1,100,,84730,10,,,1,100,,84731,10,,,1,100,,84732,10,,,1,100,,84733,10,,,1,100,,84734,10,,,1,100,,84735,10,,,1,200,,84728,5,,,1,200,,84736,10,,,1,100,,84737,10,,,1
701,'20261030',551,,84755,13,,,1,100,,84756,13,,,1,70,,84760,13,,,1,30,,84757,13,,,1,60,,84746,5,,,1,10,,84761,13,,,1,30,,84758,13,,,1,100,,84759,13,,,1,100,,84747,10,,,1,100,,84748,10,,,1,100,,84749,10,,,1,100,,84750,10,,,1,100,,84751,10,,,1,100,,84752,10,,,1,200,,84745,5,,,1,200,,84753,10,,,1,100,,84754,10,,,1
701,'20261031',1551,,84765,13,,,1,200,,84762,10,,,1,200,,84763,10,,,1,200,,84764,10,,,1
701,'20261101',1551,,84769,13,,,1,200,,84766,10,,,1,200,,84767,10,,,1,200,,84768,10,,,1
701,'20261102',551,,84780,13,,,1,100,,84781,13,,,1,70,,84785,13,,,1,30,,84782,13,,,1,60,,84771,5,,,1,10,,84786,13,,,1,30,,84783,13,,,1,100,,84784,13,,,1,100,,84772,10,,,1,100,,84773,10,,,1,100,,84774,10,,,1,100,,84775,10,,,1,100,,84776,10,,,1,100,,84777,10,,,1,200,,84770,5,,,1,200,,84778,10,,,1,100,,84779,10,,,1
701,'20261103',551,,84797,13,,,1,100,,84798,13,,,1,70,,84802,13,,,1,30,,84799,13,,,1,60,,84788,5,,,1,10,,84803,13,,,1,30,,84800,13,,,1,100,,84801,13,,,1,100,,84789,10,,,1,100,,84790,10,,,1,100,,84791,10,,,1,100,,84792,10,,,1,100,,84793,10,,,1,100,,84794,10,,,1,200,,84787,5,,,1,200,,84795,10,,,1,100,,84796,10,,,1
701,'20261104',551,,84814,13,,,1,100,,84815,13,,,1,70,,84819,13,,,1,30,,84816,13,,,1,60,,84805,5,,,1,10,,84820,13,,,1,30,,84817,13,,,1,100,,84818,13,,,1,100,,84806,10,,,1,100,,84807,10,,,1,100,,84808,10,,,1,100,,84809,10,,,1,100,,84810,10,,,1,100,,84811,10,,,1,200,,84804,5,,,1,200,,84812,10,,,1,100,,84813,10,,,1
701,'20261105',551,,84831,13,,,1,100,,84832,13,,,1,70,,84836,13,,,1,30,,84833,13,,,1,60,,84822,5,,,1,10,,84837,13,,,1,30,,84834,13,,,1,100,,84835,13,,,1,100,,84823,10,,,1,100,,84824,10,,,1,100,,84825,10,,,1,100,,84826,10,,,1,100,,84827,10,,,1,100,,84828,10,,,1,200,,84821,5,,,1,200,,84829,10,,,1,100,,84830,10,,,1
701,'20261106',551,,84848,13,,,1,100,,84849,13,,,1,70,,84853,13,,,1,30,,84850,13,,,1,60,,84839,5,,,1,10,,84854,13,,,1,30,,84851,13,,,1,100,,84852,13,,,1,100,,84840,10,,,1,100,,84841,10,,,1,100,,84842,10,,,1,100,,84843,10,,,1,100,,84844,10,,,1,100,,84845,10,,,1,200,,84838,5,,,1,200,,84846,10,,,1,100,,84847,10,,,1
701,'20261107',1551,,84858,13,,,1,200,,84855,10,,,1,200,,84856,10,,,1,200,,84857,10,,,1
701,'20261108',1551,,84862,13,,,1,200,,84859,10,,,1,200,,84860,10,,,1,200,,84861,10,,,1
701,'20261109',551,,84873,13,,,1,100,,84874,13,,,1,70,,84878,13,,,1,30,,84875,13,,,1,60,,84864,5,,,1,10,,84879,13,,,1,30,,84876,13,,,1,100,,84877,13,,,1,100,,84865,10,,,1,100,,84866,10,,,1,100,,84867,10,,,1,100,,84868,10,,,1,100,,84869,10,,,1,100,,84870,10,,,1,200,,84863,5,,,1,200,,84871,10,,,1,100,,84872,10,,,1
701,'20261110',551,,84890,13,,,1,100,,84891,13,,,1,70,,84895,13,,,1,30,,84892,13,,,1,60,,84881,5,,,1,10,,84896,13,,,1,30,,84893,13,,,1,100,,84894,13,,,1,100,,84882,10,,,1,100,,84883,10,,,1,100,,84884,10,,,1,100,,84885,10,,,1,100,,84886,10,,,1,100,,84887,10,,,1,200,,84880,5,,,1,200,,84888,10,,,1,100,,84889,10,,,1
701,'20261111',551,,84907,13,,,1,100,,84908,13,,,1,70,,84912,13,,,1,30,,84909,13,,,1,60,,84898,5,,,1,10,,84913,13,,,1,30,,84910,13,,,1,100,,84911,13,,,1,100,,84899,10,,,1,100,,84900,10,,,1,100,,84901,10,,,1,100,,84902,10,,,1,100,,84903,10,,,1,100,,84904,10,,,1,200,,84897,5,,,1,200,,84905,10,,,1,100,,84906,10,,,1
701,'20261112',551,,84924,13,,,1,100,,84925,13,,,1,70,,84929,13,,,1,30,,84926,13,,,1,60,,84915,5,,,1,10,,84930,13,,,1,30,,84927,13,,,1,100,,84928,13,,,1,100,,84916,10,,,1,100,,84917,10,,,1,100,,84918,10,,,1,100,,84919,10,,,1,100,,84920,10,,,1,100,,84921,10,,,1,200,,84914,5,,,1,200,,84922,10,,,1,100,,84923,10,,,1
701,'20261113',551,,84941,13,,,1,100,,84942,13,,,1,70,,84946,13,,,1,30,,84943,13,,,1,60,,84932,5,,,1,10,,84947,13,,,1,30,,84944,13,,,1,100,,84945,13,,,1,100,,84933,10,,,1,100,,84934,10,,,1,100,,84935,10,,,1,100,,84936,10,,,1,100,,84937,10,,,1,100,,84938,10,,,1,200,,84931,5,,,1,200,,84939,10,,,1,100,,84940,10,,,1
701,'20261114',1551,,84951,13,,,1,200,,84948,10,,,1,200,,84949,10,,,1,200,,84950,10,,,1
701,'20261115',1551,,84955,13,,,1,200,,84952,10,,,1,200,,84953,10,,,1,200,,84954,10,,,1
701,'20261116',551,,84966,13,,,1,100,,84967,13,,,1,70,,84971,13,,,1,30,,84968,13,,,1,60,,84957,5,,,1,10,,84972,13,,,1,30,,84969,13,,,1,100,,84970,13,,,1,100,,84958,10,,,1,100,,84959,10,,,1,100,,84960,10,,,1,100,,84961,10,,,1,100,,84962,10,,,1,100,,84963,10,,,1,200,,84956,5,,,1,200,,84964,10,,,1,100,,84965,10,,,1
701,'20261117',551,,84983,13,,,1,100,,84984,13,,,1,70,,84988,13,,,1,30,,84985,13,,,1,60,,84974,5,,,1,10,,84989,13,,,1,30,,84986,13,,,1,100,,84987,13,,,1,100,,84975,10,,,1,100,,84976,10,,,1,100,,84977,10,,,1,100,,84978,10,,,1,100,,84979,10,,,1,100,,84980,10,,,1,200,,84973,5,,,1,200,,84981,10,,,1,100,,84982,10,,,1
701,'20261118',551,,85000,13,,,1,100,,85001,13,,,1,70,,85005,13,,,1,30,,85002,13,,,1,60,,84991,5,,,1,10,,85006,13,,,1,30,,85003,13,,,1,100,,85004,13,,,1,100,,84992,10,,,1,100,,84993,10,,,1,100,,84994,10,,,1,100,,84995,10,,,1,100,,84996,10,,,1,100,,84997,10,,,1,200,,84990,5,,,1,200,,84998,10,,,1,100,,84999,10,,,1
701,'20261119',551,,85017,13,,,1,100,,85018,13,,,1,70,,85022,13,,,1,30,,85019,13,,,1,60,,85008,5,,,1,10,,85023,13,,,1,30,,85020,13,,,1,100,,85021,13,,,1,100,,85009,10,,,1,100,,85010,10,,,1,100,,85011,10,,,1,100,,85012,10,,,1,100,,85013,10,,,1,100,,85014,10,,,1,200,,85007,5,,,1,200,,85015,10,,,1,100,,85016,10,,,1
701,'20261120',551,,85034,13,,,1,100,,85035,13,,,1,70,,85039,13,,,1,30,,85036,13,,,1,60,,85025,5,,,1,10,,85040,13,,,1,30,,85037,13,,,1,100,,85038,13,,,1,100,,85026,10,,,1,100,,85027,10,,,1,100,,85028,10,,,1,100,,85029,10,,,1,100,,85030,10,,,1,100,,85031,10,,,1,200,,85024,5,,,1,200,,85032,10,,,1,100,,85033,10,,,1
701,'20261121',1551,,85044,13,,,1,200,,85041,10,,,1,200,,85042,10,,,1,200,,85043,10,,,1
701,'20261122',1551,,85048,13,,,1,200,,85045,10,,,1,200,,85046,10,,,1,200,,85047,10,,,1
701,'20261123',551,,85059,13,,,1,100,,85060,13,,,1,70,,85064,13,,,1,30,,85061,13,,,1,60,,85050,5,,,1,10,,85065,13,,,1,30,,85062,13,,,1,100,,85063,13,,,1,100,,85051,10,,,1,100,,85052,10,,,1,100,,85053,10,,,1,100,,85054,10,,,1,100,,85055,10,,,1,100,,85056,10,,,1,200,,85049,5,,,1,200,,85057,10,,,1,100,,85058,10,,,1
701,'20261124',551,,85076,13,,,1,100,,85077,13,,,1,70,,85081,13,,,1,30,,85078,13,,,1,60,,85067,5,,,1,10,,85082,13,,,1,30,,85079,13,,,1,100,,85080,13,,,1,100,,85068,10,,,1,100,,85069,10,,,1,100,,85070,10,,,1,100,,85071,10,,,1,100,,85072,10,,,1,100,,85073,10,,,1,200,,85066,5,,,1,200,,85074,10,,,1,100,,85075,10,,,1
701,'20261125',551,,85093,13,,,1,100,,85094,13,,,1,70,,85098,13,,,1,30,,85095,13,,,1,60,,85084,5,,,1,10,,85099,13,,,1,30,,85096,13,,,1,100,,85097,13,,,1,100,,85085,10,,,1,100,,85086,10,,,1,100,,85087,10,,,1,100,,85088,10,,,1,100,,85089,10,,,1,100,,85090,10,,,1,200,,85083,5,,,1,200,,85091,10,,,1,100,,85092,10,,,1
701,'20261126',551,,85110,13,,,1,100,,85111,13,,,1,70,,85115,13,,,1,30,,85112,13,,,1,60,,85101,5,,,1,10,,85116,13,,,1,30,,85113,13,,,1,100,,85114,13,,,1,100,,85102,10,,,1,100,,85103,10,,,1,100,,85104,10,,,1,100,,85105,10,,,1,100,,85106,10,,,1,100,,85107,10,,,1,200,,85100,5,,,1,200,,85108,10,,,1,100,,85109,10,,,1
701,'20261127',551,,85127,13,,,1,100,,85128,13,,,1,70,,85132,13,,,1,30,,85129,13,,,1,60,,85118,5,,,1,10,,85133,13,,,1,30,,85130,13,,,1,100,,85131,13,,,1,100,,85119,10,,,1,100,,85120,10,,,1,100,,85121,10,,,1,100,,85122,10,,,1,100,,85123,10,,,1,100,,85124,10,,,1,200,,85117,5,,,1,200,,85125,10,,,1,100,,85126,10,,,1
