500,'20260821',1102,,50008,28,,,1,411,,50009,28,,,1,106,,50004,28,4,,1,91,,50010,28,,,1,45,,50007,28,,,1,70,,50005,28,,,1,15,,50006,28,,,1,70,,50011,28,,,1,404,,50012,28,,,1,93,,50013,28,,,1
500,'20260822',1005,,50023,28,,,1,302,,50024,28,,,1,300,,50025,28,,,1,300,,50026,28,,,1,304,,50027,28,,,1,102,,50022,28,4,,1,94,,50028,28,,,1
500,'20260823',1005,,50038,28,,,1,302,,50039,28,,,1,300,,50040,28,,,1,300,,50041,28,,,1,304,,50042,28,,,1,102,,50037,28,4,,1,94,,50043,28,,,1
500,'20260824',1107,,65153,28,,,1,407,,65154,28,,,1,103,,65149,28,4,,1,93,,65155,28,,,1,45,,65152,28,,,1,70,,65150,28,,,1,15,,65151,28,,,1,70,,50058,28,,,1,404,,65156,28,,,1,93,,50060,28,,,1
500,'20260825',1107,,50072,28,,,1,407,,50073,28,,,1,103,,50068,28,4,,1,93,,50074,28,,,1,45,,50071,28,,,1,70,,50069,28,,,1,15,,50070,28,,,1,70,,50075,28,,,1,404,,50076,28,,,1,93,,50077,28,,,1
500,'20260826',1107,,50089,28,,,1,407,,50090,28,,,1,103,,50085,28,4,,1,93,,50091,28,,,1,45,,50088,28,,,1,70,,50086,28,,,1,15,,50087,28,,,1,70,,50092,28,,,1,404,,50093,28,,,1,93,,50094,28,,,1
500,'20260827',1107,,50106,28,,,1,407,,50107,28,,,1,103,,50102,28,4,,1,93,,50108,28,,,1,45,,50105,28,,,1,70,,50103,28,,,1,15,,50104,28,,,1,70,,50109,28,,,1,404,,50110,28,,,1,93,,50111,28,,,1
500,'20260828',1107,,50123,28,,,1,407,,50124,28,,,1,103,,50119,28,4,,1,93,,50125,28,,,1,45,,50122,28,,,1,70,,50120,28,,,1,15,,50121,28,,,1,70,,50126,28,,,1,404,,50127,28,,,1,93,,50128,28,,,1
500,'20260829',1005,,50138,28,,,1,302,,50139,28,,,1,300,,50140,28,,,1,300,,50141,28,,,1,304,,50142,28,,,1,102,,50137,28,4,,1,94,,50143,28,,,1
500,'20260830',1005,,50153,28,,,1,302,,50154,28,,,1,300,,50155,28,,,1,300,,50156,28,,,1,304,,50157,28,,,1,102,,50152,28,4,,1,94,,50158,28,,,1
500,'20260831',1107,,65163,28,,,1,407,,65164,28,,,1,103,,65159,28,4,,1,93,,65165,28,,,1,45,,65162,28,,,1,70,,65160,28,,,1,15,,65161,28,,,1,70,,50173,28,,,1,404,,65166,28,,,1,93,,50175,28,,,1
500,'20260901',1107,,50187,28,,,1,407,,50188,28,,,1,103,,50183,28,4,,1,93,,50189,28,,,1,45,,50186,28,,,1,70,,50184,28,,,1,15,,50185,28,,,1,70,,50190,28,,,1,404,,50191,28,,,1,93,,50192,28,,,1
500,'20260902',1107,,50204,28,,,1,407,,50205,28,,,1,103,,50200,28,4,,1,93,,50206,28,,,1,45,,50203,28,,,1,70,,50201,28,,,1,15,,50202,28,,,1,70,,50207,28,,,1,404,,50208,28,,,1,93,,50209,28,,,1
500,'20260903',1107,,50221,28,,,1,407,,50222,28,,,1,103,,50217,28,4,,1,93,,50223,28,,,1,45,,50220,28,,,1,70,,50218,28,,,1,15,,50219,28,,,1,70,,50224,28,,,1,404,,50225,28,,,1,93,,50226,28,,,1
500,'20260904',1107,,50238,28,,,1,407,,50239,28,,,1,103,,50234,28,4,,1,93,,50240,28,,,1,45,,50237,28,,,1,70,,50235,28,,,1,15,,50236,28,,,1,70,,50241,28,,,1,404,,50242,28,,,1,93,,50243,28,,,1
501,'20260821',512,,51416,1,,,1,28,,51417,8,,,1,70,,51419,8,,,1,30,,51418,8,,,1,80,,51420,8,,,1,15,,51421,8,,,1,94,,51422,8,,,1,95,,51423,8,,,1,412,,51424,8,,,1,803,,51425,8,,,1
501,'20260822',730,,51435,8,,,1,100,,51436,8,,,1,304,,51437,8,,,1,300,,51438,8,,,1,300,,51439,8,,,1,303,,51440,8,,,1
501,'20260823',730,,51450,8,,,1,100,,51451,8,,,1,304,,51452,8,,,1,300,,51453,8,,,1,300,,51454,8,,,1,303,,51455,8,,,1
501,'20260824',514,,65195,1,,,1,28,,65196,8,,,1,70,,65198,8,,,1,30,,65197,8,,,1,80,,51467,8,,,1,15,,65199,8,,,1,94,,51469,8,,,1,100,,65200,8,,,1,407,,65201,8,,,1,801,,65202,8,,,1
501,'20260825',514,,51480,1,,,1,28,,51481,8,,,1,70,,51483,8,,,1,30,,51482,8,,,1,80,,51484,8,,,1,15,,51485,8,,,1,94,,51486,8,,,1,100,,51487,8,,,1,407,,51488,8,,,1,801,,51489,8,,,1
501,'20260826',514,,51497,1,,,1,28,,51498,8,,,1,70,,51500,8,,,1,30,,51499,8,,,1,80,,51501,8,,,1,15,,51502,8,,,1,94,,51503,8,,,1,100,,51504,8,,,1,407,,51505,8,,,1,801,,51506,8,,,1
501,'20260827',514,,51514,1,,,1,28,,51515,8,,,1,70,,51517,8,,,1,30,,51516,8,,,1,80,,51518,8,,,1,15,,51519,8,,,1,94,,51520,8,,,1,100,,51521,8,,,1,407,,51522,8,,,1,801,,51523,8,,,1
501,'20260828',514,,51531,1,,,1,28,,51532,8,,,1,70,,51534,8,,,1,30,,51533,8,,,1,80,,51535,8,,,1,15,,51536,8,,,1,94,,51537,8,,,1,100,,51538,8,,,1,407,,51539,8,,,1,801,,51540,8,,,1
501,'20260829',730,,51550,8,,,1,100,,51551,8,,,1,304,,51552,8,,,1,300,,51553,8,,,1,300,,51554,8,,,1,303,,51555,8,,,1
501,'20260830',730,,51565,8,,,1,100,,51566,8,,,1,304,,51567,8,,,1,300,,51568,8,,,1,300,,51569,8,,,1,303,,51570,8,,,1
501,'20260831',514,,65207,1,,,1,28,,65208,8,,,1,70,,65210,8,,,1,30,,65209,8,,,1,80,,51582,8,,,1,15,,65211,8,,,1,94,,51584,8,,,1,100,,65212,8,,,1,407,,65213,8,,,1,801,,65214,8,,,1
501,'20260901',514,,51595,1,,,1,28,,51596,8,,,1,70,,51598,8,,,1,30,,51597,8,,,1,80,,51599,8,,,1,15,,51600,8,,,1,94,,51601,8,,,1,100,,51602,8,,,1,407,,51603,8,,,1,801,,51604,8,,,1
501,'20260902',514,,51612,1,,,1,28,,51613,8,,,1,70,,51615,8,,,1,30,,51614,8,,,1,80,,51616,8,,,1,15,,51617,8,,,1,94,,51618,8,,,1,100,,51619,8,,,1,407,,51620,8,,,1,801,,51621,8,,,1
501,'20260903',514,,51629,1,,,1,28,,51630,8,,,1,70,,51632,8,,,1,30,,51631,8,,,1,80,,51633,8,,,1,15,,51634,8,,,1,94,,51635,8,,,1,100,,51636,8,,,1,407,,51637,8,,,1,801,,51638,8,,,1
501,'20260904',514,,51646,1,,,1,28,,51647,8,,,1,70,,51649,8,,,1,30,,51648,8,,,1,80,,51650,8,,,1,15,,51651,8,,,1,94,,51652,8,,,1,100,,51653,8,,,1,407,,51654,8,,,1,801,,51655,8,,,1
