700,'20260917',950,,83036,23,0,23 24,1,100,,83037,23,0,23 24,1,100,,83038,23,0,23 24,1,100,,83039,23,0,23 24,1,100,,83040,23,0,23 24,1,100,,83041,23,0,23 24,1,100,,83044,23,,,1,100,,83045,23,,,1,70,,83048,23,,,1,30,,83046,23,,,1,72,,83049,23,,,1,83,,83042,23,0,23 24,1,45,,83043,23,0,23 24,1,100,,83047,23,,,1,270,,83050,23,,,1
700,'20260918',950,,83053,23,0,23 24,1,100,,83054,23,0,23 24,1,100,,83055,23,0,23 24,1,100,,83056,23,0,23 24,1,100,,83057,23,0,23 24,1,100,,83058,23,0,23 24,1,100,,83061,23,,,1,100,,83062,23,,,1,70,,83065,23,,,1,30,,83063,23,,,1,72,,83066,23,,,1,83,,83059,23,0,23 24,1,45,,83060,23,0,23 24,1,100,,83064,23,,,1,270,,83067,23,,,1
700,'20260919',1649,,83068,23,0,23 24,1,200,,83069,23,0,23 24,1,200,,83070,23,0,23 24,1,200,,83071,23,,,1
700,'20260920',1649,,83072,23,0,23 24,1,200,,83073,23,0,23 24,1,200,,83074,23,0,23 24,1,200,,83075,23,,,1
700,'20260921',950,,83078,23,0,23 24,1,100,,83079,23,0,23 24,1,100,,83080,23,0,23 24,1,100,,83081,23,0,23 24,1,100,,83082,23,0,23 24,1,100,,83083,23,0,23 24,1,100,,83086,23,,,1,100,,83087,23,,,1,70,,83090,23,,,1,30,,83088,23,,,1,72,,83091,23,,,1,83,,83084,23,0,23 24,1,45,,83085,23,0,23 24,1,100,,83089,23,,,1,270,,83092,23,,,1
700,'20260922',950,,83095,23,0,23 24,1,100,,83096,23,0,23 24,1,100,,83097,23,0,23 24,1,100,,83098,23,0,23 24,1,100,,83099,23,0,23 24,1,100,,83100,23,0,23 24,1,100,,83103,23,,,1,100,,83104,23,,,1,70,,83107,23,,,1,30,,83105,23,,,1,72,,83108,23,,,1,83,,83101,23,0,23 24,1,45,,83102,23,0,23 24,1,100,,83106,23,,,1,270,,83109,23,,,1
700,'20260923',950,,83112,23,0,23 24,1,100,,83113,23,0,23 24,1,100,,83114,23,0,23 24,1,100,,83115,23,0,23 24,1,100,,83116,23,0,23 24,1,100,,83117,23,0,23 24,1,100,,83120,23,,,1,100,,83121,23,,,1,70,,83124,23,,,1,30,,83122,23,,,1,72,,83125,23,,,1,83,,83118,23,0,23 24,1,45,,83119,23,0,23 24,1,100,,83123,23,,,1,270,,83126,23,,,1
700,'20260924',950,,83129,23,0,23 24,1,100,,83130,23,0,23 24,1,100,,83131,23,0,23 24,1,100,,83132,23,0,23 24,1,100,,83133,23,0,23 24,1,100,,83134,23,0,23 24,1,100,,83137,23,,,1,100,,83138,23,,,1,70,,83141,23,,,1,30,,83139,23,,,1,72,,83142,23,,,1,83,,83135,23,0,23 24,1,45,,83136,23,0,23 24,1,100,,83140,23,,,1,270,,83143,23,,,1
700,'20260925',950,,83146,23,0,23 24,1,100,,83147,23,0,23 24,1,100,,83148,23,0,23 24,1,100,,83149,23,0,23 24,1,100,,83150,23,0,23 24,1,100,,83151,23,0,23 24,1,100,,83154,23,,,1,100,,83155,23,,,1,70,,83158,23,,,1,30,,83156,23,,,1,72,,83159,23,,,1,83,,83152,23,0,23 24,1,45,,83153,23,0,23 24,1,100,,83157,23,,,1,270,,83160,23,,,1
700,'20260928',950,,83171,23,0,23 24,1,100,,83172,23,0,23 24,1,100,,83173,23,0,23 24,1,100,,83174,23,0,23 24,1,100,,83175,23,0,23 24,1,100,,83176,23,0,23 24,1,100,,83179,23,,,1,100,,83180,23,,,1,70,,83183,23,,,1,30,,83181,23,,,1,72,,83184,23,,,1,83,,83177,23,0,23 24,1,45,,83178,23,0,23 24,1,100,,83182,23,,,1,270,,83185,23,,,1
700,'20260929',950,,83188,23,0,23 24,1,100,,83189,23,0,23 24,1,100,,83190,23,0,23 24,1,100,,83191,23,0,23 24,1,100,,83192,23,0,23 24,1,100,,83193,23,0,23 24,1,100,,83196,23,,,1,100,,83197,23,,,1,70,,83200,23,,,1,30,,83198,23,,,1,72,,83201,23,,,1,83,,83194,23,0,23 24,1,45,,83195,23,0,23 24,1,100,,83199,23,,,1,270,,83202,23,,,1
700,'20260930',950,,83205,23,0,23 24,1,100,,83206,23,0,23 24,1,100,,83207,23,0,23 24,1,100,,83208,23,0,23 24,1,100,,83209,23,0,23 24,1,100,,83210,23,0,23 24,1,100,,83213,23,,,1,100,,83214,23,,,1,70,,83217,23,,,1,30,,83215,23,,,1,72,,83218,23,,,1,83,,83211,23,0,23 24,1,45,,83212,23,0,23 24,1,100,,83216,23,,,1,270,,83219,23,,,1
700,'20261001',950,,83222,23,0,23 24,1,100,,83223,23,0,23 24,1,100,,83224,23,0,23 24,1,100,,83225,23,0,23 24,1,100,,83226,23,0,23 24,1,100,,83227,23,0,23 24,1,100,,83230,23,,,1,100,,83231,23,,,1,70,,83234,23,,,1,30,,83232,23,,,1,72,,83235,23,,,1,83,,83228,23,0,23 24,1,45,,83229,23,0,23 24,1,100,,83233,23,,,1,270,,83236,23,,,1
700,'20261002',950,,83239,23,0,23 24,1,100,,83240,23,0,23 24,1,100,,83241,23,0,23 24,1,100,,83242,23,0,23 24,1,100,,83243,23,0,23 24,1,100,,83244,23,0,23 24,1,100,,83247,23,,,1,100,,83248,23,,,1,70,,83251,23,,,1,30,,83249,23,,,1,72,,83252,23,,,1,83,,83245,23,0,23 24,1,45,,83246,23,0,23 24,1,100,,83250,23,,,1,270,,83253,23,,,1
700,'20261003',1649,,83254,23,0,23 24,1,200,,83255,23,0,23 24,1,200,,83256,23,0,23 24,1,200,,83257,23,,,1
700,'20261004',1649,,92082,23,0,23 24,1,200,,92083,23,0,23 24,1,200,,92084,23,0,23 24,1,200,,92085,23,,,1
700,'20261005',950,,83264,23,0,23 24,1,100,,83265,23,0,23 24,1,100,,83266,23,0,23 24,1,100,,83267,23,0,23 24,1,100,,83268,23,0,23 24,1,100,,83269,23,0,23 24,1,100,,83272,23,,,1,100,,83273,23,,,1,70,,83276,23,,,1,30,,83274,23,,,1,72,,83277,23,,,1,83,,83270,23,0,23 24,1,45,,83271,23,0,23 24,1,100,,83275,23,,,1,270,,83278,23,,,1
700,'20261006',950,,83281,23,0,23 24,1,100,,83282,23,0,23 24,1,100,,83283,23,0,23 24,1,100,,83284,23,0,23 24,1,100,,83285,23,0,23 24,1,100,,83286,23,0,23 24,1,100,,83289,23,,,1,100,,83290,23,,,1,70,,83293,23,,,1,30,,83291,23,,,1,72,,83294,23,,,1,83,,83287,23,0,23 24,1,45,,83288,23,0,23 24,1,100,,83292,23,,,1,270,,83295,23,,,1
700,'20261007',950,,83298,23,0,23 24,1,100,,83299,23,0,23 24,1,100,,83300,23,0,23 24,1,100,,83301,23,0,23 24,1,100,,83302,23,0,23 24,1,100,,83303,23,0,23 24,1,100,,83306,23,,,1,100,,83307,23,,,1,70,,83310,23,,,1,30,,83308,23,,,1,72,,83311,23,,,1,83,,83304,23,0,23 24,1,45,,83305,23,0,23 24,1,100,,83309,23,,,1,270,,83312,23,,,1
700,'20261008',950,,83315,23,0,23 24,1,100,,83316,23,0,23 24,1,100,,83317,23,0,23 24,1,100,,83318,23,0,23 24,1,100,,83319,23,0,23 24,1,100,,83320,23,0,23 24,1,100,,83323,23,,,1,100,,83324,23,,,1,70,,83327,23,,,1,30,,83325,23,,,1,72,,83328,23,,,1,83,,83321,23,0,23 24,1,45,,83322,23,0,23 24,1,100,,83326,23,,,1,270,,83329,23,,,1
700,'20261009',950,,83332,23,0,23 24,1,100,,83333,23,0,23 24,1,100,,83334,23,0,23 24,1,100,,83335,23,0,23 24,1,100,,83336,23,0,23 24,1,100,,83337,23,0,23 24,1,100,,83340,23,,,1,100,,83341,23,,,1,70,,83344,23,,,1,30,,83342,23,,,1,72,,83345,23,,,1,83,,83338,23,0,23 24,1,45,,83339,23,0,23 24,1,100,,83343,23,,,1,270,,83346,23,,,1
700,'20261010',1649,,83347,23,0,23 24,1,200,,83348,23,0,23 24,1,200,,83349,23,0,23 24,1,200,,83350,23,,,1
700,'20261011',1649,,92086,23,0,23 24,1,200,,92087,23,0,23 24,1,200,,92088,23,0,23 24,1,200,,92089,23,,,1
700,'20261012',950,,83357,23,0,23 24,1,100,,83358,23,0,23 24,1,100,,83359,23,0,23 24,1,100,,83360,23,0,23 24,1,100,,83361,23,0,23 24,1,100,,83362,23,0,23 24,1,100,,83365,23,,,1,100,,83366,23,,,1,70,,83369,23,,,1,30,,83367,23,,,1,72,,83370,23,,,1,83,,83363,23,0,23 24,1,45,,83364,23,0,23 24,1,100,,83368,23,,,1,270,,83371,23,,,1
700,'20261013',950,,83374,23,0,23 24,1,100,,83375,23,0,23 24,1,100,,83376,23,0,23 24,1,100,,83377,23,0,23 24,1,100,,83378,23,0,23 24,1,100,,83379,23,0,23 24,1,100,,83382,23,,,1,100,,83383,23,,,1,70,,83386,23,,,1,30,,83384,23,,,1,72,,83387,23,,,1,83,,83380,23,0,23 24,1,45,,83381,23,0,23 24,1,100,,83385,23,,,1,270,,83388,23,,,1
700,'20261014',950,,83391,23,0,23 24,1,100,,83392,23,0,23 24,1,100,,83393,23,0,23 24,1,100,,83394,23,0,23 24,1,100,,83395,23,0,23 24,1,100,,83396,23,0,23 24,1,100,,83399,23,,,1,100,,83400,23,,,1,70,,83403,23,,,1,30,,83401,23,,,1,72,,83404,23,,,1,83,,83397,23,0,23 24,1,45,,83398,23,0,23 24,1,100,,83402,23,,,1,270,,83405,23,,,1
700,'20261015',950,,83408,23,0,23 24,1,100,,83409,23,0,23 24,1,100,,83410,23,0,23 24,1,100,,83411,23,0,23 24,1,100,,83412,23,0,23 24,1,100,,83413,23,0,23 24,1,100,,83416,23,,,1,100,,83417,23,,,1,70,,83420,23,,,1,30,,83418,23,,,1,72,,83421,23,,,1,83,,83414,23,0,23 24,1,45,,83415,23,0,23 24,1,100,,83419,23,,,1,270,,83422,23,,,1
700,'20261016',950,,83425,23,0,23 24,1,100,,83426,23,0,23 24,1,100,,83427,23,0,23 24,1,100,,83428,23,0,23 24,1,100,,83429,23,0,23 24,1,100,,83430,23,0,23 24,1,100,,83433,23,,,1,100,,83434,23,,,1,70,,83437,23,,,1,30,,83435,23,,,1,72,,83438,23,,,1,83,,83431,23,0,23 24,1,45,,83432,23,0,23 24,1,100,,83436,23,,,1,270,,83439,23,,,1
700,'20261017',1649,,83440,23,0,23 24,1,200,,83441,23,0,23 24,1,200,,83442,23,0,23 24,1,200,,83443,23,,,1
700,'20261018',1649,,92090,23,0,23 24,1,200,,92091,23,0,23 24,1,200,,92092,23,0,23 24,1,200,,92093,23,,,1
700,'20261019',950,,83450,23,0,23 24,1,100,,83451,23,0,23 24,1,100,,83452,23,0,23 24,1,100,,83453,23,0,23 24,1,100,,83454,23,0,23 24,1,100,,83455,23,0,23 24,1,100,,83458,23,,,1,100,,83459,23,,,1,70,,83462,23,,,1,30,,83460,23,,,1,72,,83463,23,,,1,83,,83456,23,0,23 24,1,45,,83457,23,0,23 24,1,100,,83461,23,,,1,270,,83464,23,,,1
700,'20261020',950,,83467,23,0,23 24,1,100,,83468,23,0,23 24,1,100,,83469,23,0,23 24,1,100,,83470,23,0,23 24,1,100,,83471,23,0,23 24,1,100,,83472,23,0,23 24,1,100,,83475,23,,,1,100,,83476,23,,,1,70,,83479,23,,,1,30,,83477,23,,,1,72,,83480,23,,,1,83,,83473,23,0,23 24,1,45,,83474,23,0,23 24,1,100,,83478,23,,,1,270,,83481,23,,,1
700,'20261021',950,,83484,23,0,23 24,1,100,,83485,23,0,23 24,1,100,,83486,23,0,23 24,1,100,,83487,23,0,23 24,1,100,,83488,23,0,23 24,1,100,,83489,23,0,23 24,1,100,,83492,23,,,1,100,,83493,23,,,1,70,,83496,23,,,1,30,,83494,23,,,1,72,,83497,23,,,1,83,,83490,23,0,23 24,1,45,,83491,23,0,23 24,1,100,,83495,23,,,1,270,,83498,23,,,1
700,'20261022',950,,83501,23,0,23 24,1,100,,83502,23,0,23 24,1,100,,83503,23,0,23 24,1,100,,83504,23,0,23 24,1,100,,83505,23,0,23 24,1,100,,83506,23,0,23 24,1,100,,83509,23,,,1,100,,83510,23,,,1,70,,83513,23,,,1,30,,83511,23,,,1,72,,83514,23,,,1,83,,83507,23,0,23 24,1,45,,83508,23,0,23 24,1,100,,83512,23,,,1,270,,83515,23,,,1
700,'20261023',950,,83518,23,0,23 24,1,100,,83519,23,0,23 24,1,100,,83520,23,0,23 24,1,100,,83521,23,0,23 24,1,100,,83522,23,0,23 24,1,100,,83523,23,0,23 24,1,100,,83526,23,,,1,100,,83527,23,,,1,70,,83530,23,,,1,30,,83528,23,,,1,72,,83531,23,,,1,83,,83524,23,0,23 24,1,45,,83525,23,0,23 24,1,100,,83529,23,,,1,270,,83532,23,,,1
700,'20261024',1649,,83533,23,0,23 24,1,200,,83534,23,0,23 24,1,200,,83535,23,0,23 24,1,200,,83536,23,,,1
700,'20261025',1649,,92094,23,0,23 24,1,200,,92095,23,0,23 24,1,200,,92096,23,0,23 24,1,200,,92097,23,,,1
700,'20261026',950,,83543,23,0,23 24,1,100,,83544,23,0,23 24,1,100,,83545,23,0,23 24,1,100,,83546,23,0,23 24,1,100,,83547,23,0,23 24,1,100,,83548,23,0,23 24,1,100,,83551,23,,,1,100,,83552,23,,,1,70,,83555,23,,,1,30,,83553,23,,,1,72,,83556,23,,,1,83,,83549,23,0,23 24,1,45,,83550,23,0,23 24,1,100,,83554,23,,,1,270,,83557,23,,,1
700,'20261027',950,,83560,23,0,23 24,1,100,,83561,23,0,23 24,1,100,,83562,23,0,23 24,1,100,,83563,23,0,23 24,1,100,,83564,23,0,23 24,1,100,,83565,23,0,23 24,1,100,,83568,23,,,1,100,,83569,23,,,1,70,,83572,23,,,1,30,,83570,23,,,1,72,,83573,23,,,1,83,,83566,23,0,23 24,1,45,,83567,23,0,23 24,1,100,,83571,23,,,1,270,,83574,23,,,1
700,'20261028',950,,83577,23,0,23 24,1,100,,83578,23,0,23 24,1,100,,83579,23,0,23 24,1,100,,83580,23,0,23 24,1,100,,83581,23,0,23 24,1,100,,83582,23,0,23 24,1,100,,83585,23,,,1,100,,83586,23,,,1,70,,83589,23,,,1,30,,83587,23,,,1,72,,83590,23,,,1,83,,83583,23,0,23 24,1,45,,83584,23,0,23 24,1,100,,83588,23,,,1,270,,83591,23,,,1
700,'20261029',950,,83594,23,0,23 24,1,100,,83595,23,0,23 24,1,100,,83596,23,0,23 24,1,100,,83597,23,0,23 24,1,100,,83598,23,0,23 24,1,100,,83599,23,0,23 24,1,100,,83602,23,,,1,100,,83603,23,,,1,70,,83606,23,,,1,30,,83604,23,,,1,72,,83607,23,,,1,83,,83600,23,0,23 24,1,45,,83601,23,0,23 24,1,100,,83605,23,,,1,270,,83608,23,,,1
700,'20261030',950,,83611,23,0,23 24,1,100,,83612,23,0,23 24,1,100,,83613,23,0,23 24,1,100,,83614,23,0,23 24,1,100,,83615,23,0,23 24,1,100,,83616,23,0,23 24,1,100,,83619,23,,,1,100,,83620,23,,,1,70,,83623,23,,,1,30,,83621,23,,,1,72,,83624,23,,,1,83,,83617,23,0,23 24,1,45,,83618,23,0,23 24,1,100,,83622,23,,,1,270,,83625,23,,,1
700,'20261031',1649,,83626,23,0,23 24,1,200,,83627,23,0,23 24,1,200,,83628,23,0,23 24,1,200,,83629,23,,,1
700,'20261101',1649,,92098,23,0,23 24,1,200,,92099,23,0,23 24,1,200,,92100,23,0,23 24,1,200,,92101,23,,,1
700,'20261102',950,,83636,23,0,23 24,1,100,,83637,23,0,23 24,1,100,,83638,23,0,23 24,1,100,,83639,23,0,23 24,1,100,,83640,23,0,23 24,1,100,,83641,23,0,23 24,1,100,,83644,23,,,1,100,,83645,23,,,1,70,,83648,23,,,1,30,,83646,23,,,1,72,,83649,23,,,1,83,,83642,23,0,23 24,1,45,,83643,23,0,23 24,1,100,,83647,23,,,1,270,,83650,23,,,1
700,'20261103',950,,83653,23,0,23 24,1,100,,83654,23,0,23 24,1,100,,83655,23,0,23 24,1,100,,83656,23,0,23 24,1,100,,83657,23,0,23 24,1,100,,83658,23,0,23 24,1,100,,83661,23,,,1,100,,83662,23,,,1,70,,83665,23,,,1,30,,83663,23,,,1,72,,83666,23,,,1,83,,83659,23,0,23 24,1,45,,83660,23,0,23 24,1,100,,83664,23,,,1,270,,83667,23,,,1
700,'20261104',950,,83670,23,0,23 24,1,100,,83671,23,0,23 24,1,100,,83672,23,0,23 24,1,100,,83673,23,0,23 24,1,100,,83674,23,0,23 24,1,100,,83675,23,0,23 24,1,100,,83678,23,,,1,100,,83679,23,,,1,70,,83682,23,,,1,30,,83680,23,,,1,72,,83683,23,,,1,83,,83676,23,0,23 24,1,45,,83677,23,0,23 24,1,100,,83681,23,,,1,270,,83684,23,,,1
700,'20261105',950,,83687,23,0,23 24,1,100,,83688,23,0,23 24,1,100,,83689,23,0,23 24,1,100,,83690,23,0,23 24,1,100,,83691,23,0,23 24,1,100,,83692,23,0,23 24,1,100,,83695,23,,,1,100,,83696,23,,,1,70,,83699,23,,,1,30,,83697,23,,,1,72,,83700,23,,,1,83,,83693,23,0,23 24,1,45,,83694,23,0,23 24,1,100,,83698,23,,,1,270,,83701,23,,,1
700,'20261106',950,,83704,23,0,23 24,1,100,,83705,23,0,23 24,1,100,,83706,23,0,23 24,1,100,,83707,23,0,23 24,1,100,,83708,23,0,23 24,1,100,,83709,23,0,23 24,1,100,,83712,23,,,1,100,,83713,23,,,1,70,,83716,23,,,1,30,,83714,23,,,1,72,,83717,23,,,1,83,,83710,23,0,23 24,1,45,,83711,23,0,23 24,1,100,,83715,23,,,1,270,,83718,23,,,1
700,'20261107',1649,,83719,23,0,23 24,1,200,,83720,23,0,23 24,1,200,,83721,23,0,23 24,1,200,,83722,23,,,1
700,'20261108',1649,,92102,23,0,23 24,1,200,,92103,23,0,23 24,1,200,,92104,23,0,23 24,1,200,,92105,23,,,1
700,'20261109',950,,83729,23,0,23 24,1,100,,83730,23,0,23 24,1,100,,83731,23,0,23 24,1,100,,83732,23,0,23 24,1,100,,83733,23,0,23 24,1,100,,83734,23,0,23 24,1,100,,83737,23,,,1,100,,83738,23,,,1,70,,83741,23,,,1,30,,83739,23,,,1,72,,83742,23,,,1,83,,83735,23,0,23 24,1,45,,83736,23,0,23 24,1,100,,83740,23,,,1,270,,83743,23,,,1
700,'20261110',950,,83746,23,0,23 24,1,100,,83747,23,0,23 24,1,100,,83748,23,0,23 24,1,100,,83749,23,0,23 24,1,100,,83750,23,0,23 24,1,100,,83751,23,0,23 24,1,100,,83754,23,,,1,100,,83755,23,,,1,70,,83758,23,,,1,30,,83756,23,,,1,72,,83759,23,,,1,83,,83752,23,0,23 24,1,45,,83753,23,0,23 24,1,100,,83757,23,,,1,270,,83760,23,,,1
700,'20261111',950,,83763,23,0,23 24,1,100,,83764,23,0,23 24,1,100,,83765,23,0,23 24,1,100,,83766,23,0,23 24,1,100,,83767,23,0,23 24,1,100,,83768,23,0,23 24,1,100,,83771,23,,,1,100,,83772,23,,,1,70,,83775,23,,,1,30,,83773,23,,,1,72,,83776,23,,,1,83,,83769,23,0,23 24,1,45,,83770,23,0,23 24,1,100,,83774,23,,,1,270,,83777,23,,,1
700,'20261112',950,,83780,23,0,23 24,1,100,,83781,23,0,23 24,1,100,,83782,23,0,23 24,1,100,,83783,23,0,23 24,1,100,,83784,23,0,23 24,1,100,,83785,23,0,23 24,1,100,,83788,23,,,1,100,,83789,23,,,1,70,,83792,23,,,1,30,,83790,23,,,1,72,,83793,23,,,1,83,,83786,23,0,23 24,1,45,,83787,23,0,23 24,1,100,,83791,23,,,1,270,,83794,23,,,1
700,'20261113',950,,83797,23,0,23 24,1,100,,83798,23,0,23 24,1,100,,83799,23,0,23 24,1,100,,83800,23,0,23 24,1,100,,83801,23,0,23 24,1,100,,83802,23,0,23 24,1,100,,83805,23,,,1,100,,83806,23,,,1,70,,83809,23,,,1,30,,83807,23,,,1,72,,83810,23,,,1,83,,83803,23,0,23 24,1,45,,83804,23,0,23 24,1,100,,83808,23,,,1,270,,83811,23,,,1
700,'20261114',1649,,83812,23,0,23 24,1,200,,83813,23,0,23 24,1,200,,83814,23,0,23 24,1,200,,83815,23,,,1
700,'20261115',1649,,92106,23,0,23 24,1,200,,92107,23,0,23 24,1,200,,92108,23,0,23 24,1,200,,92109,23,,,1
700,'20261116',950,,83822,23,0,23 24,1,100,,83823,23,0,23 24,1,100,,83824,23,0,23 24,1,100,,83825,23,0,23 24,1,100,,83826,23,0,23 24,1,100,,83827,23,0,23 24,1,100,,83830,23,,,1,100,,83831,23,,,1,70,,83834,23,,,1,30,,83832,23,,,1,72,,83835,23,,,1,83,,83828,23,0,23 24,1,45,,83829,23,0,23 24,1,100,,83833,23,,,1,270,,83836,23,,,1
700,'20261117',950,,83839,23,0,23 24,1,100,,83840,23,0,23 24,1,100,,83841,23,0,23 24,1,100,,83842,23,0,23 24,1,100,,83843,23,0,23 24,1,100,,83844,23,0,23 24,1,100,,83847,23,,,1,100,,83848,23,,,1,70,,83851,23,,,1,30,,83849,23,,,1,72,,83852,23,,,1,83,,83845,23,0,23 24,1,45,,83846,23,0,23 24,1,100,,83850,23,,,1,270,,83853,23,,,1
700,'20261118',950,,83856,23,0,23 24,1,100,,83857,23,0,23 24,1,100,,83858,23,0,23 24,1,100,,83859,23,0,23 24,1,100,,83860,23,0,23 24,1,100,,83861,23,0,23 24,1,100,,83864,23,,,1,100,,83865,23,,,1,70,,83868,23,,,1,30,,83866,23,,,1,72,,83869,23,,,1,83,,83862,23,0,23 24,1,45,,83863,23,0,23 24,1,100,,83867,23,,,1,270,,83870,23,,,1
700,'20261119',950,,83873,23,0,23 24,1,100,,83874,23,0,23 24,1,100,,83875,23,0,23 24,1,100,,83876,23,0,23 24,1,100,,83877,23,0,23 24,1,100,,83878,23,0,23 24,1,100,,83881,23,,,1,100,,83882,23,,,1,70,,83885,23,,,1,30,,83883,23,,,1,72,,83886,23,,,1,83,,83879,23,0,23 24,1,45,,83880,23,0,23 24,1,100,,83884,23,,,1,270,,83887,23,,,1
700,'20261120',950,,83890,23,0,23 24,1,100,,83891,23,0,23 24,1,100,,83892,23,0,23 24,1,100,,83893,23,0,23 24,1,100,,83894,23,0,23 24,1,100,,83895,23,0,23 24,1,100,,83898,23,,,1,100,,83899,23,,,1,70,,83902,23,,,1,30,,83900,23,,,1,72,,83903,23,,,1,83,,83896,23,0,23 24,1,45,,83897,23,0,23 24,1,100,,83901,23,,,1,270,,83904,23,,,1
700,'20261121',1649,,83905,23,0,23 24,1,200,,83906,23,0,23 24,1,200,,83907,23,0,23 24,1,200,,83908,23,,,1
700,'20261122',1649,,92110,23,0,23 24,1,200,,92111,23,0,23 24,1,200,,92112,23,0,23 24,1,200,,92113,23,,,1
700,'20261123',950,,83915,23,0,23 24,1,100,,83916,23,0,23 24,1,100,,83917,23,0,23 24,1,100,,83918,23,0,23 24,1,100,,83919,23,0,23 24,1,100,,83920,23,0,23 24,1,100,,83923,23,,,1,100,,83924,23,,,1,70,,83927,23,,,1,30,,83925,23,,,1,72,,83928,23,,,1,83,,83921,23,0,23 24,1,45,,83922,23,0,23 24,1,100,,83926,23,,,1,270,,83929,23,,,1
700,'20261124',950,,83932,23,0,23 24,1,100,,83933,23,0,23 24,1,100,,83934,23,0,23 24,1,100,,83935,23,0,23 24,1,100,,83936,23,0,23 24,1,100,,83937,23,0,23 24,1,100,,83940,23,,,1,100,,83941,23,,,1,70,,83944,23,,,1,30,,83942,23,,,1,72,,83945,23,,,1,83,,83938,23,0,23 24,1,45,,83939,23,0,23 24,1,100,,83943,23,,,1,270,,83946,23,,,1
700,'20261125',950,,83949,23,0,23 24,1,100,,83950,23,0,23 24,1,100,,83951,23,0,23 24,1,100,,83952,23,0,23 24,1,100,,83953,23,0,23 24,1,100,,83954,23,0,23 24,1,100,,83957,23,,,1,100,,83958,23,,,1,70,,83961,23,,,1,30,,83959,23,,,1,72,,83962,23,,,1,83,,83955,23,0,23 24,1,45,,83956,23,0,23 24,1,100,,83960,23,,,1,270,,83963,23,,,1
700,'20261126',950,,83966,23,0,23 24,1,100,,83967,23,0,23 24,1,100,,83968,23,0,23 24,1,100,,83969,23,0,23 24,1,100,,83970,23,0,23 24,1,100,,83971,23,0,23 24,1,100,,83974,23,,,1,100,,83975,23,,,1,70,,83978,23,,,1,30,,83976,23,,,1,72,,83979,23,,,1,83,,83972,23,0,23 24,1,45,,83973,23,0,23 24,1,100,,83977,23,,,1,270,,83980,23,,,1
700,'20261127',950,,83983,23,0,23 24,1,100,,83984,23,0,23 24,1,100,,83985,23,0,23 24,1,100,,83986,23,0,23 24,1,100,,83987,23,0,23 24,1,100,,83988,23,0,23 24,1,100,,83991,23,,,1,100,,83992,23,,,1,70,,83995,23,,,1,30,,83993,23,,,1,72,,83996,23,,,1,83,,83989,23,0,23 24,1,45,,83990,23,0,23 24,1,100,,83994,23,,,1,270,,83997,23,,,1
701,'20260917',528,,84180,6,,,1,100,,84181,6,,,1,30,,84185,6,,,1,70,,84182,6,,,1,30,,84186,6,,,1,70,,84183,6,,,1,100,,84184,6,,,1,101,,84172,3,,,1,100,,84173,3,,,1,100,,84174,3,,,1,100,,84175,3,,,1,100,,84176,3,,,1,100,,84177,3,,,1,400,,84178,3,,,1,100,,84179,3,,,1
701,'20260918',528,,84197,6,,,1,100,,84198,6,,,1,30,,84202,6,,,1,70,,84199,6,,,1,30,,84203,6,,,1,70,,84200,6,,,1,100,,84201,6,,,1,101,,84189,3,,,1,100,,84190,3,,,1,100,,84191,3,,,1,100,,84192,3,,,1,100,,84193,3,,,1,100,,84194,3,,,1,400,,84195,3,,,1,100,,84196,3,,,1
701,'20260919',1529,,84207,6,,,1,201,,84204,3,,,1,200,,84205,3,,,1,200,,84206,3,,,1
701,'20260920',1529,,84211,6,,,1,201,,84208,3,,,1,200,,84209,3,,,1,200,,84210,3,,,1
701,'20260921',528,,84222,6,,,1,100,,84223,6,,,1,30,,84227,6,,,1,70,,84224,6,,,1,30,,84228,6,,,1,70,,84225,6,,,1,100,,84226,6,,,1,101,,84214,3,,,1,100,,84215,3,,,1,100,,84216,3,,,1,100,,84217,3,,,1,100,,84218,3,,,1,100,,84219,3,,,1,400,,84220,3,,,1,100,,84221,3,,,1
701,'20260922',528,,84239,6,,,1,100,,84240,6,,,1,30,,84244,6,,,1,70,,84241,6,,,1,30,,84245,6,,,1,70,,84242,6,,,1,100,,84243,6,,,1,101,,84231,3,,,1,100,,84232,3,,,1,100,,84233,3,,,1,100,,84234,3,,,1,100,,84235,3,,,1,100,,84236,3,,,1,400,,84237,3,,,1,100,,84238,3,,,1
701,'20260923',528,,84256,6,,,1,100,,84257,6,,,1,30,,84261,6,,,1,70,,84258,6,,,1,30,,84262,6,,,1,70,,84259,6,,,1,100,,84260,6,,,1,101,,84248,3,,,1,100,,84249,3,,,1,100,,84250,3,,,1,100,,84251,3,,,1,100,,84252,3,,,1,100,,84253,3,,,1,400,,84254,3,,,1,100,,84255,3,,,1
701,'20260924',528,,84273,6,,,1,100,,84274,6,,,1,30,,84278,6,,,1,70,,84275,6,,,1,30,,84279,6,,,1,70,,84276,6,,,1,100,,84277,6,,,1,101,,84265,3,,,1,100,,84266,3,,,1,100,,84267,3,,,1,100,,84268,3,,,1,100,,84269,3,,,1,100,,84270,3,,,1,400,,84271,3,,,1,100,,84272,3,,,1
701,'20260925',528,,84290,6,,,1,100,,84291,6,,,1,30,,84295,6,,,1,70,,84292,6,,,1,30,,84296,6,,,1,70,,84293,6,,,1,100,,84294,6,,,1,101,,84282,3,,,1,100,,84283,3,,,1,100,,84284,3,,,1,100,,84285,3,,,1,100,,84286,3,,,1,100,,84287,3,,,1,400,,84288,3,,,1,100,,84289,3,,,1
701,'20260928',528,,84315,6,,,1,100,,84316,6,,,1,30,,84320,6,,,1,70,,84317,6,,,1,30,,84321,6,,,1,70,,84318,6,,,1,100,,84319,6,,,1,101,,84307,3,,,1,100,,84308,3,,,1,100,,84309,3,,,1,100,,84310,3,,,1,100,,84311,3,,,1,100,,84312,3,,,1,400,,84313,3,,,1,100,,84314,3,,,1
701,'20260929',528,,84332,6,,,1,100,,84333,6,,,1,30,,84337,6,,,1,70,,84334,6,,,1,30,,84338,6,,,1,70,,84335,6,,,1,100,,84336,6,,,1,101,,84324,3,,,1,100,,84325,3,,,1,100,,84326,3,,,1,100,,84327,3,,,1,100,,84328,3,,,1,100,,84329,3,,,1,400,,84330,3,,,1,100,,84331,3,,,1
701,'20260930',528,,84349,6,,,1,100,,84350,6,,,1,30,,84354,6,,,1,70,,84351,6,,,1,30,,84355,6,,,1,70,,84352,6,,,1,100,,84353,6,,,1,101,,84341,3,,,1,100,,84342,3,,,1,100,,84343,3,,,1,100,,84344,3,,,1,100,,84345,3,,,1,100,,84346,3,,,1,400,,84347,3,,,1,100,,84348,3,,,1
701,'20261001',528,,84366,6,,,1,100,,84367,6,,,1,30,,84371,6,,,1,70,,84368,6,,,1,30,,84372,6,,,1,70,,84369,6,,,1,100,,84370,6,,,1,101,,84358,3,,,1,100,,84359,3,,,1,100,,84360,3,,,1,100,,84361,3,,,1,100,,84362,3,,,1,100,,84363,3,,,1,400,,84364,3,,,1,100,,84365,3,,,1
701,'20261002',528,,84383,6,,,1,100,,84384,6,,,1,30,,84388,6,,,1,70,,84385,6,,,1,30,,84389,6,,,1,70,,84386,6,,,1,100,,84387,6,,,1,101,,84375,3,,,1,100,,84376,3,,,1,100,,84377,3,,,1,100,,84378,3,,,1,100,,84379,3,,,1,100,,84380,3,,,1,400,,84381,3,,,1,100,,84382,3,,,1
701,'20261003',1529,,84393,6,,,1,201,,84390,3,,,1,200,,84391,3,,,1,200,,84392,3,,,1
701,'20261004',1529,,92117,6,,,1,201,,92114,3,,,1,200,,92115,3,,,1,200,,92116,3,,,1
701,'20261005',528,,84408,6,,,1,100,,84409,6,,,1,30,,84413,6,,,1,70,,84410,6,,,1,30,,84414,6,,,1,70,,84411,6,,,1,100,,84412,6,,,1,101,,84400,3,,,1,100,,84401,3,,,1,100,,84402,3,,,1,100,,84403,3,,,1,100,,84404,3,,,1,100,,84405,3,,,1,400,,84406,3,,,1,100,,84407,3,,,1
701,'20261006',528,,84425,6,,,1,100,,84426,6,,,1,30,,84430,6,,,1,70,,84427,6,,,1,30,,84431,6,,,1,70,,84428,6,,,1,100,,84429,6,,,1,101,,84417,3,,,1,100,,84418,3,,,1,100,,84419,3,,,1,100,,84420,3,,,1,100,,84421,3,,,1,100,,84422,3,,,1,400,,84423,3,,,1,100,,84424,3,,,1
701,'20261007',528,,84442,6,,,1,100,,84443,6,,,1,30,,84447,6,,,1,70,,84444,6,,,1,30,,84448,6,,,1,70,,84445,6,,,1,100,,84446,6,,,1,101,,84434,3,,,1,100,,84435,3,,,1,100,,84436,3,,,1,100,,84437,3,,,1,100,,84438,3,,,1,100,,84439,3,,,1,400,,84440,3,,,1,100,,84441,3,,,1
701,'20261008',528,,84459,6,,,1,100,,84460,6,,,1,30,,84464,6,,,1,70,,84461,6,,,1,30,,84465,6,,,1,70,,84462,6,,,1,100,,84463,6,,,1,101,,84451,3,,,1,100,,84452,3,,,1,100,,84453,3,,,1,100,,84454,3,,,1,100,,84455,3,,,1,100,,84456,3,,,1,400,,84457,3,,,1,100,,84458,3,,,1
701,'20261009',528,,84476,6,,,1,100,,84477,6,,,1,30,,84481,6,,,1,70,,84478,6,,,1,30,,84482,6,,,1,70,,84479,6,,,1,100,,84480,6,,,1,101,,84468,3,,,1,100,,84469,3,,,1,100,,84470,3,,,1,100,,84471,3,,,1,100,,84472,3,,,1,100,,84473,3,,,1,400,,84474,3,,,1,100,,84475,3,,,1
701,'20261010',1529,,84486,6,,,1,201,,84483,3,,,1,200,,84484,3,,,1,200,,84485,3,,,1
701,'20261011',1529,,92121,6,,,1,201,,92118,3,,,1,200,,92119,3,,,1,200,,92120,3,,,1
701,'20261012',528,,84501,6,,,1,100,,84502,6,,,1,30,,84506,6,,,1,70,,84503,6,,,1,30,,84507,6,,,1,70,,84504,6,,,1,100,,84505,6,,,1,101,,84493,3,,,1,100,,84494,3,,,1,100,,84495,3,,,1,100,,84496,3,,,1,100,,84497,3,,,1,100,,84498,3,,,1,400,,84499,3,,,1,100,,84500,3,,,1
701,'20261013',528,,84518,6,,,1,100,,84519,6,,,1,30,,84523,6,,,1,70,,84520,6,,,1,30,,84524,6,,,1,70,,84521,6,,,1,100,,84522,6,,,1,101,,84510,3,,,1,100,,84511,3,,,1,100,,84512,3,,,1,100,,84513,3,,,1,100,,84514,3,,,1,100,,84515,3,,,1,400,,84516,3,,,1,100,,84517,3,,,1
701,'20261014',528,,84535,6,,,1,100,,84536,6,,,1,30,,84540,6,,,1,70,,84537,6,,,1,30,,84541,6,,,1,70,,84538,6,,,1,100,,84539,6,,,1,101,,84527,3,,,1,100,,84528,3,,,1,100,,84529,3,,,1,100,,84530,3,,,1,100,,84531,3,,,1,100,,84532,3,,,1,400,,84533,3,,,1,100,,84534,3,,,1
701,'20261015',528,,84552,6,,,1,100,,84553,6,,,1,30,,84557,6,,,1,70,,84554,6,,,1,30,,84558,6,,,1,70,,84555,6,,,1,100,,84556,6,,,1,101,,84544,3,,,1,100,,84545,3,,,1,100,,84546,3,,,1,100,,84547,3,,,1,100,,84548,3,,,1,100,,84549,3,,,1,400,,84550,3,,,1,100,,84551,3,,,1
701,'20261016',528,,84569,6,,,1,100,,84570,6,,,1,30,,84574,6,,,1,70,,84571,6,,,1,30,,84575,6,,,1,70,,84572,6,,,1,100,,84573,6,,,1,101,,84561,3,,,1,100,,84562,3,,,1,100,,84563,3,,,1,100,,84564,3,,,1,100,,84565,3,,,1,100,,84566,3,,,1,400,,84567,3,,,1,100,,84568,3,,,1
701,'20261017',1529,,84579,6,,,1,201,,84576,3,,,1,200,,84577,3,,,1,200,,84578,3,,,1
701,'20261018',1529,,92125,6,,,1,201,,92122,3,,,1,200,,92123,3,,,1,200,,92124,3,,,1
701,'20261019',528,,84594,6,,,1,100,,84595,6,,,1,30,,84599,6,,,1,70,,84596,6,,,1,30,,84600,6,,,1,70,,84597,6,,,1,100,,84598,6,,,1,101,,84586,3,,,1,100,,84587,3,,,1,100,,84588,3,,,1,100,,84589,3,,,1,100,,84590,3,,,1,100,,84591,3,,,1,400,,84592,3,,,1,100,,84593,3,,,1
701,'20261020',528,,84611,6,,,1,100,,84612,6,,,1,30,,84616,6,,,1,70,,84613,6,,,1,30,,84617,6,,,1,70,,84614,6,,,1,100,,84615,6,,,1,101,,84603,3,,,1,100,,84604,3,,,1,100,,84605,3,,,1,100,,84606,3,,,1,100,,84607,3,,,1,100,,84608,3,,,1,400,,84609,3,,,1,100,,84610,3,,,1
701,'20261021',528,,84628,6,,,1,100,,84629,6,,,1,30,,84633,6,,,1,70,,84630,6,,,1,30,,84634,6,,,1,70,,84631,6,,,1,100,,84632,6,,,1,101,,84620,3,,,1,100,,84621,3,,,1,100,,84622,3,,,1,100,,84623,3,,,1,100,,84624,3,,,1,100,,84625,3,,,1,400,,84626,3,,,1,100,,84627,3,,,1
701,'20261022',528,,84645,6,,,1,100,,84646,6,,,1,30,,84650,6,,,1,70,,84647,6,,,1,30,,84651,6,,,1,70,,84648,6,,,1,100,,84649,6,,,1,101,,84637,3,,,1,100,,84638,3,,,1,100,,84639,3,,,1,100,,84640,3,,,1,100,,84641,3,,,1,100,,84642,3,,,1,400,,84643,3,,,1,100,,84644,3,,,1
701,'20261023',528,,84662,6,,,1,100,,84663,6,,,1,30,,84667,6,,,1,70,,84664,6,,,1,30,,84668,6,,,1,70,,84665,6,,,1,100,,84666,6,,,1,101,,84654,3,,,1,100,,84655,3,,,1,100,,84656,3,,,1,100,,84657,3,,,1,100,,84658,3,,,1,100,,84659,3,,,1,400,,84660,3,,,1,100,,84661,3,,,1
701,'20261024',1529,,84672,6,,,1,201,,84669,3,,,1,200,,84670,3,,,1,200,,84671,3,,,1
701,'20261025',1529,,92129,6,,,1,201,,92126,3,,,1,200,,92127,3,,,1,200,,92128,3,,,1
701,'20261026',528,,84687,6,,,1,100,,84688,6,,,1,30,,84692,6,,,1,70,,84689,6,,,1,30,,84693,6,,,1,70,,84690,6,,,1,100,,84691,6,,,1,101,,84679,3,,,1,100,,84680,3,,,1,100,,84681,3,,,1,100,,84682,3,,,1,100,,84683,3,,,1,100,,84684,3,,,1,400,,84685,3,,,1,100,,84686,3,,,1
701,'20261027',528,,84704,6,,,1,100,,84705,6,,,1,30,,84709,6,,,1,70,,84706,6,,,1,30,,84710,6,,,1,70,,84707,6,,,1,100,,84708,6,,,1,101,,84696,3,,,1,100,,84697,3,,,1,100,,84698,3,,,1,100,,84699,3,,,1,100,,84700,3,,,1,100,,84701,3,,,1,400,,84702,3,,,1,100,,84703,3,,,1
701,'20261028',528,,84721,6,,,1,100,,84722,6,,,1,30,,84726,6,,,1,70,,84723,6,,,1,30,,84727,6,,,1,70,,84724,6,,,1,100,,84725,6,,,1,101,,84713,3,,,1,100,,84714,3,,,1,100,,84715,3,,,1,100,,84716,3,,,1,100,,84717,3,,,1,100,,84718,3,,,1,400,,84719,3,,,1,100,,84720,3,,,1
701,'20261029',528,,84738,6,,,1,100,,84739,6,,,1,30,,84743,6,,,1,70,,84740,6,,,1,30,,84744,6,,,1,70,,84741,6,,,1,100,,84742,6,,,1,101,,84730,3,,,1,100,,84731,3,,,1,100,,84732,3,,,1,100,,84733,3,,,1,100,,84734,3,,,1,100,,84735,3,,,1,400,,84736,3,,,1,100,,84737,3,,,1
701,'20261030',528,,84755,6,,,1,100,,84756,6,,,1,30,,84760,6,,,1,70,,84757,6,,,1,30,,84761,6,,,1,70,,84758,6,,,1,100,,84759,6,,,1,101,,84747,3,,,1,100,,84748,3,,,1,100,,84749,3,,,1,100,,84750,3,,,1,100,,84751,3,,,1,100,,84752,3,,,1,400,,84753,3,,,1,100,,84754,3,,,1
701,'20261031',1529,,84765,6,,,1,201,,84762,3,,,1,200,,84763,3,,,1,200,,84764,3,,,1
701,'20261101',1529,,92133,6,,,1,201,,92130,3,,,1,200,,92131,3,,,1,200,,92132,3,,,1
701,'20261102',528,,84780,6,,,1,100,,84781,6,,,1,30,,84785,6,,,1,70,,84782,6,,,1,30,,84786,6,,,1,70,,84783,6,,,1,100,,84784,6,,,1,101,,84772,3,,,1,100,,84773,3,,,1,100,,84774,3,,,1,100,,84775,3,,,1,100,,84776,3,,,1,100,,84777,3,,,1,400,,84778,3,,,1,100,,84779,3,,,1
701,'20261103',528,,84797,6,,,1,100,,84798,6,,,1,30,,84802,6,,,1,70,,84799,6,,,1,30,,84803,6,,,1,70,,84800,6,,,1,100,,84801,6,,,1,101,,84789,3,,,1,100,,84790,3,,,1,100,,84791,3,,,1,100,,84792,3,,,1,100,,84793,3,,,1,100,,84794,3,,,1,400,,84795,3,,,1,100,,84796,3,,,1
701,'20261104',528,,84814,6,,,1,100,,84815,6,,,1,30,,84819,6,,,1,70,,84816,6,,,1,30,,84820,6,,,1,70,,84817,6,,,1,100,,84818,6,,,1,101,,84806,3,,,1,100,,84807,3,,,1,100,,84808,3,,,1,100,,84809,3,,,1,100,,84810,3,,,1,100,,84811,3,,,1,400,,84812,3,,,1,100,,84813,3,,,1
701,'20261105',528,,84831,6,,,1,100,,84832,6,,,1,30,,84836,6,,,1,70,,84833,6,,,1,30,,84837,6,,,1,70,,84834,6,,,1,100,,84835,6,,,1,101,,84823,3,,,1,100,,84824,3,,,1,100,,84825,3,,,1,100,,84826,3,,,1,100,,84827,3,,,1,100,,84828,3,,,1,400,,84829,3,,,1,100,,84830,3,,,1
701,'20261106',528,,84848,6,,,1,100,,84849,6,,,1,30,,84853,6,,,1,70,,84850,6,,,1,30,,84854,6,,,1,70,,84851,6,,,1,100,,84852,6,,,1,101,,84840,3,,,1,100,,84841,3,,,1,100,,84842,3,,,1,100,,84843,3,,,1,100,,84844,3,,,1,100,,84845,3,,,1,400,,84846,3,,,1,100,,84847,3,,,1
701,'20261107',1529,,84858,6,,,1,201,,84855,3,,,1,200,,84856,3,,,1,200,,84857,3,,,1
701,'20261108',1529,,92137,6,,,1,201,,92134,3,,,1,200,,92135,3,,,1,200,,92136,3,,,1
701,'20261109',528,,84873,6,,,1,100,,84874,6,,,1,30,,84878,6,,,1,70,,84875,6,,,1,30,,84879,6,,,1,70,,84876,6,,,1,100,,84877,6,,,1,101,,84865,3,,,1,100,,84866,3,,,1,100,,84867,3,,,1,100,,84868,3,,,1,100,,84869,3,,,1,100,,84870,3,,,1,400,,84871,3,,,1,100,,84872,3,,,1
701,'20261110',528,,84890,6,,,1,100,,84891,6,,,1,30,,84895,6,,,1,70,,84892,6,,,1,30,,84896,6,,,1,70,,84893,6,,,1,100,,84894,6,,,1,101,,84882,3,,,1,100,,84883,3,,,1,100,,84884,3,,,1,100,,84885,3,,,1,100,,84886,3,,,1,100,,84887,3,,,1,400,,84888,3,,,1,100,,84889,3,,,1
701,'20261111',528,,84907,6,,,1,100,,84908,6,,,1,30,,84912,6,,,1,70,,84909,6,,,1,30,,84913,6,,,1,70,,84910,6,,,1,100,,84911,6,,,1,101,,84899,3,,,1,100,,84900,3,,,1,100,,84901,3,,,1,100,,84902,3,,,1,100,,84903,3,,,1,100,,84904,3,,,1,400,,84905,3,,,1,100,,84906,3,,,1
701,'20261112',528,,84924,6,,,1,100,,84925,6,,,1,30,,84929,6,,,1,70,,84926,6,,,1,30,,84930,6,,,1,70,,84927,6,,,1,100,,84928,6,,,1,101,,84916,3,,,1,100,,84917,3,,,1,100,,84918,3,,,1,100,,84919,3,,,1,100,,84920,3,,,1,100,,84921,3,,,1,400,,84922,3,,,1,100,,84923,3,,,1
701,'20261113',528,,84941,6,,,1,100,,84942,6,,,1,30,,84946,6,,,1,70,,84943,6,,,1,30,,84947,6,,,1,70,,84944,6,,,1,100,,84945,6,,,1,101,,84933,3,,,1,100,,84934,3,,,1,100,,84935,3,,,1,100,,84936,3,,,1,100,,84937,3,,,1,100,,84938,3,,,1,400,,84939,3,,,1,100,,84940,3,,,1
701,'20261114',1529,,84951,6,,,1,201,,84948,3,,,1,200,,84949,3,,,1,200,,84950,3,,,1
701,'20261115',1529,,92141,6,,,1,201,,92138,3,,,1,200,,92139,3,,,1,200,,92140,3,,,1
701,'20261116',528,,84966,6,,,1,100,,84967,6,,,1,30,,84971,6,,,1,70,,84968,6,,,1,30,,84972,6,,,1,70,,84969,6,,,1,100,,84970,6,,,1,101,,84958,3,,,1,100,,84959,3,,,1,100,,84960,3,,,1,100,,84961,3,,,1,100,,84962,3,,,1,100,,84963,3,,,1,400,,84964,3,,,1,100,,84965,3,,,1
701,'20261117',528,,84983,6,,,1,100,,84984,6,,,1,30,,84988,6,,,1,70,,84985,6,,,1,30,,84989,6,,,1,70,,84986,6,,,1,100,,84987,6,,,1,101,,84975,3,,,1,100,,84976,3,,,1,100,,84977,3,,,1,100,,84978,3,,,1,100,,84979,3,,,1,100,,84980,3,,,1,400,,84981,3,,,1,100,,84982,3,,,1
701,'20261118',528,,85000,6,,,1,100,,85001,6,,,1,30,,85005,6,,,1,70,,85002,6,,,1,30,,85006,6,,,1,70,,85003,6,,,1,100,,85004,6,,,1,101,,84992,3,,,1,100,,84993,3,,,1,100,,84994,3,,,1,100,,84995,3,,,1,100,,84996,3,,,1,100,,84997,3,,,1,400,,84998,3,,,1,100,,84999,3,,,1
701,'20261119',528,,85017,6,,,1,100,,85018,6,,,1,30,,85022,6,,,1,70,,85019,6,,,1,30,,85023,6,,,1,70,,85020,6,,,1,100,,85021,6,,,1,101,,85009,3,,,1,100,,85010,3,,,1,100,,85011,3,,,1,100,,85012,3,,,1,100,,85013,3,,,1,100,,85014,3,,,1,400,,85015,3,,,1,100,,85016,3,,,1
701,'20261120',528,,85034,6,,,1,100,,85035,6,,,1,30,,85039,6,,,1,70,,85036,6,,,1,30,,85040,6,,,1,70,,85037,6,,,1,100,,85038,6,,,1,101,,85026,3,,,1,100,,85027,3,,,1,100,,85028,3,,,1,100,,85029,3,,,1,100,,85030,3,,,1,100,,85031,3,,,1,400,,85032,3,,,1,100,,85033,3,,,1
701,'20261121',1529,,85044,6,,,1,201,,85041,3,,,1,200,,85042,3,,,1,200,,85043,3,,,1
701,'20261122',1529,,92145,6,,,1,201,,92142,3,,,1,200,,92143,3,,,1,200,,92144,3,,,1
701,'20261123',528,,85059,6,,,1,100,,85060,6,,,1,30,,85064,6,,,1,70,,85061,6,,,1,30,,85065,6,,,1,70,,85062,6,,,1,100,,85063,6,,,1,101,,85051,3,,,1,100,,85052,3,,,1,100,,85053,3,,,1,100,,85054,3,,,1,100,,85055,3,,,1,100,,85056,3,,,1,400,,85057,3,,,1,100,,85058,3,,,1
701,'20261124',528,,85076,6,,,1,100,,85077,6,,,1,30,,85081,6,,,1,70,,85078,6,,,1,30,,85082,6,,,1,70,,85079,6,,,1,100,,85080,6,,,1,101,,85068,3,,,1,100,,85069,3,,,1,100,,85070,3,,,1,100,,85071,3,,,1,100,,85072,3,,,1,100,,85073,3,,,1,400,,85074,3,,,1,100,,85075,3,,,1
701,'20261125',528,,85093,6,,,1,100,,85094,6,,,1,30,,85098,6,,,1,70,,85095,6,,,1,30,,85099,6,,,1,70,,85096,6,,,1,100,,85097,6,,,1,101,,85085,3,,,1,100,,85086,3,,,1,100,,85087,3,,,1,100,,85088,3,,,1,100,,85089,3,,,1,100,,85090,3,,,1,400,,85091,3,,,1,100,,85092,3,,,1
701,'20261126',528,,85110,6,,,1,100,,85111,6,,,1,30,,85115,6,,,1,70,,85112,6,,,1,30,,85116,6,,,1,70,,85113,6,,,1,100,,85114,6,,,1,101,,85102,3,,,1,100,,85103,3,,,1,100,,85104,3,,,1,100,,85105,3,,,1,100,,85106,3,,,1,100,,85107,3,,,1,400,,85108,3,,,1,100,,85109,3,,,1
701,'20261127',528,,85127,6,,,1,100,,85128,6,,,1,30,,85132,6,,,1,70,,85129,6,,,1,30,,85133,6,,,1,70,,85130,6,,,1,100,,85131,6,,,1,101,,85119,3,,,1,100,,85120,3,,,1,100,,85121,3,,,1,100,,85122,3,,,1,100,,85123,3,,,1,100,,85124,3,,,1,400,,85125,3,,,1,100,,85126,3,,,1
