900,'20260917',648,,85658,20,,,1,70,,85679,20,,,1,37,,85659,20,,,1,67,,85680,20,,,1,30,,85660,20,,,1,70,,85681,20,,,1,30,,85661,20,,,1,81,,85684,20,,,1,70,,85664,20,,,1,30,,85685,20,,,1,70,,85665,20,,,1,30,,85686,20,,,1,70,,85666,20,,,1,30,,85687,20,,,1,70,,85667,20,,,1,30,,85688,20,,,1,70,,85668,20,,,1,30,,85689,20,,,1,71,,85669,20,,,1,30,,85690,20,,,1,13,,85662,20,,,1,10,,85699,20,0,6,1,50,,85670,20,,,1,10,,85682,20,,,1,10,,85701,20,0,6,1,10,,85691,20,,,1,10,,85663,20,,,1,10,,85700,20,0,6,1,50,,85671,20,,,1,12,,85683,20,,,1,15,,85692,20,,,1,70,,85672,20,,,1,30,,85693,20,,,1,70,,85673,20,,,1,29,,85694,20,,,1,70,,85674,20,,,1,30,,85695,20,,,1,70,,85675,20,,,1,30,,85696,20,,,1,70,,85676,20,,,1,30,,85697,20,,,1,72,,85677,20,,,1,28,,85698,20,,,1,70,,85678,20,,,1
900,'20260918',648,,85702,20,,,1,70,,85723,20,,,1,37,,85703,20,,,1,67,,85724,20,,,1,30,,85704,20,,,1,70,,85725,20,,,1,30,,85705,20,,,1,81,,85728,20,,,1,70,,85708,20,,,1,30,,85729,20,,,1,70,,85709,20,,,1,30,,85730,20,,,1,70,,85710,20,,,1,30,,85731,20,,,1,70,,85711,20,,,1,30,,85732,20,,,1,70,,85712,20,,,1,30,,85733,20,,,1,71,,85713,20,,,1,30,,85734,20,,,1,13,,85706,20,,,1,10,,85744,20,0,6,1,50,,85714,20,,,1,10,,85726,20,,,1,10,,85746,20,0,6,1,10,,85735,20,,,1,10,,85707,20,,,1,10,,85745,20,0,6,1,50,,85715,20,,,1,12,,85727,20,,,1,15,,85736,20,,,1,70,,85716,20,,,1,30,,85737,20,,,1,70,,85717,20,,,1,29,,85738,20,,,1,70,,85718,20,,,1,30,,85739,20,,,1,70,,85719,20,,,1,30,,85740,20,,,1,70,,85720,20,,,1,30,,85741,20,,,1,72,,85721,20,,,1,28,,85742,20,,,1,70,,85722,20,,,1,30,,85743,20,,,1
900,'20260919',933,,85763,20,,,1,70,,85747,20,,,1,30,,85764,20,,,1,70,,85748,20,,,1,30,,85765,20,,,1,70,,85749,20,,,1,30,,85766,20,,,1,70,,85750,20,,,1,30,,85767,20,,,1,70,,85751,20,,,1,30,,85768,20,,,1,70,,85752,20,,,1,30,,85769,20,,,1,70,,85753,20,,,1,30,,85770,20,,,1,70,,85754,20,,,1,30,,85771,20,,,1,70,,85755,20,,,1,30,,85772,20,,,1,70,,85756,20,,,1,30,,85773,20,,,1,70,,85757,20,,,1,30,,85774,20,,,1,70,,85758,20,,,1,30,,85775,20,,,1,70,,85759,20,,,1,30,,85776,20,,,1,70,,85760,20,,,1,30,,85777,20,,,1,70,,85761,20,,,1,30,,85778,20,,,1,70,,85762,20,,,1,30,,85779,20,,,1
900,'20260920',933,,85796,20,,,1,70,,85780,20,,,1,30,,85797,20,,,1,70,,85781,20,,,1,30,,85798,20,,,1,70,,85782,20,,,1,30,,85799,20,,,1,70,,85783,20,,,1,30,,85800,20,,,1,70,,85784,20,,,1,30,,85801,20,,,1,70,,85785,20,,,1,30,,85802,20,,,1,70,,85786,20,,,1,30,,85803,20,,,1,70,,85787,20,,,1,30,,85804,20,,,1,70,,85788,20,,,1,30,,85805,20,,,1,70,,85789,20,,,1,30,,85806,20,,,1,70,,85790,20,,,1,30,,85807,20,,,1,70,,85791,20,,,1,30,,85808,20,,,1,70,,85792,20,,,1,30,,85809,20,,,1,70,,85793,20,,,1,30,,85810,20,,,1,70,,85794,20,,,1,30,,85811,20,,,1,70,,85795,20,,,1
900,'20260921',648,,85812,20,,,1,70,,85833,20,,,1,37,,85813,20,,,1,67,,85834,20,,,1,30,,85814,20,,,1,70,,85835,20,,,1,30,,85815,20,,,1,81,,85838,20,,,1,70,,85818,20,,,1,30,,85839,20,,,1,70,,85819,20,,,1,30,,85840,20,,,1,70,,85820,20,,,1,30,,85841,20,,,1,70,,85821,20,,,1,30,,85842,20,,,1,70,,85822,20,,,1,30,,85843,20,,,1,71,,85823,20,,,1,30,,85844,20,,,1,13,,85816,20,,,1,10,,85853,20,0,6,1,50,,85824,20,,,1,10,,85836,20,,,1,10,,85855,20,0,6,1,10,,85845,20,,,1,10,,85817,20,,,1,10,,85854,20,0,6,1,50,,85825,20,,,1,12,,85837,20,,,1,15,,85846,20,,,1,70,,85826,20,,,1,30,,85847,20,,,1,70,,85827,20,,,1,29,,85848,20,,,1,70,,85828,20,,,1,30,,85849,20,,,1,70,,85829,20,,,1,30,,85850,20,,,1,70,,85830,20,,,1,30,,85851,20,,,1,20,,92146,20,0,6,1,52,,85831,20,,,1,28,,85852,20,,,1,70,,85832,20,,,1
900,'20260922',648,,85856,20,,,1,70,,85877,20,,,1,37,,85857,20,,,1,67,,85878,20,,,1,30,,85858,20,,,1,70,,85879,20,,,1,30,,85859,20,,,1,81,,85882,20,,,1,70,,85862,20,,,1,30,,85883,20,,,1,70,,85863,20,,,1,30,,85884,20,,,1,70,,85864,20,,,1,30,,85885,20,,,1,70,,85865,20,,,1,30,,85886,20,,,1,70,,85866,20,,,1,30,,85887,20,,,1,71,,85867,20,,,1,30,,85888,20,,,1,13,,85860,20,,,1,10,,85897,20,0,6,1,50,,85868,20,,,1,10,,85880,20,,,1,10,,85899,20,0,6,1,10,,85889,20,,,1,10,,85861,20,,,1,10,,85898,20,0,6,1,50,,85869,20,,,1,12,,85881,20,,,1,15,,85890,20,,,1,70,,85870,20,,,1,30,,85891,20,,,1,70,,85871,20,,,1,29,,85892,20,,,1,70,,85872,20,,,1,30,,85893,20,,,1,70,,85873,20,,,1,30,,85894,20,,,1,70,,85874,20,,,1,30,,85895,20,,,1,72,,85875,20,,,1,28,,85896,20,,,1,70,,85876,20,,,1
900,'20260923',648,,85900,20,,,1,70,,85921,20,,,1,37,,85901,20,,,1,67,,85922,20,,,1,30,,85902,20,,,1,70,,85923,20,,,1,30,,85903,20,,,1,81,,85926,20,,,1,70,,85906,20,,,1,30,,85927,20,,,1,70,,85907,20,,,1,30,,85928,20,,,1,70,,85908,20,,,1,30,,85929,20,,,1,70,,85909,20,,,1,30,,85930,20,,,1,70,,85910,20,,,1,30,,85931,20,,,1,71,,85911,20,,,1,30,,85932,20,,,1,13,,85904,20,,,1,10,,85941,20,0,6,1,50,,85912,20,,,1,10,,85924,20,,,1,10,,85943,20,0,6,1,10,,85933,20,,,1,10,,85905,20,,,1,10,,85942,20,0,6,1,50,,85913,20,,,1,12,,85925,20,,,1,15,,85934,20,,,1,70,,85914,20,,,1,30,,85935,20,,,1,70,,85915,20,,,1,29,,85936,20,,,1,70,,85916,20,,,1,30,,85937,20,,,1,70,,85917,20,,,1,30,,85938,20,,,1,70,,85918,20,,,1,30,,85939,20,,,1,72,,85919,20,,,1,28,,85940,20,,,1,70,,85920,20,,,1
900,'20260924',648,,85944,20,,,1,70,,85965,20,,,1,37,,85945,20,,,1,67,,85966,20,,,1,30,,85946,20,,,1,70,,85967,20,,,1,30,,85947,20,,,1,81,,85970,20,,,1,70,,85950,20,,,1,30,,85971,20,,,1,70,,85951,20,,,1,30,,85972,20,,,1,70,,85952,20,,,1,30,,85973,20,,,1,70,,85953,20,,,1,30,,85974,20,,,1,70,,85954,20,,,1,30,,85975,20,,,1,71,,85955,20,,,1,30,,85976,20,,,1,13,,85948,20,,,1,10,,85985,20,0,6,1,50,,85956,20,,,1,10,,85968,20,,,1,10,,85987,20,0,6,1,10,,85977,20,,,1,10,,85949,20,,,1,10,,85986,20,0,6,1,50,,85957,20,,,1,12,,85969,20,,,1,15,,85978,20,,,1,70,,85958,20,,,1,30,,85979,20,,,1,70,,85959,20,,,1,29,,85980,20,,,1,70,,85960,20,,,1,30,,85981,20,,,1,70,,85961,20,,,1,30,,85982,20,,,1,70,,85962,20,,,1,30,,85983,20,,,1,72,,85963,20,,,1,28,,85984,20,,,1,70,,85964,20,,,1
900,'20260925',648,,85988,20,,,1,70,,86009,20,,,1,37,,85989,20,,,1,67,,86010,20,,,1,30,,85990,20,,,1,70,,86011,20,,,1,30,,85991,20,,,1,81,,86014,20,,,1,70,,85994,20,,,1,30,,86015,20,,,1,70,,85995,20,,,1,30,,86016,20,,,1,70,,85996,20,,,1,30,,86017,20,,,1,70,,85997,20,,,1,30,,86018,20,,,1,70,,85998,20,,,1,30,,86019,20,,,1,71,,85999,20,,,1,30,,86020,20,,,1,13,,85992,20,,,1,10,,86030,20,0,6,1,50,,86000,20,,,1,10,,86012,20,,,1,10,,86032,20,0,6,1,10,,86021,20,,,1,10,,85993,20,,,1,10,,86031,20,0,6,1,50,,86001,20,,,1,12,,86013,20,,,1,15,,86022,20,,,1,70,,86002,20,,,1,30,,86023,20,,,1,70,,86003,20,,,1,29,,86024,20,,,1,70,,86004,20,,,1,30,,86025,20,,,1,70,,86005,20,,,1,30,,86026,20,,,1,70,,86006,20,,,1,30,,86027,20,,,1,72,,86007,20,,,1
900,'20260928',648,,86098,20,,,1,70,,86119,20,,,1,37,,86099,20,,,1,67,,86120,20,,,1,30,,86100,20,,,1,70,,86121,20,,,1,30,,86101,20,,,1,81,,86124,20,,,1,70,,86104,20,,,1,30,,86125,20,,,1,70,,86105,20,,,1,30,,86126,20,,,1,70,,86106,20,,,1,30,,86127,20,,,1,70,,86107,20,,,1,30,,86128,20,,,1,70,,86108,20,,,1,30,,86129,20,,,1,71,,86109,20,,,1,30,,86130,20,,,1,13,,86102,20,,,1,10,,86139,20,0,6,1,50,,86110,20,,,1,10,,86122,20,,,1,10,,86141,20,0,6,1,10,,86131,20,,,1,10,,86103,20,,,1,10,,86140,20,0,6,1,50,,86111,20,,,1,12,,86123,20,,,1,15,,86132,20,,,1,70,,86112,20,,,1,30,,86133,20,,,1,70,,86113,20,,,1,29,,86134,20,,,1,70,,86114,20,,,1,30,,86135,20,,,1,70,,86115,20,,,1,30,,86136,20,,,1,70,,86116,20,,,1,30,,86137,20,,,1,72,,86117,20,,,1,28,,86138,20,,,1,70,,86118,20,,,1
900,'20260929',648,,86142,20,,,1,70,,86163,20,,,1,37,,86143,20,,,1,67,,86164,20,,,1,30,,86144,20,,,1,70,,86165,20,,,1,30,,86145,20,,,1,81,,86168,20,,,1,70,,86148,20,,,1,30,,86169,20,,,1,70,,86149,20,,,1,30,,86170,20,,,1,70,,86150,20,,,1,30,,86171,20,,,1,70,,86151,20,,,1,30,,86172,20,,,1,70,,86152,20,,,1,30,,86173,20,,,1,71,,86153,20,,,1,30,,86174,20,,,1,13,,86146,20,,,1,10,,86183,20,0,6,1,50,,86154,20,,,1,10,,86166,20,,,1,10,,86185,20,0,6,1,10,,86175,20,,,1,10,,86147,20,,,1,10,,86184,20,0,6,1,50,,86155,20,,,1,12,,86167,20,,,1,15,,86176,20,,,1,70,,86156,20,,,1,30,,86177,20,,,1,70,,86157,20,,,1,29,,86178,20,,,1,70,,86158,20,,,1,30,,86179,20,,,1,70,,86159,20,,,1,30,,86180,20,,,1,70,,86160,20,,,1,30,,86181,20,,,1,72,,86161,20,,,1,28,,86182,20,,,1,70,,86162,20,,,1
900,'20260930',648,,86186,20,,,1,70,,86207,20,,,1,37,,86187,20,,,1,67,,86208,20,,,1,30,,86188,20,,,1,70,,86209,20,,,1,30,,86189,20,,,1,81,,86212,20,,,1,70,,86192,20,,,1,30,,86213,20,,,1,70,,86193,20,,,1,30,,86214,20,,,1,70,,86194,20,,,1,30,,86215,20,,,1,70,,86195,20,,,1,30,,86216,20,,,1,70,,86196,20,,,1,30,,86217,20,,,1,71,,86197,20,,,1,30,,86218,20,,,1,13,,86190,20,,,1,10,,86227,20,0,6,1,50,,86198,20,,,1,10,,86210,20,,,1,10,,86229,20,0,6,1,10,,86219,20,,,1,10,,86191,20,,,1,10,,86228,20,0,6,1,50,,86199,20,,,1,12,,86211,20,,,1,15,,86220,20,,,1,70,,86200,20,,,1,30,,86221,20,,,1,70,,86201,20,,,1,29,,86222,20,,,1,70,,86202,20,,,1,30,,86223,20,,,1,70,,86203,20,,,1,30,,86224,20,,,1,70,,86204,20,,,1,30,,86225,20,,,1,72,,86205,20,,,1,28,,86226,20,,,1,70,,86206,20,,,1
900,'20261001',648,,86230,20,,,1,70,,86251,20,,,1,37,,86231,20,,,1,67,,86252,20,,,1,30,,86232,20,,,1,70,,86253,20,,,1,30,,86233,20,,,1,81,,86256,20,,,1,70,,86236,20,,,1,30,,86257,20,,,1,70,,86237,20,,,1,30,,86258,20,,,1,70,,86238,20,,,1,30,,86259,20,,,1,70,,86239,20,,,1,30,,86260,20,,,1,70,,86240,20,,,1,30,,86261,20,,,1,71,,86241,20,,,1,30,,86262,20,,,1,13,,86234,20,,,1,10,,86271,20,0,6,1,50,,86242,20,,,1,10,,86254,20,,,1,10,,86273,20,0,6,1,10,,86263,20,,,1,10,,86235,20,,,1,10,,86272,20,0,6,1,50,,86243,20,,,1,12,,86255,20,,,1,15,,86264,20,,,1,70,,86244,20,,,1,30,,86265,20,,,1,70,,86245,20,,,1,29,,86266,20,,,1,70,,86246,20,,,1,30,,86267,20,,,1,70,,86247,20,,,1,30,,86268,20,,,1,70,,86248,20,,,1,30,,86269,20,,,1,72,,86249,20,,,1,28,,86270,20,,,1,70,,86250,20,,,1
900,'20261002',648,,86274,20,,,1,70,,86295,20,,,1,37,,86275,20,,,1,67,,86296,20,,,1,30,,86276,20,,,1,70,,86297,20,,,1,30,,86277,20,,,1,81,,86300,20,,,1,70,,86280,20,,,1,30,,86301,20,,,1,70,,86281,20,,,1,30,,86302,20,,,1,70,,86282,20,,,1,30,,86303,20,,,1,70,,86283,20,,,1,30,,86304,20,,,1,70,,86284,20,,,1,30,,86305,20,,,1,71,,86285,20,,,1,30,,86306,20,,,1,13,,86278,20,,,1,10,,86316,20,0,6,1,50,,86286,20,,,1,10,,86298,20,,,1,10,,86318,20,0,6,1,10,,86307,20,,,1,10,,86279,20,,,1,10,,86317,20,0,6,1,50,,86287,20,,,1,12,,86299,20,,,1,15,,86308,20,,,1,70,,86288,20,,,1,30,,86309,20,,,1,70,,86289,20,,,1,29,,86310,20,,,1,70,,86290,20,,,1,30,,86311,20,,,1,70,,86291,20,,,1,30,,86312,20,,,1,70,,86292,20,,,1,30,,86313,20,,,1,72,,86293,20,,,1,28,,86314,20,,,1,70,,86294,20,,,1,30,,86315,20,,,1
900,'20261003',933,,86335,20,,,1,70,,86319,20,,,1,30,,86336,20,,,1,70,,86320,20,,,1,30,,86337,20,,,1,70,,86321,20,,,1,30,,86338,20,,,1,70,,86322,20,,,1,30,,86339,20,,,1,70,,86323,20,,,1,30,,86340,20,,,1,70,,86324,20,,,1,30,,86341,20,,,1,70,,86325,20,,,1,30,,86342,20,,,1,70,,86326,20,,,1,30,,86343,20,,,1,70,,86327,20,,,1,30,,86344,20,,,1,70,,86328,20,,,1,30,,86345,20,,,1,70,,86329,20,,,1,30,,86346,20,,,1,70,,86330,20,,,1,30,,86347,20,,,1,70,,86331,20,,,1,30,,86348,20,,,1,70,,86332,20,,,1,30,,86349,20,,,1,70,,86333,20,,,1,30,,86350,20,,,1,70,,86334,20,,,1,30,,86351,20,,,1
900,'20261004',933,,92147,20,,,1,70,,86352,20,,,1,30,,92148,20,,,1,70,,86353,20,,,1,30,,92149,20,,,1,70,,86354,20,,,1,30,,92150,20,,,1,70,,86355,20,,,1,30,,92151,20,,,1,70,,86356,20,,,1,30,,92152,20,,,1,70,,86357,20,,,1,30,,92153,20,,,1,70,,86358,20,,,1,30,,92154,20,,,1,70,,86359,20,,,1,30,,92155,20,,,1,70,,86360,20,,,1,30,,92156,20,,,1,70,,86361,20,,,1,30,,92157,20,,,1,70,,86362,20,,,1,30,,92158,20,,,1,70,,86363,20,,,1,30,,92159,20,,,1,70,,86364,20,,,1,30,,92160,20,,,1,70,,86365,20,,,1,30,,92161,20,,,1,70,,86366,20,,,1,30,,92162,20,,,1,70,,86367,20,,,1
900,'20261005',648,,86384,20,,,1,70,,86405,20,,,1,37,,86385,20,,,1,67,,86406,20,,,1,30,,86386,20,,,1,70,,86407,20,,,1,30,,86387,20,,,1,81,,86410,20,,,1,70,,86390,20,,,1,30,,86411,20,,,1,70,,86391,20,,,1,30,,86412,20,,,1,70,,86392,20,,,1,30,,86413,20,,,1,70,,86393,20,,,1,30,,86414,20,,,1,70,,86394,20,,,1,30,,86415,20,,,1,71,,86395,20,,,1,30,,86416,20,,,1,13,,86388,20,,,1,10,,86425,20,0,6,1,50,,86396,20,,,1,10,,86408,20,,,1,10,,86427,20,0,6,1,10,,86417,20,,,1,10,,86389,20,,,1,10,,86426,20,0,6,1,50,,86397,20,,,1,12,,86409,20,,,1,15,,86418,20,,,1,70,,86398,20,,,1,30,,86419,20,,,1,70,,86399,20,,,1,29,,86420,20,,,1,70,,86400,20,,,1,30,,86421,20,,,1,70,,86401,20,,,1,30,,86422,20,,,1,70,,86402,20,,,1,30,,86423,20,,,1,72,,86403,20,,,1,28,,86424,20,,,1,70,,86404,20,,,1
900,'20261006',648,,86428,20,,,1,70,,86449,20,,,1,37,,86429,20,,,1,67,,86450,20,,,1,30,,86430,20,,,1,70,,86451,20,,,1,30,,86431,20,,,1,81,,86454,20,,,1,70,,86434,20,,,1,30,,86455,20,,,1,70,,86435,20,,,1,30,,86456,20,,,1,70,,86436,20,,,1,30,,86457,20,,,1,70,,86437,20,,,1,30,,86458,20,,,1,70,,86438,20,,,1,30,,86459,20,,,1,71,,86439,20,,,1,30,,86460,20,,,1,13,,86432,20,,,1,10,,86469,20,0,6,1,50,,86440,20,,,1,10,,86452,20,,,1,10,,86471,20,0,6,1,10,,86461,20,,,1,10,,86433,20,,,1,10,,86470,20,0,6,1,50,,86441,20,,,1,12,,86453,20,,,1,15,,86462,20,,,1,70,,86442,20,,,1,30,,86463,20,,,1,70,,86443,20,,,1,29,,86464,20,,,1,70,,86444,20,,,1,30,,86465,20,,,1,70,,86445,20,,,1,30,,86466,20,,,1,70,,86446,20,,,1,30,,86467,20,,,1,72,,86447,20,,,1,28,,86468,20,,,1,70,,86448,20,,,1
900,'20261007',648,,86472,20,,,1,70,,86493,20,,,1,37,,86473,20,,,1,67,,86494,20,,,1,30,,86474,20,,,1,70,,86495,20,,,1,30,,86475,20,,,1,81,,86498,20,,,1,70,,86478,20,,,1,30,,86499,20,,,1,70,,86479,20,,,1,30,,86500,20,,,1,70,,86480,20,,,1,30,,86501,20,,,1,70,,86481,20,,,1,30,,86502,20,,,1,70,,86482,20,,,1,30,,86503,20,,,1,71,,86483,20,,,1,30,,86504,20,,,1,13,,86476,20,,,1,10,,86513,20,0,6,1,50,,86484,20,,,1,10,,86496,20,,,1,10,,86515,20,0,6,1,10,,86505,20,,,1,10,,86477,20,,,1,10,,86514,20,0,6,1,50,,86485,20,,,1,12,,86497,20,,,1,15,,86506,20,,,1,70,,86486,20,,,1,30,,86507,20,,,1,70,,86487,20,,,1,29,,86508,20,,,1,70,,86488,20,,,1,30,,86509,20,,,1,70,,86489,20,,,1,30,,86510,20,,,1,70,,86490,20,,,1,30,,86511,20,,,1,72,,86491,20,,,1,28,,86512,20,,,1,70,,86492,20,,,1
900,'20261008',648,,86516,20,,,1,70,,86537,20,,,1,37,,86517,20,,,1,67,,86538,20,,,1,30,,86518,20,,,1,70,,86539,20,,,1,30,,86519,20,,,1,81,,86542,20,,,1,70,,86522,20,,,1,30,,86543,20,,,1,70,,86523,20,,,1,30,,86544,20,,,1,70,,86524,20,,,1,30,,86545,20,,,1,70,,86525,20,,,1,30,,86546,20,,,1,70,,86526,20,,,1,30,,86547,20,,,1,71,,86527,20,,,1,30,,86548,20,,,1,13,,86520,20,,,1,10,,86557,20,0,6,1,50,,86528,20,,,1,10,,86540,20,,,1,10,,86559,20,0,6,1,10,,86549,20,,,1,10,,86521,20,,,1,10,,86558,20,0,6,1,50,,86529,20,,,1,12,,86541,20,,,1,15,,86550,20,,,1,70,,86530,20,,,1,30,,86551,20,,,1,70,,86531,20,,,1,29,,86552,20,,,1,70,,86532,20,,,1,30,,86553,20,,,1,70,,86533,20,,,1,30,,86554,20,,,1,70,,86534,20,,,1,30,,86555,20,,,1,72,,86535,20,,,1,28,,86556,20,,,1,70,,86536,20,,,1
900,'20261009',648,,86560,20,,,1,70,,86581,20,,,1,37,,86561,20,,,1,67,,86582,20,,,1,30,,86562,20,,,1,70,,86583,20,,,1,30,,86563,20,,,1,81,,86586,20,,,1,70,,86566,20,,,1,30,,86587,20,,,1,70,,86567,20,,,1,30,,86588,20,,,1,70,,86568,20,,,1,30,,86589,20,,,1,70,,86569,20,,,1,30,,86590,20,,,1,70,,86570,20,,,1,30,,86591,20,,,1,71,,86571,20,,,1,30,,86592,20,,,1,13,,86564,20,,,1,10,,86602,20,0,6,1,50,,86572,20,,,1,10,,86584,20,,,1,10,,86604,20,0,6,1,10,,86593,20,,,1,10,,86565,20,,,1,10,,86603,20,0,6,1,50,,86573,20,,,1,12,,86585,20,,,1,15,,86594,20,,,1,70,,86574,20,,,1,30,,86595,20,,,1,70,,86575,20,,,1,29,,86596,20,,,1,70,,86576,20,,,1,30,,86597,20,,,1,70,,86577,20,,,1,30,,86598,20,,,1,70,,86578,20,,,1,30,,86599,20,,,1,72,,86579,20,,,1,28,,86600,20,,,1,70,,86580,20,,,1,30,,86601,20,,,1
900,'20261010',933,,86621,20,,,1,70,,86605,20,,,1,30,,86622,20,,,1,70,,86606,20,,,1,30,,86623,20,,,1,70,,86607,20,,,1,30,,86624,20,,,1,70,,86608,20,,,1,30,,86625,20,,,1,70,,86609,20,,,1,30,,86626,20,,,1,70,,86610,20,,,1,30,,86627,20,,,1,70,,86611,20,,,1,30,,86628,20,,,1,70,,86612,20,,,1,30,,86629,20,,,1,70,,86613,20,,,1,30,,86630,20,,,1,70,,86614,20,,,1,30,,86631,20,,,1,70,,86615,20,,,1,30,,86632,20,,,1,70,,86616,20,,,1,30,,86633,20,,,1,70,,86617,20,,,1,30,,86634,20,,,1,70,,86618,20,,,1,30,,86635,20,,,1,70,,86619,20,,,1,30,,86636,20,,,1,70,,86620,20,,,1,30,,86637,20,,,1
900,'20261011',933,,92163,20,,,1,70,,86638,20,,,1,30,,92164,20,,,1,70,,86639,20,,,1,30,,92165,20,,,1,70,,86640,20,,,1,30,,92166,20,,,1,70,,86641,20,,,1,30,,92167,20,,,1,70,,86642,20,,,1,30,,92168,20,,,1,70,,86643,20,,,1,30,,92169,20,,,1,70,,86644,20,,,1,30,,92170,20,,,1,70,,86645,20,,,1,30,,92171,20,,,1,70,,86646,20,,,1,30,,92172,20,,,1,70,,86647,20,,,1,30,,92173,20,,,1,70,,86648,20,,,1,30,,92174,20,,,1,70,,86649,20,,,1,30,,92175,20,,,1,70,,86650,20,,,1,30,,92176,20,,,1,70,,86651,20,,,1,30,,92177,20,,,1,70,,86652,20,,,1,30,,92178,20,,,1,70,,86653,20,,,1
900,'20261012',648,,86670,20,,,1,70,,86691,20,,,1,37,,86671,20,,,1,67,,86692,20,,,1,30,,86672,20,,,1,70,,86693,20,,,1,30,,86673,20,,,1,81,,86696,20,,,1,70,,86676,20,,,1,30,,86697,20,,,1,70,,86677,20,,,1,30,,86698,20,,,1,70,,86678,20,,,1,30,,86699,20,,,1,70,,86679,20,,,1,30,,86700,20,,,1,70,,86680,20,,,1,30,,86701,20,,,1,71,,86681,20,,,1,30,,86702,20,,,1,13,,86674,20,,,1,10,,86711,20,0,6,1,50,,86682,20,,,1,10,,86694,20,,,1,10,,86713,20,0,6,1,10,,86703,20,,,1,10,,86675,20,,,1,10,,86712,20,0,6,1,50,,86683,20,,,1,12,,86695,20,,,1,15,,86704,20,,,1,70,,86684,20,,,1,30,,86705,20,,,1,70,,86685,20,,,1,29,,86706,20,,,1,70,,86686,20,,,1,30,,86707,20,,,1,70,,86687,20,,,1,30,,86708,20,,,1,70,,86688,20,,,1,30,,86709,20,,,1,72,,86689,20,,,1,28,,86710,20,,,1,70,,86690,20,,,1
900,'20261013',648,,86714,20,,,1,70,,86735,20,,,1,37,,86715,20,,,1,67,,86736,20,,,1,30,,86716,20,,,1,70,,86737,20,,,1,30,,86717,20,,,1,81,,86740,20,,,1,70,,86720,20,,,1,30,,86741,20,,,1,70,,86721,20,,,1,30,,86742,20,,,1,70,,86722,20,,,1,30,,86743,20,,,1,70,,86723,20,,,1,30,,86744,20,,,1,70,,86724,20,,,1,30,,86745,20,,,1,71,,86725,20,,,1,30,,86746,20,,,1,13,,86718,20,,,1,10,,86755,20,0,6,1,50,,86726,20,,,1,10,,86738,20,,,1,10,,86757,20,0,6,1,10,,86747,20,,,1,10,,86719,20,,,1,10,,86756,20,0,6,1,50,,86727,20,,,1,12,,86739,20,,,1,15,,86748,20,,,1,70,,86728,20,,,1,30,,86749,20,,,1,70,,86729,20,,,1,29,,86750,20,,,1,70,,86730,20,,,1,30,,86751,20,,,1,70,,86731,20,,,1,30,,86752,20,,,1,70,,86732,20,,,1,30,,86753,20,,,1,72,,86733,20,,,1,28,,86754,20,,,1,70,,86734,20,,,1
900,'20261014',648,,86758,20,,,1,70,,86779,20,,,1,37,,86759,20,,,1,67,,86780,20,,,1,30,,86760,20,,,1,70,,86781,20,,,1,30,,86761,20,,,1,81,,86784,20,,,1,70,,86764,20,,,1,30,,86785,20,,,1,70,,86765,20,,,1,30,,86786,20,,,1,70,,86766,20,,,1,30,,86787,20,,,1,70,,86767,20,,,1,30,,86788,20,,,1,70,,86768,20,,,1,30,,86789,20,,,1,71,,86769,20,,,1,30,,86790,20,,,1,13,,86762,20,,,1,10,,86799,20,0,6,1,50,,86770,20,,,1,10,,86782,20,,,1,10,,86801,20,0,6,1,10,,86791,20,,,1,10,,86763,20,,,1,10,,86800,20,0,6,1,50,,86771,20,,,1,12,,86783,20,,,1,15,,86792,20,,,1,70,,86772,20,,,1,30,,86793,20,,,1,70,,86773,20,,,1,29,,86794,20,,,1,70,,86774,20,,,1,30,,86795,20,,,1,70,,86775,20,,,1,30,,86796,20,,,1,70,,86776,20,,,1,30,,86797,20,,,1,72,,86777,20,,,1,28,,86798,20,,,1,70,,86778,20,,,1
900,'20261015',648,,86802,20,,,1,70,,86823,20,,,1,37,,86803,20,,,1,67,,86824,20,,,1,30,,86804,20,,,1,70,,86825,20,,,1,30,,86805,20,,,1,81,,86828,20,,,1,70,,86808,20,,,1,30,,86829,20,,,1,70,,86809,20,,,1,30,,86830,20,,,1,70,,86810,20,,,1,30,,86831,20,,,1,70,,86811,20,,,1,30,,86832,20,,,1,70,,86812,20,,,1,30,,86833,20,,,1,71,,86813,20,,,1,30,,86834,20,,,1,13,,86806,20,,,1,10,,86843,20,0,6,1,50,,86814,20,,,1,10,,86826,20,,,1,10,,86845,20,0,6,1,10,,86835,20,,,1,10,,86807,20,,,1,10,,86844,20,0,6,1,50,,86815,20,,,1,12,,86827,20,,,1,15,,86836,20,,,1,70,,86816,20,,,1,30,,86837,20,,,1,70,,86817,20,,,1,29,,86838,20,,,1,70,,86818,20,,,1,30,,86839,20,,,1,70,,86819,20,,,1,30,,86840,20,,,1,70,,86820,20,,,1,30,,86841,20,,,1,72,,86821,20,,,1,28,,86842,20,,,1,70,,86822,20,,,1
900,'20261016',648,,86846,20,,,1,70,,86867,20,,,1,37,,86847,20,,,1,67,,86868,20,,,1,30,,86848,20,,,1,70,,86869,20,,,1,30,,86849,20,,,1,81,,86872,20,,,1,70,,86852,20,,,1,30,,86873,20,,,1,70,,86853,20,,,1,30,,86874,20,,,1,70,,86854,20,,,1,30,,86875,20,,,1,70,,86855,20,,,1,30,,86876,20,,,1,70,,86856,20,,,1,30,,86877,20,,,1,71,,86857,20,,,1,30,,86878,20,,,1,13,,86850,20,,,1,10,,86888,20,0,6,1,50,,86858,20,,,1,10,,86870,20,,,1,10,,86890,20,0,6,1,10,,86879,20,,,1,10,,86851,20,,,1,10,,86889,20,0,6,1,50,,86859,20,,,1,12,,86871,20,,,1,15,,86880,20,,,1,70,,86860,20,,,1,30,,86881,20,,,1,70,,86861,20,,,1,29,,86882,20,,,1,70,,86862,20,,,1,30,,86883,20,,,1,70,,86863,20,,,1,30,,86884,20,,,1,70,,86864,20,,,1,30,,86885,20,,,1,72,,86865,20,,,1,28,,86886,20,,,1,70,,86866,20,,,1,30,,86887,20,,,1
900,'20261017',933,,86907,20,,,1,70,,86891,20,,,1,30,,86908,20,,,1,70,,86892,20,,,1,30,,86909,20,,,1,70,,86893,20,,,1,30,,86910,20,,,1,70,,86894,20,,,1,30,,86911,20,,,1,70,,86895,20,,,1,30,,86912,20,,,1,70,,86896,20,,,1,30,,86913,20,,,1,70,,86897,20,,,1,30,,86914,20,,,1,70,,86898,20,,,1,30,,86915,20,,,1,70,,86899,20,,,1,30,,86916,20,,,1,70,,86900,20,,,1,30,,86917,20,,,1,70,,86901,20,,,1,30,,86918,20,,,1,70,,86902,20,,,1,30,,86919,20,,,1,70,,86903,20,,,1,30,,86920,20,,,1,70,,86904,20,,,1,30,,86921,20,,,1,70,,86905,20,,,1,30,,86922,20,,,1,70,,86906,20,,,1,30,,86923,20,,,1
900,'20261018',933,,92179,20,,,1,70,,86924,20,,,1,30,,92180,20,,,1,70,,86925,20,,,1,30,,92181,20,,,1,70,,86926,20,,,1,30,,92182,20,,,1,70,,86927,20,,,1,30,,92183,20,,,1,70,,86928,20,,,1,30,,92184,20,,,1,70,,86929,20,,,1,30,,92185,20,,,1,70,,86930,20,,,1,30,,92186,20,,,1,70,,86931,20,,,1,30,,92187,20,,,1,70,,86932,20,,,1,30,,92188,20,,,1,70,,86933,20,,,1,30,,92189,20,,,1,70,,86934,20,,,1,30,,92190,20,,,1,70,,86935,20,,,1,30,,92191,20,,,1,70,,86936,20,,,1,30,,92192,20,,,1,70,,86937,20,,,1,30,,92193,20,,,1,70,,86938,20,,,1,30,,92194,20,,,1,70,,86939,20,,,1
900,'20261019',648,,86956,20,,,1,70,,86977,20,,,1,37,,86957,20,,,1,67,,86978,20,,,1,30,,86958,20,,,1,70,,86979,20,,,1,30,,86959,20,,,1,81,,86982,20,,,1,70,,86962,20,,,1,30,,86983,20,,,1,70,,86963,20,,,1,30,,86984,20,,,1,70,,86964,20,,,1,30,,86985,20,,,1,70,,86965,20,,,1,30,,86986,20,,,1,70,,86966,20,,,1,30,,86987,20,,,1,71,,86967,20,,,1,30,,86988,20,,,1,13,,86960,20,,,1,10,,86997,20,0,6,1,50,,86968,20,,,1,10,,86980,20,,,1,10,,86999,20,0,6,1,10,,86989,20,,,1,10,,86961,20,,,1,10,,86998,20,0,6,1,50,,86969,20,,,1,12,,86981,20,,,1,15,,86990,20,,,1,70,,86970,20,,,1,30,,86991,20,,,1,70,,86971,20,,,1,29,,86992,20,,,1,70,,86972,20,,,1,30,,86993,20,,,1,70,,86973,20,,,1,30,,86994,20,,,1,70,,86974,20,,,1,30,,86995,20,,,1,72,,86975,20,,,1,28,,86996,20,,,1,70,,86976,20,,,1
900,'20261020',648,,87000,20,,,1,70,,87021,20,,,1,37,,87001,20,,,1,67,,87022,20,,,1,30,,87002,20,,,1,70,,87023,20,,,1,30,,87003,20,,,1,81,,87026,20,,,1,70,,87006,20,,,1,30,,87027,20,,,1,70,,87007,20,,,1,30,,87028,20,,,1,70,,87008,20,,,1,30,,87029,20,,,1,70,,87009,20,,,1,30,,87030,20,,,1,70,,87010,20,,,1,30,,87031,20,,,1,71,,87011,20,,,1,30,,87032,20,,,1,13,,87004,20,,,1,10,,87041,20,0,6,1,50,,87012,20,,,1,10,,87024,20,,,1,10,,87043,20,0,6,1,10,,87033,20,,,1,10,,87005,20,,,1,10,,87042,20,0,6,1,50,,87013,20,,,1,12,,87025,20,,,1,15,,87034,20,,,1,70,,87014,20,,,1,30,,87035,20,,,1,70,,87015,20,,,1,29,,87036,20,,,1,70,,87016,20,,,1,30,,87037,20,,,1,70,,87017,20,,,1,30,,87038,20,,,1,70,,87018,20,,,1,30,,87039,20,,,1,72,,87019,20,,,1,28,,87040,20,,,1,70,,87020,20,,,1
900,'20261021',648,,87044,20,,,1,70,,87065,20,,,1,37,,87045,20,,,1,67,,87066,20,,,1,30,,87046,20,,,1,70,,87067,20,,,1,30,,87047,20,,,1,81,,87070,20,,,1,70,,87050,20,,,1,30,,87071,20,,,1,70,,87051,20,,,1,30,,87072,20,,,1,70,,87052,20,,,1,30,,87073,20,,,1,70,,87053,20,,,1,30,,87074,20,,,1,70,,87054,20,,,1,30,,87075,20,,,1,71,,87055,20,,,1,30,,87076,20,,,1,13,,87048,20,,,1,10,,87085,20,0,6,1,50,,87056,20,,,1,10,,87068,20,,,1,10,,87087,20,0,6,1,10,,87077,20,,,1,10,,87049,20,,,1,10,,87086,20,0,6,1,50,,87057,20,,,1,12,,87069,20,,,1,15,,87078,20,,,1,70,,87058,20,,,1,30,,87079,20,,,1,70,,87059,20,,,1,29,,87080,20,,,1,70,,87060,20,,,1,30,,87081,20,,,1,70,,87061,20,,,1,30,,87082,20,,,1,70,,87062,20,,,1,30,,87083,20,,,1,72,,87063,20,,,1,28,,87084,20,,,1,70,,87064,20,,,1
900,'20261022',648,,87088,20,,,1,70,,87109,20,,,1,37,,87089,20,,,1,67,,87110,20,,,1,30,,87090,20,,,1,70,,87111,20,,,1,30,,87091,20,,,1,81,,87114,20,,,1,70,,87094,20,,,1,30,,87115,20,,,1,70,,87095,20,,,1,30,,87116,20,,,1,70,,87096,20,,,1,30,,87117,20,,,1,70,,87097,20,,,1,30,,87118,20,,,1,70,,87098,20,,,1,30,,87119,20,,,1,71,,87099,20,,,1,30,,87120,20,,,1,13,,87092,20,,,1,10,,87129,20,0,6,1,50,,87100,20,,,1,10,,87112,20,,,1,10,,87131,20,0,6,1,10,,87121,20,,,1,10,,87093,20,,,1,10,,87130,20,0,6,1,50,,87101,20,,,1,12,,87113,20,,,1,15,,87122,20,,,1,70,,87102,20,,,1,30,,87123,20,,,1,70,,87103,20,,,1,29,,87124,20,,,1,70,,87104,20,,,1,30,,87125,20,,,1,70,,87105,20,,,1,30,,87126,20,,,1,70,,87106,20,,,1,30,,87127,20,,,1,72,,87107,20,,,1,28,,87128,20,,,1,70,,87108,20,,,1
900,'20261023',648,,87132,20,,,1,70,,87153,20,,,1,37,,87133,20,,,1,67,,87154,20,,,1,30,,87134,20,,,1,70,,87155,20,,,1,30,,87135,20,,,1,81,,87158,20,,,1,70,,87138,20,,,1,30,,87159,20,,,1,70,,87139,20,,,1,30,,87160,20,,,1,70,,87140,20,,,1,30,,87161,20,,,1,70,,87141,20,,,1,30,,87162,20,,,1,70,,87142,20,,,1,30,,87163,20,,,1,71,,87143,20,,,1,30,,87164,20,,,1,13,,87136,20,,,1,10,,87174,20,0,6,1,50,,87144,20,,,1,10,,87156,20,,,1,10,,87176,20,0,6,1,10,,87165,20,,,1,10,,87137,20,,,1,10,,87175,20,0,6,1,50,,87145,20,,,1,12,,87157,20,,,1,15,,87166,20,,,1,70,,87146,20,,,1,30,,87167,20,,,1,70,,87147,20,,,1,29,,87168,20,,,1,70,,87148,20,,,1,30,,87169,20,,,1,70,,87149,20,,,1,30,,87170,20,,,1,70,,87150,20,,,1,30,,87171,20,,,1,72,,87151,20,,,1,28,,87172,20,,,1,70,,87152,20,,,1,30,,87173,20,,,1
900,'20261024',933,,87193,20,,,1,70,,87177,20,,,1,30,,87194,20,,,1,70,,87178,20,,,1,30,,87195,20,,,1,70,,87179,20,,,1,30,,87196,20,,,1,70,,87180,20,,,1,30,,87197,20,,,1,70,,87181,20,,,1,30,,87198,20,,,1,70,,87182,20,,,1,30,,87199,20,,,1,70,,87183,20,,,1,30,,87200,20,,,1,70,,87184,20,,,1,30,,87201,20,,,1,70,,87185,20,,,1,30,,87202,20,,,1,70,,87186,20,,,1,30,,87203,20,,,1,70,,87187,20,,,1,30,,87204,20,,,1,70,,87188,20,,,1,30,,87205,20,,,1,70,,87189,20,,,1,30,,87206,20,,,1,70,,87190,20,,,1,30,,87207,20,,,1,70,,87191,20,,,1,30,,87208,20,,,1,70,,87192,20,,,1,30,,87209,20,,,1
900,'20261025',933,,92195,20,,,1,70,,87210,20,,,1,30,,92196,20,,,1,70,,87211,20,,,1,30,,92197,20,,,1,70,,87212,20,,,1,30,,92198,20,,,1,70,,87213,20,,,1,30,,92199,20,,,1,70,,87214,20,,,1,30,,92200,20,,,1,70,,87215,20,,,1,30,,92201,20,,,1,70,,87216,20,,,1,30,,92202,20,,,1,70,,87217,20,,,1,30,,92203,20,,,1,70,,87218,20,,,1,30,,92204,20,,,1,70,,87219,20,,,1,30,,92205,20,,,1,70,,87220,20,,,1,30,,92206,20,,,1,70,,87221,20,,,1,30,,92207,20,,,1,70,,87222,20,,,1,30,,92208,20,,,1,70,,87223,20,,,1,30,,92209,20,,,1,70,,87224,20,,,1,30,,92210,20,,,1,70,,87225,20,,,1
900,'20261026',648,,87242,20,,,1,70,,87263,20,,,1,37,,87243,20,,,1,67,,87264,20,,,1,30,,87244,20,,,1,70,,87265,20,,,1,30,,87245,20,,,1,81,,87268,20,,,1,70,,87248,20,,,1,30,,87269,20,,,1,70,,87249,20,,,1,30,,87270,20,,,1,70,,87250,20,,,1,30,,87271,20,,,1,70,,87251,20,,,1,30,,87272,20,,,1,70,,87252,20,,,1,30,,87273,20,,,1,71,,87253,20,,,1,30,,87274,20,,,1,13,,87246,20,,,1,10,,87283,20,0,6,1,50,,87254,20,,,1,10,,87266,20,,,1,10,,87285,20,0,6,1,10,,87275,20,,,1,10,,87247,20,,,1,10,,87284,20,0,6,1,50,,87255,20,,,1,12,,87267,20,,,1,15,,87276,20,,,1,70,,87256,20,,,1,30,,87277,20,,,1,70,,87257,20,,,1,29,,87278,20,,,1,70,,87258,20,,,1,30,,87279,20,,,1,70,,87259,20,,,1,30,,87280,20,,,1,70,,87260,20,,,1,30,,87281,20,,,1,72,,87261,20,,,1,28,,87282,20,,,1,70,,87262,20,,,1
900,'20261027',648,,87286,20,,,1,70,,87307,20,,,1,37,,87287,20,,,1,67,,87308,20,,,1,30,,87288,20,,,1,70,,87309,20,,,1,30,,87289,20,,,1,81,,87312,20,,,1,70,,87292,20,,,1,30,,87313,20,,,1,70,,87293,20,,,1,30,,87314,20,,,1,70,,87294,20,,,1,30,,87315,20,,,1,70,,87295,20,,,1,30,,87316,20,,,1,70,,87296,20,,,1,30,,87317,20,,,1,71,,87297,20,,,1,30,,87318,20,,,1,13,,87290,20,,,1,10,,87327,20,0,6,1,50,,87298,20,,,1,10,,87310,20,,,1,10,,87329,20,0,6,1,10,,87319,20,,,1,10,,87291,20,,,1,10,,87328,20,0,6,1,50,,87299,20,,,1,12,,87311,20,,,1,15,,87320,20,,,1,70,,87300,20,,,1,30,,87321,20,,,1,70,,87301,20,,,1,29,,87322,20,,,1,70,,87302,20,,,1,30,,87323,20,,,1,70,,87303,20,,,1,30,,87324,20,,,1,70,,87304,20,,,1,30,,87325,20,,,1,72,,87305,20,,,1,28,,87326,20,,,1,70,,87306,20,,,1
900,'20261028',648,,87330,20,,,1,70,,87351,20,,,1,37,,87331,20,,,1,67,,87352,20,,,1,30,,87332,20,,,1,70,,87353,20,,,1,30,,87333,20,,,1,81,,87356,20,,,1,70,,87336,20,,,1,30,,87357,20,,,1,70,,87337,20,,,1,30,,87358,20,,,1,70,,87338,20,,,1,30,,87359,20,,,1,70,,87339,20,,,1,30,,87360,20,,,1,70,,87340,20,,,1,30,,87361,20,,,1,71,,87341,20,,,1,30,,87362,20,,,1,13,,87334,20,,,1,10,,87371,20,0,6,1,50,,87342,20,,,1,10,,87354,20,,,1,10,,87373,20,0,6,1,10,,87363,20,,,1,10,,87335,20,,,1,10,,87372,20,0,6,1,50,,87343,20,,,1,12,,87355,20,,,1,15,,87364,20,,,1,70,,87344,20,,,1,30,,87365,20,,,1,70,,87345,20,,,1,29,,87366,20,,,1,70,,87346,20,,,1,30,,87367,20,,,1,70,,87347,20,,,1,30,,87368,20,,,1,70,,87348,20,,,1,30,,87369,20,,,1,72,,87349,20,,,1,28,,87370,20,,,1,70,,87350,20,,,1
900,'20261029',648,,87374,20,,,1,70,,87395,20,,,1,37,,87375,20,,,1,67,,87396,20,,,1,30,,87376,20,,,1,70,,87397,20,,,1,30,,87377,20,,,1,81,,87400,20,,,1,70,,87380,20,,,1,30,,87401,20,,,1,70,,87381,20,,,1,30,,87402,20,,,1,70,,87382,20,,,1,30,,87403,20,,,1,70,,87383,20,,,1,30,,87404,20,,,1,70,,87384,20,,,1,30,,87405,20,,,1,71,,87385,20,,,1,30,,87406,20,,,1,13,,87378,20,,,1,10,,87415,20,0,6,1,50,,87386,20,,,1,10,,87398,20,,,1,10,,87417,20,0,6,1,10,,87407,20,,,1,10,,87379,20,,,1,10,,87416,20,0,6,1,50,,87387,20,,,1,12,,87399,20,,,1,15,,87408,20,,,1,70,,87388,20,,,1,30,,87409,20,,,1,70,,87389,20,,,1,29,,87410,20,,,1,70,,87390,20,,,1,30,,87411,20,,,1,70,,87391,20,,,1,30,,87412,20,,,1,70,,87392,20,,,1,30,,87413,20,,,1,72,,87393,20,,,1,28,,87414,20,,,1,70,,87394,20,,,1
900,'20261030',648,,87418,20,,,1,70,,87439,20,,,1,37,,87419,20,,,1,67,,87440,20,,,1,30,,87420,20,,,1,70,,87441,20,,,1,30,,87421,20,,,1,81,,87444,20,,,1,70,,87424,20,,,1,30,,87445,20,,,1,70,,87425,20,,,1,30,,87446,20,,,1,70,,87426,20,,,1,30,,87447,20,,,1,70,,87427,20,,,1,30,,87448,20,,,1,70,,87428,20,,,1,30,,87449,20,,,1,71,,87429,20,,,1,30,,87450,20,,,1,13,,87422,20,,,1,10,,87460,20,0,6,1,50,,87430,20,,,1,10,,87442,20,,,1,10,,87462,20,0,6,1,10,,87451,20,,,1,10,,87423,20,,,1,10,,87461,20,0,6,1,50,,87431,20,,,1,12,,87443,20,,,1,15,,87452,20,,,1,70,,87432,20,,,1,30,,87453,20,,,1,70,,87433,20,,,1,29,,87454,20,,,1,70,,87434,20,,,1,30,,87455,20,,,1,70,,87435,20,,,1,30,,87456,20,,,1,70,,87436,20,,,1,30,,87457,20,,,1,72,,87437,20,,,1,28,,87458,20,,,1,70,,87438,20,,,1,30,,87459,20,,,1
900,'20261031',933,,87479,20,,,1,70,,87463,20,,,1,30,,87480,20,,,1,70,,87464,20,,,1,30,,87481,20,,,1,70,,87465,20,,,1,30,,87482,20,,,1,70,,87466,20,,,1,30,,87483,20,,,1,70,,87467,20,,,1,30,,87484,20,,,1,70,,87468,20,,,1,30,,87485,20,,,1,70,,87469,20,,,1,30,,87486,20,,,1,70,,87470,20,,,1,30,,87487,20,,,1,70,,87471,20,,,1,30,,87488,20,,,1,70,,87472,20,,,1,30,,87489,20,,,1,70,,87473,20,,,1,30,,87490,20,,,1,70,,87474,20,,,1,30,,87491,20,,,1,70,,87475,20,,,1,30,,87492,20,,,1,70,,87476,20,,,1,30,,87493,20,,,1,70,,87477,20,,,1,30,,87494,20,,,1,70,,87478,20,,,1,30,,87495,20,,,1
900,'20261101',933,,92211,20,,,1,70,,87496,20,,,1,30,,92212,20,,,1,70,,87497,20,,,1,30,,92213,20,,,1,70,,87498,20,,,1,30,,92214,20,,,1,70,,87499,20,,,1,30,,92215,20,,,1,70,,87500,20,,,1,30,,92216,20,,,1,70,,87501,20,,,1,30,,92217,20,,,1,70,,87502,20,,,1,30,,92218,20,,,1,70,,87503,20,,,1,30,,92219,20,,,1,70,,87504,20,,,1,30,,92220,20,,,1,70,,87505,20,,,1,30,,92221,20,,,1,70,,87506,20,,,1,30,,92222,20,,,1,70,,87507,20,,,1,30,,92223,20,,,1,70,,87508,20,,,1,30,,92224,20,,,1,70,,87509,20,,,1,30,,92225,20,,,1,70,,87510,20,,,1,30,,92226,20,,,1,70,,87511,20,,,1
900,'20261102',648,,87528,20,,,1,70,,87549,20,,,1,37,,87529,20,,,1,67,,87550,20,,,1,30,,87530,20,,,1,70,,87551,20,,,1,30,,87531,20,,,1,81,,87554,20,,,1,70,,87534,20,,,1,30,,87555,20,,,1,70,,87535,20,,,1,30,,87556,20,,,1,70,,87536,20,,,1,30,,87557,20,,,1,70,,87537,20,,,1,30,,87558,20,,,1,70,,87538,20,,,1,30,,87559,20,,,1,71,,87539,20,,,1,30,,87560,20,,,1,13,,87532,20,,,1,10,,87569,20,0,6,1,50,,87540,20,,,1,10,,87552,20,,,1,10,,87571,20,0,6,1,10,,87561,20,,,1,10,,87533,20,,,1,10,,87570,20,0,6,1,50,,87541,20,,,1,12,,87553,20,,,1,15,,87562,20,,,1,70,,87542,20,,,1,30,,87563,20,,,1,70,,87543,20,,,1,29,,87564,20,,,1,70,,87544,20,,,1,30,,87565,20,,,1,70,,87545,20,,,1,30,,87566,20,,,1,70,,87546,20,,,1,30,,87567,20,,,1,72,,87547,20,,,1,28,,87568,20,,,1,70,,87548,20,,,1
900,'20261103',648,,87572,20,,,1,70,,87593,20,,,1,37,,87573,20,,,1,67,,87594,20,,,1,30,,87574,20,,,1,70,,87595,20,,,1,30,,87575,20,,,1,81,,87598,20,,,1,70,,87578,20,,,1,30,,87599,20,,,1,70,,87579,20,,,1,30,,87600,20,,,1,70,,87580,20,,,1,30,,87601,20,,,1,70,,87581,20,,,1,30,,87602,20,,,1,70,,87582,20,,,1,30,,87603,20,,,1,71,,87583,20,,,1,30,,87604,20,,,1,13,,87576,20,,,1,10,,87613,20,0,6,1,50,,87584,20,,,1,10,,87596,20,,,1,10,,87615,20,0,6,1,10,,87605,20,,,1,10,,87577,20,,,1,10,,87614,20,0,6,1,50,,87585,20,,,1,12,,87597,20,,,1,15,,87606,20,,,1,70,,87586,20,,,1,30,,87607,20,,,1,70,,87587,20,,,1,29,,87608,20,,,1,70,,87588,20,,,1,30,,87609,20,,,1,70,,87589,20,,,1,30,,87610,20,,,1,70,,87590,20,,,1,30,,87611,20,,,1,72,,87591,20,,,1,28,,87612,20,,,1,70,,87592,20,,,1
900,'20261104',648,,87616,20,,,1,70,,87637,20,,,1,37,,87617,20,,,1,67,,87638,20,,,1,30,,87618,20,,,1,70,,87639,20,,,1,30,,87619,20,,,1,81,,87642,20,,,1,70,,87622,20,,,1,30,,87643,20,,,1,70,,87623,20,,,1,30,,87644,20,,,1,70,,87624,20,,,1,30,,87645,20,,,1,70,,87625,20,,,1,30,,87646,20,,,1,70,,87626,20,,,1,30,,87647,20,,,1,71,,87627,20,,,1,30,,87648,20,,,1,13,,87620,20,,,1,10,,87657,20,0,6,1,50,,87628,20,,,1,10,,87640,20,,,1,10,,87659,20,0,6,1,10,,87649,20,,,1,10,,87621,20,,,1,10,,87658,20,0,6,1,50,,87629,20,,,1,12,,87641,20,,,1,15,,87650,20,,,1,70,,87630,20,,,1,30,,87651,20,,,1,70,,87631,20,,,1,29,,87652,20,,,1,70,,87632,20,,,1,30,,87653,20,,,1,70,,87633,20,,,1,30,,87654,20,,,1,70,,87634,20,,,1,30,,87655,20,,,1,72,,87635,20,,,1,28,,87656,20,,,1,70,,87636,20,,,1
900,'20261105',648,,87660,20,,,1,70,,87681,20,,,1,37,,87661,20,,,1,67,,87682,20,,,1,30,,87662,20,,,1,70,,87683,20,,,1,30,,87663,20,,,1,81,,87686,20,,,1,70,,87666,20,,,1,30,,87687,20,,,1,70,,87667,20,,,1,30,,87688,20,,,1,70,,87668,20,,,1,30,,87689,20,,,1,70,,87669,20,,,1,30,,87690,20,,,1,70,,87670,20,,,1,30,,87691,20,,,1,71,,87671,20,,,1,30,,87692,20,,,1,13,,87664,20,,,1,10,,87701,20,0,6,1,50,,87672,20,,,1,10,,87684,20,,,1,10,,87703,20,0,6,1,10,,87693,20,,,1,10,,87665,20,,,1,10,,87702,20,0,6,1,50,,87673,20,,,1,12,,87685,20,,,1,15,,87694,20,,,1,70,,87674,20,,,1,30,,87695,20,,,1,70,,87675,20,,,1,29,,87696,20,,,1,70,,87676,20,,,1,30,,87697,20,,,1,70,,87677,20,,,1,30,,87698,20,,,1,70,,87678,20,,,1,30,,87699,20,,,1,72,,87679,20,,,1,28,,87700,20,,,1,70,,87680,20,,,1
900,'20261106',648,,87704,20,,,1,70,,87725,20,,,1,37,,87705,20,,,1,67,,87726,20,,,1,30,,87706,20,,,1,70,,87727,20,,,1,30,,87707,20,,,1,81,,87730,20,,,1,70,,87710,20,,,1,30,,87731,20,,,1,70,,87711,20,,,1,30,,87732,20,,,1,70,,87712,20,,,1,30,,87733,20,,,1,70,,87713,20,,,1,30,,87734,20,,,1,70,,87714,20,,,1,30,,87735,20,,,1,71,,87715,20,,,1,30,,87736,20,,,1,13,,87708,20,,,1,10,,87746,20,0,6,1,50,,87716,20,,,1,10,,87728,20,,,1,10,,87748,20,0,6,1,10,,87737,20,,,1,10,,87709,20,,,1,10,,87747,20,0,6,1,50,,87717,20,,,1,12,,87729,20,,,1,15,,87738,20,,,1,70,,87718,20,,,1,30,,87739,20,,,1,70,,87719,20,,,1,29,,87740,20,,,1,70,,87720,20,,,1,30,,87741,20,,,1,70,,87721,20,,,1,30,,87742,20,,,1,70,,87722,20,,,1,30,,87743,20,,,1,72,,87723,20,,,1,28,,87744,20,,,1,70,,87724,20,,,1,30,,87745,20,,,1
900,'20261107',933,,87765,20,,,1,70,,87749,20,,,1,30,,87766,20,,,1,70,,87750,20,,,1,30,,87767,20,,,1,70,,87751,20,,,1,30,,87768,20,,,1,70,,87752,20,,,1,30,,87769,20,,,1,70,,87753,20,,,1,30,,87770,20,,,1,70,,87754,20,,,1,30,,87771,20,,,1,70,,87755,20,,,1,30,,87772,20,,,1,70,,87756,20,,,1,30,,87773,20,,,1,70,,87757,20,,,1,30,,87774,20,,,1,70,,87758,20,,,1,30,,87775,20,,,1,70,,87759,20,,,1,30,,87776,20,,,1,70,,87760,20,,,1,30,,87777,20,,,1,70,,87761,20,,,1,30,,87778,20,,,1,70,,87762,20,,,1,30,,87779,20,,,1,70,,87763,20,,,1,30,,87780,20,,,1,70,,87764,20,,,1,30,,87781,20,,,1
900,'20261108',933,,92227,20,,,1,70,,87782,20,,,1,30,,92228,20,,,1,70,,87783,20,,,1,30,,92229,20,,,1,70,,87784,20,,,1,30,,92230,20,,,1,70,,87785,20,,,1,30,,92231,20,,,1,70,,87786,20,,,1,30,,92232,20,,,1,70,,87787,20,,,1,30,,92233,20,,,1,70,,87788,20,,,1,30,,92234,20,,,1,70,,87789,20,,,1,30,,92235,20,,,1,70,,87790,20,,,1,30,,92236,20,,,1,70,,87791,20,,,1,30,,92237,20,,,1,70,,87792,20,,,1,30,,92238,20,,,1,70,,87793,20,,,1,30,,92239,20,,,1,70,,87794,20,,,1,30,,92240,20,,,1,70,,87795,20,,,1,30,,92241,20,,,1,70,,87796,20,,,1,30,,92242,20,,,1,70,,87797,20,,,1
900,'20261109',648,,87814,20,,,1,70,,87835,20,,,1,37,,87815,20,,,1,67,,87836,20,,,1,30,,87816,20,,,1,70,,87837,20,,,1,30,,87817,20,,,1,81,,87840,20,,,1,70,,87820,20,,,1,30,,87841,20,,,1,70,,87821,20,,,1,30,,87842,20,,,1,70,,87822,20,,,1,30,,87843,20,,,1,70,,87823,20,,,1,30,,87844,20,,,1,70,,87824,20,,,1,30,,87845,20,,,1,71,,87825,20,,,1,30,,87846,20,,,1,13,,87818,20,,,1,10,,87855,20,0,6,1,50,,87826,20,,,1,10,,87838,20,,,1,10,,87857,20,0,6,1,10,,87847,20,,,1,10,,87819,20,,,1,10,,87856,20,0,6,1,50,,87827,20,,,1,12,,87839,20,,,1,15,,87848,20,,,1,70,,87828,20,,,1,30,,87849,20,,,1,70,,87829,20,,,1,29,,87850,20,,,1,70,,87830,20,,,1,30,,87851,20,,,1,70,,87831,20,,,1,30,,87852,20,,,1,70,,87832,20,,,1,30,,87853,20,,,1,72,,87833,20,,,1,28,,87854,20,,,1,70,,87834,20,,,1
900,'20261110',648,,87858,20,,,1,70,,87879,20,,,1,37,,87859,20,,,1,67,,87880,20,,,1,30,,87860,20,,,1,70,,87881,20,,,1,30,,87861,20,,,1,81,,87884,20,,,1,70,,87864,20,,,1,30,,87885,20,,,1,70,,87865,20,,,1,30,,87886,20,,,1,70,,87866,20,,,1,30,,87887,20,,,1,70,,87867,20,,,1,30,,87888,20,,,1,70,,87868,20,,,1,30,,87889,20,,,1,71,,87869,20,,,1,30,,87890,20,,,1,13,,87862,20,,,1,10,,87899,20,0,6,1,50,,87870,20,,,1,10,,87882,20,,,1,10,,87901,20,0,6,1,10,,87891,20,,,1,10,,87863,20,,,1,10,,87900,20,0,6,1,50,,87871,20,,,1,12,,87883,20,,,1,15,,87892,20,,,1,70,,87872,20,,,1,30,,87893,20,,,1,70,,87873,20,,,1,29,,87894,20,,,1,70,,87874,20,,,1,30,,87895,20,,,1,70,,87875,20,,,1,30,,87896,20,,,1,70,,87876,20,,,1,30,,87897,20,,,1,72,,87877,20,,,1,28,,87898,20,,,1,70,,87878,20,,,1
900,'20261111',648,,87902,20,,,1,70,,87923,20,,,1,37,,87903,20,,,1,67,,87924,20,,,1,30,,87904,20,,,1,70,,87925,20,,,1,30,,87905,20,,,1,81,,87928,20,,,1,70,,87908,20,,,1,30,,87929,20,,,1,70,,87909,20,,,1,30,,87930,20,,,1,70,,87910,20,,,1,30,,87931,20,,,1,70,,87911,20,,,1,30,,87932,20,,,1,70,,87912,20,,,1,30,,87933,20,,,1,71,,87913,20,,,1,30,,87934,20,,,1,13,,87906,20,,,1,10,,87943,20,0,6,1,50,,87914,20,,,1,10,,87926,20,,,1,10,,87945,20,0,6,1,10,,87935,20,,,1,10,,87907,20,,,1,10,,87944,20,0,6,1,50,,87915,20,,,1,12,,87927,20,,,1,15,,87936,20,,,1,70,,87916,20,,,1,30,,87937,20,,,1,70,,87917,20,,,1,29,,87938,20,,,1,70,,87918,20,,,1,30,,87939,20,,,1,70,,87919,20,,,1,30,,87940,20,,,1,70,,87920,20,,,1,30,,87941,20,,,1,72,,87921,20,,,1,28,,87942,20,,,1,70,,87922,20,,,1
900,'20261112',648,,87946,20,,,1,70,,87967,20,,,1,37,,87947,20,,,1,67,,87968,20,,,1,30,,87948,20,,,1,70,,87969,20,,,1,30,,87949,20,,,1,81,,87972,20,,,1,70,,87952,20,,,1,30,,87973,20,,,1,70,,87953,20,,,1,30,,87974,20,,,1,70,,87954,20,,,1,30,,87975,20,,,1,70,,87955,20,,,1,30,,87976,20,,,1,70,,87956,20,,,1,30,,87977,20,,,1,71,,87957,20,,,1,30,,87978,20,,,1,13,,87950,20,,,1,10,,87987,20,0,6,1,50,,87958,20,,,1,10,,87970,20,,,1,10,,87989,20,0,6,1,10,,87979,20,,,1,10,,87951,20,,,1,10,,87988,20,0,6,1,50,,87959,20,,,1,12,,87971,20,,,1,15,,87980,20,,,1,70,,87960,20,,,1,30,,87981,20,,,1,70,,87961,20,,,1,29,,87982,20,,,1,70,,87962,20,,,1,30,,87983,20,,,1,70,,87963,20,,,1,30,,87984,20,,,1,70,,87964,20,,,1,30,,87985,20,,,1,72,,87965,20,,,1,28,,87986,20,,,1,70,,87966,20,,,1
900,'20261113',648,,87990,20,,,1,70,,88011,20,,,1,37,,87991,20,,,1,67,,88012,20,,,1,30,,87992,20,,,1,70,,88013,20,,,1,30,,87993,20,,,1,81,,88016,20,,,1,70,,87996,20,,,1,30,,88017,20,,,1,70,,87997,20,,,1,30,,88018,20,,,1,70,,87998,20,,,1,30,,88019,20,,,1,70,,87999,20,,,1,30,,88020,20,,,1,70,,88000,20,,,1,30,,88021,20,,,1,71,,88001,20,,,1,30,,88022,20,,,1,13,,87994,20,,,1,10,,88032,20,0,6,1,50,,88002,20,,,1,10,,88014,20,,,1,10,,88034,20,0,6,1,10,,88023,20,,,1,10,,87995,20,,,1,10,,88033,20,0,6,1,50,,88003,20,,,1,12,,88015,20,,,1,15,,88024,20,,,1,70,,88004,20,,,1,30,,88025,20,,,1,70,,88005,20,,,1,29,,88026,20,,,1,70,,88006,20,,,1,30,,88027,20,,,1,70,,88007,20,,,1,30,,88028,20,,,1,70,,88008,20,,,1,30,,88029,20,,,1,72,,88009,20,,,1,28,,88030,20,,,1,70,,88010,20,,,1,30,,88031,20,,,1
900,'20261114',933,,88051,20,,,1,70,,88035,20,,,1,30,,88052,20,,,1,70,,88036,20,,,1,30,,88053,20,,,1,70,,88037,20,,,1,30,,88054,20,,,1,70,,88038,20,,,1,30,,88055,20,,,1,70,,88039,20,,,1,30,,88056,20,,,1,70,,88040,20,,,1,30,,88057,20,,,1,70,,88041,20,,,1,30,,88058,20,,,1,70,,88042,20,,,1,30,,88059,20,,,1,70,,88043,20,,,1,30,,88060,20,,,1,70,,88044,20,,,1,30,,88061,20,,,1,70,,88045,20,,,1,30,,88062,20,,,1,70,,88046,20,,,1,30,,88063,20,,,1,70,,88047,20,,,1,30,,88064,20,,,1,70,,88048,20,,,1,30,,88065,20,,,1,70,,88049,20,,,1,30,,88066,20,,,1,70,,88050,20,,,1,30,,88067,20,,,1
900,'20261115',933,,92243,20,,,1,70,,88068,20,,,1,30,,92244,20,,,1,70,,88069,20,,,1,30,,92245,20,,,1,70,,88070,20,,,1,30,,92246,20,,,1,70,,88071,20,,,1,30,,92247,20,,,1,70,,88072,20,,,1,30,,92248,20,,,1,70,,88073,20,,,1,30,,92249,20,,,1,70,,88074,20,,,1,30,,92250,20,,,1,70,,88075,20,,,1,30,,92251,20,,,1,70,,88076,20,,,1,30,,92252,20,,,1,70,,88077,20,,,1,30,,92253,20,,,1,70,,88078,20,,,1,30,,92254,20,,,1,70,,88079,20,,,1,30,,92255,20,,,1,70,,88080,20,,,1,30,,92256,20,,,1,70,,88081,20,,,1,30,,92257,20,,,1,70,,88082,20,,,1,30,,92258,20,,,1,70,,88083,20,,,1
900,'20261116',648,,88100,20,,,1,70,,88121,20,,,1,37,,88101,20,,,1,67,,88122,20,,,1,30,,88102,20,,,1,70,,88123,20,,,1,30,,88103,20,,,1,81,,88126,20,,,1,70,,88106,20,,,1,30,,88127,20,,,1,70,,88107,20,,,1,30,,88128,20,,,1,70,,88108,20,,,1,30,,88129,20,,,1,70,,88109,20,,,1,30,,88130,20,,,1,70,,88110,20,,,1,30,,88131,20,,,1,71,,88111,20,,,1,30,,88132,20,,,1,13,,88104,20,,,1,10,,88141,20,0,6,1,50,,88112,20,,,1,10,,88124,20,,,1,10,,88143,20,0,6,1,10,,88133,20,,,1,10,,88105,20,,,1,10,,88142,20,0,6,1,50,,88113,20,,,1,12,,88125,20,,,1,15,,88134,20,,,1,70,,88114,20,,,1,30,,88135,20,,,1,70,,88115,20,,,1,29,,88136,20,,,1,70,,88116,20,,,1,30,,88137,20,,,1,70,,88117,20,,,1,30,,88138,20,,,1,70,,88118,20,,,1,30,,88139,20,,,1,72,,88119,20,,,1,28,,88140,20,,,1,70,,88120,20,,,1
900,'20261117',648,,88144,20,,,1,70,,88165,20,,,1,37,,88145,20,,,1,67,,88166,20,,,1,30,,88146,20,,,1,70,,88167,20,,,1,30,,88147,20,,,1,81,,88170,20,,,1,70,,88150,20,,,1,30,,88171,20,,,1,70,,88151,20,,,1,30,,88172,20,,,1,70,,88152,20,,,1,30,,88173,20,,,1,70,,88153,20,,,1,30,,88174,20,,,1,70,,88154,20,,,1,30,,88175,20,,,1,71,,88155,20,,,1,30,,88176,20,,,1,13,,88148,20,,,1,10,,88185,20,0,6,1,50,,88156,20,,,1,10,,88168,20,,,1,10,,88187,20,0,6,1,10,,88177,20,,,1,10,,88149,20,,,1,10,,88186,20,0,6,1,50,,88157,20,,,1,12,,88169,20,,,1,15,,88178,20,,,1,70,,88158,20,,,1,30,,88179,20,,,1,70,,88159,20,,,1,29,,88180,20,,,1,70,,88160,20,,,1,30,,88181,20,,,1,70,,88161,20,,,1,30,,88182,20,,,1,70,,88162,20,,,1,30,,88183,20,,,1,72,,88163,20,,,1,28,,88184,20,,,1,70,,88164,20,,,1
900,'20261118',648,,88188,20,,,1,70,,88209,20,,,1,37,,88189,20,,,1,67,,88210,20,,,1,30,,88190,20,,,1,70,,88211,20,,,1,30,,88191,20,,,1,81,,88214,20,,,1,70,,88194,20,,,1,30,,88215,20,,,1,70,,88195,20,,,1,30,,88216,20,,,1,70,,88196,20,,,1,30,,88217,20,,,1,70,,88197,20,,,1,30,,88218,20,,,1,70,,88198,20,,,1,30,,88219,20,,,1,71,,88199,20,,,1,30,,88220,20,,,1,13,,88192,20,,,1,10,,88229,20,0,6,1,50,,88200,20,,,1,10,,88212,20,,,1,10,,88231,20,0,6,1,10,,88221,20,,,1,10,,88193,20,,,1,10,,88230,20,0,6,1,50,,88201,20,,,1,12,,88213,20,,,1,15,,88222,20,,,1,70,,88202,20,,,1,30,,88223,20,,,1,70,,88203,20,,,1,29,,88224,20,,,1,70,,88204,20,,,1,30,,88225,20,,,1,70,,88205,20,,,1,30,,88226,20,,,1,70,,88206,20,,,1,30,,88227,20,,,1,72,,88207,20,,,1,28,,88228,20,,,1,70,,88208,20,,,1
900,'20261119',648,,88232,20,,,1,70,,88253,20,,,1,37,,88233,20,,,1,67,,88254,20,,,1,30,,88234,20,,,1,70,,88255,20,,,1,30,,88235,20,,,1,81,,88258,20,,,1,70,,88238,20,,,1,30,,88259,20,,,1,70,,88239,20,,,1,30,,88260,20,,,1,70,,88240,20,,,1,30,,88261,20,,,1,70,,88241,20,,,1,30,,88262,20,,,1,70,,88242,20,,,1,30,,88263,20,,,1,71,,88243,20,,,1,30,,88264,20,,,1,13,,88236,20,,,1,10,,88273,20,0,6,1,50,,88244,20,,,1,10,,88256,20,,,1,10,,88275,20,0,6,1,10,,88265,20,,,1,10,,88237,20,,,1,10,,88274,20,0,6,1,50,,88245,20,,,1,12,,88257,20,,,1,15,,88266,20,,,1,70,,88246,20,,,1,30,,88267,20,,,1,70,,88247,20,,,1,29,,88268,20,,,1,70,,88248,20,,,1,30,,88269,20,,,1,70,,88249,20,,,1,30,,88270,20,,,1,70,,88250,20,,,1,30,,88271,20,,,1,72,,88251,20,,,1,28,,88272,20,,,1,70,,88252,20,,,1
900,'20261120',648,,88276,20,,,1,70,,88297,20,,,1,37,,88277,20,,,1,67,,88298,20,,,1,30,,88278,20,,,1,70,,88299,20,,,1,30,,88279,20,,,1,81,,88302,20,,,1,70,,88282,20,,,1,30,,88303,20,,,1,70,,88283,20,,,1,30,,88304,20,,,1,70,,88284,20,,,1,30,,88305,20,,,1,70,,88285,20,,,1,30,,88306,20,,,1,70,,88286,20,,,1,30,,88307,20,,,1,71,,88287,20,,,1,30,,88308,20,,,1,13,,88280,20,,,1,10,,88318,20,0,6,1,50,,88288,20,,,1,10,,88300,20,,,1,10,,88320,20,0,6,1,10,,88309,20,,,1,10,,88281,20,,,1,10,,88319,20,0,6,1,50,,88289,20,,,1,12,,88301,20,,,1,15,,88310,20,,,1,70,,88290,20,,,1,30,,88311,20,,,1,70,,88291,20,,,1,29,,88312,20,,,1,70,,88292,20,,,1,30,,88313,20,,,1,70,,88293,20,,,1,30,,88314,20,,,1,70,,88294,20,,,1,30,,88315,20,,,1,72,,88295,20,,,1,28,,88316,20,,,1,70,,88296,20,,,1,30,,88317,20,,,1
900,'20261121',933,,88337,20,,,1,70,,88321,20,,,1,30,,88338,20,,,1,70,,88322,20,,,1,30,,88339,20,,,1,70,,88323,20,,,1,30,,88340,20,,,1,70,,88324,20,,,1,30,,88341,20,,,1,70,,88325,20,,,1,30,,88342,20,,,1,70,,88326,20,,,1,30,,88343,20,,,1,70,,88327,20,,,1,30,,88344,20,,,1,70,,88328,20,,,1,30,,88345,20,,,1,70,,88329,20,,,1,30,,88346,20,,,1,70,,88330,20,,,1,30,,88347,20,,,1,70,,88331,20,,,1,30,,88348,20,,,1,70,,88332,20,,,1,30,,88349,20,,,1,70,,88333,20,,,1,30,,88350,20,,,1,70,,88334,20,,,1,30,,88351,20,,,1,70,,88335,20,,,1,30,,88352,20,,,1,70,,88336,20,,,1,30,,88353,20,,,1
900,'20261122',933,,92259,20,,,1,70,,88354,20,,,1,30,,92260,20,,,1,70,,88355,20,,,1,30,,92261,20,,,1,70,,88356,20,,,1,30,,92262,20,,,1,70,,88357,20,,,1,30,,92263,20,,,1,70,,88358,20,,,1,30,,92264,20,,,1,70,,88359,20,,,1,30,,92265,20,,,1,70,,88360,20,,,1,30,,92266,20,,,1,70,,88361,20,,,1,30,,92267,20,,,1,70,,88362,20,,,1,30,,92268,20,,,1,70,,88363,20,,,1,30,,92269,20,,,1,70,,88364,20,,,1,30,,92270,20,,,1,70,,88365,20,,,1,30,,92271,20,,,1,70,,88366,20,,,1,30,,92272,20,,,1,70,,88367,20,,,1,30,,92273,20,,,1,70,,88368,20,,,1,30,,92274,20,,,1,70,,88369,20,,,1
900,'20261123',648,,88386,20,,,1,70,,88407,20,,,1,37,,88387,20,,,1,67,,88408,20,,,1,30,,88388,20,,,1,70,,88409,20,,,1,30,,88389,20,,,1,81,,88412,20,,,1,70,,88392,20,,,1,30,,88413,20,,,1,70,,88393,20,,,1,30,,88414,20,,,1,70,,88394,20,,,1,30,,88415,20,,,1,70,,88395,20,,,1,30,,88416,20,,,1,70,,88396,20,,,1,30,,88417,20,,,1,71,,88397,20,,,1,30,,88418,20,,,1,13,,88390,20,,,1,10,,88427,20,0,6,1,50,,88398,20,,,1,10,,88410,20,,,1,10,,88429,20,0,6,1,10,,88419,20,,,1,10,,88391,20,,,1,10,,88428,20,0,6,1,50,,88399,20,,,1,12,,88411,20,,,1,15,,88420,20,,,1,70,,88400,20,,,1,30,,88421,20,,,1,70,,88401,20,,,1,29,,88422,20,,,1,70,,88402,20,,,1,30,,88423,20,,,1,70,,88403,20,,,1,30,,88424,20,,,1,70,,88404,20,,,1,30,,88425,20,,,1,72,,88405,20,,,1,28,,88426,20,,,1,70,,88406,20,,,1
900,'20261124',648,,88430,20,,,1,70,,88451,20,,,1,37,,88431,20,,,1,67,,88452,20,,,1,30,,88432,20,,,1,70,,88453,20,,,1,30,,88433,20,,,1,81,,88456,20,,,1,70,,88436,20,,,1,30,,88457,20,,,1,70,,88437,20,,,1,30,,88458,20,,,1,70,,88438,20,,,1,30,,88459,20,,,1,70,,88439,20,,,1,30,,88460,20,,,1,70,,88440,20,,,1,30,,88461,20,,,1,71,,88441,20,,,1,30,,88462,20,,,1,13,,88434,20,,,1,10,,88471,20,0,6,1,50,,88442,20,,,1,10,,88454,20,,,1,10,,88473,20,0,6,1,10,,88463,20,,,1,10,,88435,20,,,1,10,,88472,20,0,6,1,50,,88443,20,,,1,12,,88455,20,,,1,15,,88464,20,,,1,70,,88444,20,,,1,30,,88465,20,,,1,70,,88445,20,,,1,29,,88466,20,,,1,70,,88446,20,,,1,30,,88467,20,,,1,70,,88447,20,,,1,30,,88468,20,,,1,70,,88448,20,,,1,30,,88469,20,,,1,72,,88449,20,,,1,28,,88470,20,,,1,70,,88450,20,,,1
900,'20261125',648,,88474,20,,,1,70,,88495,20,,,1,37,,88475,20,,,1,67,,88496,20,,,1,30,,88476,20,,,1,70,,88497,20,,,1,30,,88477,20,,,1,81,,88500,20,,,1,70,,88480,20,,,1,30,,88501,20,,,1,70,,88481,20,,,1,30,,88502,20,,,1,70,,88482,20,,,1,30,,88503,20,,,1,70,,88483,20,,,1,30,,88504,20,,,1,70,,88484,20,,,1,30,,88505,20,,,1,71,,88485,20,,,1,30,,88506,20,,,1,13,,88478,20,,,1,10,,88515,20,0,6,1,50,,88486,20,,,1,10,,88498,20,,,1,10,,88517,20,0,6,1,10,,88507,20,,,1,10,,88479,20,,,1,10,,88516,20,0,6,1,50,,88487,20,,,1,12,,88499,20,,,1,15,,88508,20,,,1,70,,88488,20,,,1,30,,88509,20,,,1,70,,88489,20,,,1,29,,88510,20,,,1,70,,88490,20,,,1,30,,88511,20,,,1,70,,88491,20,,,1,30,,88512,20,,,1,70,,88492,20,,,1,30,,88513,20,,,1,72,,88493,20,,,1,28,,88514,20,,,1,70,,88494,20,,,1
900,'20261126',648,,88518,20,,,1,70,,88539,20,,,1,37,,88519,20,,,1,67,,88540,20,,,1,30,,88520,20,,,1,70,,88541,20,,,1,30,,88521,20,,,1,81,,88544,20,,,1,70,,88524,20,,,1,30,,88545,20,,,1,70,,88525,20,,,1,30,,88546,20,,,1,70,,88526,20,,,1,30,,88547,20,,,1,70,,88527,20,,,1,30,,88548,20,,,1,70,,88528,20,,,1,30,,88549,20,,,1,71,,88529,20,,,1,30,,88550,20,,,1,13,,88522,20,,,1,10,,88559,20,0,6,1,50,,88530,20,,,1,10,,88542,20,,,1,10,,88561,20,0,6,1,10,,88551,20,,,1,10,,88523,20,,,1,10,,88560,20,0,6,1,50,,88531,20,,,1,12,,88543,20,,,1,15,,88552,20,,,1,70,,88532,20,,,1,30,,88553,20,,,1,70,,88533,20,,,1,29,,88554,20,,,1,70,,88534,20,,,1,30,,88555,20,,,1,70,,88535,20,,,1,30,,88556,20,,,1,70,,88536,20,,,1,30,,88557,20,,,1,72,,88537,20,,,1,28,,88558,20,,,1,70,,88538,20,,,1
900,'20261127',648,,88562,20,,,1,70,,88583,20,,,1,37,,88563,20,,,1,67,,88584,20,,,1,30,,88564,20,,,1,70,,88585,20,,,1,30,,88565,20,,,1,81,,88588,20,,,1,70,,88568,20,,,1,30,,88589,20,,,1,70,,88569,20,,,1,30,,88590,20,,,1,70,,88570,20,,,1,30,,88591,20,,,1,70,,88571,20,,,1,30,,88592,20,,,1,70,,88572,20,,,1,30,,88593,20,,,1,71,,88573,20,,,1,30,,88594,20,,,1,13,,88566,20,,,1,10,,88604,20,0,6,1,50,,88574,20,,,1,10,,88586,20,,,1,10,,88606,20,0,6,1,10,,88595,20,,,1,10,,88567,20,,,1,10,,88605,20,0,6,1,50,,88575,20,,,1,12,,88587,20,,,1,15,,88596,20,,,1,70,,88576,20,,,1,30,,88597,20,,,1,70,,88577,20,,,1,29,,88598,20,,,1,70,,88578,20,,,1,30,,88599,20,,,1,70,,88579,20,,,1,30,,88600,20,,,1,70,,88580,20,,,1,30,,88601,20,,,1,72,,88581,20,,,1,28,,88602,20,,,1,70,,88582,20,,,1,30,,88603,20,,,1
901,'20260917',520,,89131,9,,,1,30,,89152,9,,,1,76,,89132,9,,,1,15,,89150,9,,,1,10,,89153,9,,,1,50,,89173,5,,,1,10,,89170,9,,,1,10,,89133,9,,,1,10,,89172,5,,,1,10,,89151,9,,,1,10,,89154,9,,,1,50,,89174,5,,,1,10,,89171,9,,,1,16,,89134,9,,,1,30,,89155,9,,,1,70,,89135,9,,,1,30,,89156,9,,,1,70,,89136,9,,,1,30,,89157,9,,,1,70,,89137,9,,,1,30,,89158,9,,,1,70,,89138,9,,,1,30,,89159,9,,,1,70,,89139,9,,,1,30,,89160,9,,,1,70,,89140,9,,,1,30,,89161,9,,,1,70,,89141,9,,,1,30,,89162,9,,,1,70,,89142,9,,,1,30,,89163,9,,,1,70,,89143,9,,,1,30,,89164,9,,,1,70,,89144,9,,,1,30,,89165,9,,,1,70,,89145,9,,,1,30,,89166,9,,,1,70,,89146,9,,,1,30,,89167,9,,,1,70,,89147,9,,,1,30,,89168,9,,,1,70,,89148,9,,,1,30,,89169,9,,,1,70,,89149,9,,,1
901,'20260918',520,,89175,9,,,1,30,,89196,9,,,1,76,,89176,9,,,1,15,,89194,9,,,1,10,,89197,9,,,1,50,,89218,5,,,1,10,,89215,9,,,1,10,,89177,9,,,1,10,,89217,5,,,1,10,,89195,9,,,1,10,,89198,9,,,1,50,,89219,5,,,1,10,,89216,9,,,1,16,,89178,9,,,1,30,,89199,9,,,1,70,,89179,9,,,1,30,,89200,9,,,1,70,,89180,9,,,1,30,,89201,9,,,1,70,,89181,9,,,1,30,,89202,9,,,1,70,,89182,9,,,1,30,,89203,9,,,1,70,,89183,9,,,1,30,,89204,9,,,1,70,,89184,9,,,1,30,,89205,9,,,1,70,,89185,9,,,1,30,,89206,9,,,1,70,,89186,9,,,1,30,,89207,9,,,1,70,,89187,9,,,1,30,,89208,9,,,1,70,,89188,9,,,1,30,,89209,9,,,1,70,,89189,9,,,1,30,,89210,9,,,1,70,,89190,9,,,1,30,,89211,9,,,1,70,,89191,9,,,1,30,,89212,9,,,1,70,,89192,9,,,1,30,,89213,9,,,1,70,,89193,9,,,1,30,,89214,9,,,1
901,'20260919',757,,89236,9,,,1,70,,89220,9,,,1,30,,89237,9,,,1,70,,89221,9,,,1,30,,89238,9,,,1,70,,89222,9,,,1,30,,89239,9,,,1,70,,89223,9,,,1,30,,89240,9,,,1,70,,89224,9,,,1,30,,89241,9,,,1,70,,89225,9,,,1,30,,89242,9,,,1,70,,89226,9,,,1,30,,89243,9,,,1,70,,89227,9,,,1,30,,89244,9,,,1,70,,89228,9,,,1,30,,89245,9,,,1,70,,89229,9,,,1,30,,89246,9,,,1,70,,89230,9,,,1,30,,89247,9,,,1,70,,89231,9,,,1,30,,89248,9,,,1,70,,89232,9,,,1,30,,89249,9,,,1,70,,89233,9,,,1,30,,89250,9,,,1,70,,89234,9,,,1,30,,89251,9,,,1,70,,89235,9,,,1,30,,89252,9,,,1
901,'20260920',757,,89269,9,,,1,70,,89253,9,,,1,30,,89270,9,,,1,70,,89254,9,,,1,30,,89271,9,,,1,70,,89255,9,,,1,30,,89272,9,,,1,70,,89256,9,,,1,30,,89273,9,,,1,70,,89257,9,,,1,30,,89274,9,,,1,70,,89258,9,,,1,30,,89275,9,,,1,70,,89259,9,,,1,30,,89276,9,,,1,70,,89260,9,,,1,30,,89277,9,,,1,70,,89261,9,,,1,30,,89278,9,,,1,70,,89262,9,,,1,30,,89279,9,,,1,70,,89263,9,,,1,30,,89280,9,,,1,70,,89264,9,,,1,30,,89281,9,,,1,70,,89265,9,,,1,30,,89282,9,,,1,70,,89266,9,,,1,30,,89283,9,,,1,70,,89267,9,,,1,30,,89284,9,,,1,70,,89268,9,,,1
901,'20260921',520,,89285,9,,,1,30,,89306,9,,,1,76,,89286,9,,,1,15,,89304,9,,,1,10,,89307,9,,,1,50,,89327,5,,,1,10,,89324,9,,,1,10,,89287,9,,,1,10,,89326,5,,,1,10,,89305,9,,,1,10,,89308,9,,,1,50,,89328,5,,,1,10,,89325,9,,,1,16,,89288,9,,,1,30,,89309,9,,,1,70,,89289,9,,,1,30,,89310,9,,,1,70,,89290,9,,,1,30,,89311,9,,,1,70,,89291,9,,,1,30,,89312,9,,,1,70,,89292,9,,,1,30,,89313,9,,,1,70,,89293,9,,,1,30,,89314,9,,,1,70,,89294,9,,,1,30,,89315,9,,,1,70,,89295,9,,,1,30,,89316,9,,,1,70,,89296,9,,,1,30,,89317,9,,,1,70,,89297,9,,,1,30,,89318,9,,,1,70,,89298,9,,,1,30,,89319,9,,,1,70,,89299,9,,,1,30,,89320,9,,,1,70,,89300,9,,,1,30,,89321,9,,,1,70,,89301,9,,,1,30,,89322,9,,,1,70,,89302,9,,,1,30,,89323,9,,,1,70,,89303,9,,,1
901,'20260922',520,,89329,9,,,1,30,,89350,9,,,1,76,,89330,9,,,1,15,,89348,9,,,1,10,,89351,9,,,1,50,,89371,5,,,1,10,,89368,9,,,1,10,,89331,9,,,1,10,,89370,5,,,1,10,,89349,9,,,1,10,,89352,9,,,1,50,,89372,5,,,1,10,,89369,9,,,1,16,,89332,9,,,1,30,,89353,9,,,1,70,,89333,9,,,1,30,,89354,9,,,1,70,,89334,9,,,1,30,,89355,9,,,1,70,,89335,9,,,1,30,,89356,9,,,1,70,,89336,9,,,1,30,,89357,9,,,1,70,,89337,9,,,1,30,,89358,9,,,1,70,,89338,9,,,1,30,,89359,9,,,1,70,,89339,9,,,1,30,,89360,9,,,1,70,,89340,9,,,1,30,,89361,9,,,1,70,,89341,9,,,1,30,,89362,9,,,1,70,,89342,9,,,1,30,,89363,9,,,1,70,,89343,9,,,1,30,,89364,9,,,1,70,,89344,9,,,1,30,,89365,9,,,1,70,,89345,9,,,1,30,,89366,9,,,1,70,,89346,9,,,1,30,,89367,9,,,1,70,,89347,9,,,1
901,'20260923',520,,89373,9,,,1,30,,89394,9,,,1,76,,89374,9,,,1,15,,89392,9,,,1,10,,89395,9,,,1,50,,89415,5,,,1,10,,89412,9,,,1,10,,89375,9,,,1,10,,89414,5,,,1,10,,89393,9,,,1,10,,89396,9,,,1,50,,89416,5,,,1,10,,89413,9,,,1,16,,89376,9,,,1,30,,89397,9,,,1,70,,89377,9,,,1,30,,89398,9,,,1,70,,89378,9,,,1,30,,89399,9,,,1,70,,89379,9,,,1,30,,89400,9,,,1,70,,89380,9,,,1,30,,89401,9,,,1,70,,89381,9,,,1,30,,89402,9,,,1,70,,89382,9,,,1,30,,89403,9,,,1,70,,89383,9,,,1,30,,89404,9,,,1,70,,89384,9,,,1,30,,89405,9,,,1,70,,89385,9,,,1,30,,89406,9,,,1,70,,89386,9,,,1,30,,89407,9,,,1,70,,89387,9,,,1,30,,89408,9,,,1,70,,89388,9,,,1,30,,89409,9,,,1,70,,89389,9,,,1,30,,89410,9,,,1,70,,89390,9,,,1,30,,89411,9,,,1,70,,89391,9,,,1
901,'20260924',520,,89417,9,,,1,30,,89438,9,,,1,76,,89418,9,,,1,15,,89436,9,,,1,10,,89439,9,,,1,50,,89459,5,,,1,10,,89456,9,,,1,10,,89419,9,,,1,10,,89458,5,,,1,10,,89437,9,,,1,10,,89440,9,,,1,50,,89460,5,,,1,10,,89457,9,,,1,16,,89420,9,,,1,30,,89441,9,,,1,70,,89421,9,,,1,30,,89442,9,,,1,70,,89422,9,,,1,30,,89443,9,,,1,70,,89423,9,,,1,30,,89444,9,,,1,70,,89424,9,,,1,30,,89445,9,,,1,70,,89425,9,,,1,30,,89446,9,,,1,70,,89426,9,,,1,30,,89447,9,,,1,70,,89427,9,,,1,30,,89448,9,,,1,70,,89428,9,,,1,30,,89449,9,,,1,70,,89429,9,,,1,30,,89450,9,,,1,70,,89430,9,,,1,30,,89451,9,,,1,70,,89431,9,,,1,30,,89452,9,,,1,70,,89432,9,,,1,30,,89453,9,,,1,70,,89433,9,,,1,30,,89454,9,,,1,70,,89434,9,,,1,30,,89455,9,,,1,70,,89435,9,,,1
901,'20260925',520,,89461,9,,,1,30,,89482,9,,,1,76,,89462,9,,,1,15,,89480,9,,,1,10,,89483,9,,,1,50,,89504,5,,,1,10,,89501,9,,,1,10,,89463,9,,,1,10,,89503,5,,,1,10,,89481,9,,,1,10,,89484,9,,,1,50,,89505,5,,,1,10,,89502,9,,,1,16,,89464,9,,,1,30,,89485,9,,,1,70,,89465,9,,,1,30,,89486,9,,,1,70,,89466,9,,,1,30,,89487,9,,,1,70,,89467,9,,,1,30,,89488,9,,,1,70,,89468,9,,,1,30,,89489,9,,,1,70,,89469,9,,,1,30,,89490,9,,,1,70,,89470,9,,,1,30,,89491,9,,,1,70,,89471,9,,,1,30,,89492,9,,,1,70,,89472,9,,,1,30,,89493,9,,,1,70,,89473,9,,,1,30,,89494,9,,,1,70,,89474,9,,,1,30,,89495,9,,,1,70,,89475,9,,,1,30,,89496,9,,,1,70,,89476,9,,,1,30,,89497,9,,,1,70,,89477,9,,,1,30,,89498,9,,,1,70,,89478,9,,,1,30,,89499,9,,,1
901,'20260928',520,,89571,9,,,1,30,,89592,9,,,1,76,,89572,9,,,1,15,,89590,9,,,1,10,,89593,9,,,1,50,,89613,5,,,1,10,,89610,9,,,1,10,,89573,9,,,1,10,,89612,5,,,1,10,,89591,9,,,1,10,,89594,9,,,1,50,,89614,5,,,1,10,,89611,9,,,1,16,,89574,9,,,1,30,,89595,9,,,1,70,,89575,9,,,1,30,,89596,9,,,1,70,,89576,9,,,1,30,,89597,9,,,1,70,,89577,9,,,1,30,,89598,9,,,1,70,,89578,9,,,1,30,,89599,9,,,1,70,,89579,9,,,1,30,,89600,9,,,1,70,,89580,9,,,1,30,,89601,9,,,1,70,,89581,9,,,1,30,,89602,9,,,1,70,,89582,9,,,1,30,,89603,9,,,1,70,,89583,9,,,1,30,,89604,9,,,1,70,,89584,9,,,1,30,,89605,9,,,1,70,,89585,9,,,1,30,,89606,9,,,1,70,,89586,9,,,1,30,,89607,9,,,1,70,,89587,9,,,1,30,,89608,9,,,1,70,,89588,9,,,1,30,,89609,9,,,1,70,,89589,9,,,1
901,'20260929',520,,89615,9,,,1,30,,89636,9,,,1,76,,89616,9,,,1,15,,89634,9,,,1,10,,89637,9,,,1,50,,89657,5,,,1,10,,89654,9,,,1,10,,89617,9,,,1,10,,89656,5,,,1,10,,89635,9,,,1,10,,89638,9,,,1,50,,89658,5,,,1,10,,89655,9,,,1,16,,89618,9,,,1,30,,89639,9,,,1,70,,89619,9,,,1,30,,89640,9,,,1,70,,89620,9,,,1,30,,89641,9,,,1,70,,89621,9,,,1,30,,89642,9,,,1,70,,89622,9,,,1,30,,89643,9,,,1,70,,89623,9,,,1,30,,89644,9,,,1,70,,89624,9,,,1,30,,89645,9,,,1,70,,89625,9,,,1,30,,89646,9,,,1,70,,89626,9,,,1,30,,89647,9,,,1,70,,89627,9,,,1,30,,89648,9,,,1,70,,89628,9,,,1,30,,89649,9,,,1,70,,89629,9,,,1,30,,89650,9,,,1,70,,89630,9,,,1,30,,89651,9,,,1,70,,89631,9,,,1,30,,89652,9,,,1,70,,89632,9,,,1,30,,89653,9,,,1,70,,89633,9,,,1
901,'20260930',520,,89659,9,,,1,30,,89680,9,,,1,76,,89660,9,,,1,15,,89678,9,,,1,10,,89681,9,,,1,50,,89701,5,,,1,10,,89698,9,,,1,10,,89661,9,,,1,10,,89700,5,,,1,10,,89679,9,,,1,10,,89682,9,,,1,50,,89702,5,,,1,10,,89699,9,,,1,16,,89662,9,,,1,30,,89683,9,,,1,70,,89663,9,,,1,30,,89684,9,,,1,70,,89664,9,,,1,30,,89685,9,,,1,70,,89665,9,,,1,30,,89686,9,,,1,70,,89666,9,,,1,30,,89687,9,,,1,70,,89667,9,,,1,30,,89688,9,,,1,70,,89668,9,,,1,30,,89689,9,,,1,70,,89669,9,,,1,30,,89690,9,,,1,70,,89670,9,,,1,30,,89691,9,,,1,70,,89671,9,,,1,30,,89692,9,,,1,70,,89672,9,,,1,30,,89693,9,,,1,70,,89673,9,,,1,30,,89694,9,,,1,70,,89674,9,,,1,30,,89695,9,,,1,70,,89675,9,,,1,30,,89696,9,,,1,70,,89676,9,,,1,30,,89697,9,,,1,70,,89677,9,,,1
901,'20261001',520,,89703,9,,,1,30,,89724,9,,,1,76,,89704,9,,,1,15,,89722,9,,,1,10,,89725,9,,,1,50,,89745,5,,,1,10,,89742,9,,,1,10,,89705,9,,,1,10,,89744,5,,,1,10,,89723,9,,,1,10,,89726,9,,,1,50,,89746,5,,,1,10,,89743,9,,,1,16,,89706,9,,,1,30,,89727,9,,,1,70,,89707,9,,,1,30,,89728,9,,,1,70,,89708,9,,,1,30,,89729,9,,,1,70,,89709,9,,,1,30,,89730,9,,,1,70,,89710,9,,,1,30,,89731,9,,,1,70,,89711,9,,,1,30,,89732,9,,,1,70,,89712,9,,,1,30,,89733,9,,,1,70,,89713,9,,,1,30,,89734,9,,,1,70,,89714,9,,,1,30,,89735,9,,,1,70,,89715,9,,,1,30,,89736,9,,,1,70,,89716,9,,,1,30,,89737,9,,,1,70,,89717,9,,,1,30,,89738,9,,,1,70,,89718,9,,,1,30,,89739,9,,,1,70,,89719,9,,,1,30,,89740,9,,,1,70,,89720,9,,,1,30,,89741,9,,,1,70,,89721,9,,,1
901,'20261002',520,,89747,9,,,1,30,,89768,9,,,1,76,,89748,9,,,1,15,,89766,9,,,1,10,,89769,9,,,1,50,,89790,5,,,1,10,,89787,9,,,1,10,,89749,9,,,1,10,,89789,5,,,1,10,,89767,9,,,1,10,,89770,9,,,1,50,,89791,5,,,1,10,,89788,9,,,1,16,,89750,9,,,1,30,,89771,9,,,1,70,,89751,9,,,1,30,,89772,9,,,1,70,,89752,9,,,1,30,,89773,9,,,1,70,,89753,9,,,1,30,,89774,9,,,1,70,,89754,9,,,1,30,,89775,9,,,1,70,,89755,9,,,1,30,,89776,9,,,1,70,,89756,9,,,1,30,,89777,9,,,1,70,,89757,9,,,1,30,,89778,9,,,1,70,,89758,9,,,1,30,,89779,9,,,1,70,,89759,9,,,1,30,,89780,9,,,1,70,,89760,9,,,1,30,,89781,9,,,1,70,,89761,9,,,1,30,,89782,9,,,1,70,,89762,9,,,1,30,,89783,9,,,1,70,,89763,9,,,1,30,,89784,9,,,1,70,,89764,9,,,1,30,,89785,9,,,1,70,,89765,9,,,1,30,,89786,9,,,1
901,'20261003',757,,89808,9,,,1,70,,89792,9,,,1,30,,89809,9,,,1,70,,89793,9,,,1,30,,89810,9,,,1,70,,89794,9,,,1,30,,89811,9,,,1,70,,89795,9,,,1,30,,89812,9,,,1,70,,89796,9,,,1,30,,89813,9,,,1,70,,89797,9,,,1,30,,89814,9,,,1,70,,89798,9,,,1,30,,89815,9,,,1,70,,89799,9,,,1,30,,89816,9,,,1,70,,89800,9,,,1,30,,89817,9,,,1,70,,89801,9,,,1,30,,89818,9,,,1,70,,89802,9,,,1,30,,89819,9,,,1,70,,89803,9,,,1,30,,89820,9,,,1,70,,89804,9,,,1,30,,89821,9,,,1,70,,89805,9,,,1,30,,89822,9,,,1,70,,89806,9,,,1,30,,89823,9,,,1,70,,89807,9,,,1,30,,89824,9,,,1
901,'20261004',757,,89841,9,,,1,70,,92275,9,,,1,30,,89842,9,,,1,70,,92276,9,,,1,30,,89843,9,,,1,70,,92277,9,,,1,30,,89844,9,,,1,70,,92278,9,,,1,30,,89845,9,,,1,70,,92279,9,,,1,30,,89846,9,,,1,70,,92280,9,,,1,30,,89847,9,,,1,70,,92281,9,,,1,30,,89848,9,,,1,70,,92282,9,,,1,30,,89849,9,,,1,70,,92283,9,,,1,30,,89850,9,,,1,70,,92284,9,,,1,30,,89851,9,,,1,70,,92285,9,,,1,30,,89852,9,,,1,70,,92286,9,,,1,30,,89853,9,,,1,70,,92287,9,,,1,30,,89854,9,,,1,70,,92288,9,,,1,30,,89855,9,,,1,70,,92289,9,,,1,30,,89856,9,,,1,70,,92290,9,,,1
901,'20261005',520,,89857,9,,,1,30,,89878,9,,,1,76,,89858,9,,,1,15,,89876,9,,,1,10,,89879,9,,,1,50,,89899,5,,,1,10,,89896,9,,,1,10,,89859,9,,,1,10,,89898,5,,,1,10,,89877,9,,,1,10,,89880,9,,,1,50,,89900,5,,,1,10,,89897,9,,,1,16,,89860,9,,,1,30,,89881,9,,,1,70,,89861,9,,,1,30,,89882,9,,,1,70,,89862,9,,,1,30,,89883,9,,,1,70,,89863,9,,,1,30,,89884,9,,,1,70,,89864,9,,,1,30,,89885,9,,,1,70,,89865,9,,,1,30,,89886,9,,,1,70,,89866,9,,,1,30,,89887,9,,,1,70,,89867,9,,,1,30,,89888,9,,,1,70,,89868,9,,,1,30,,89889,9,,,1,70,,89869,9,,,1,30,,89890,9,,,1,70,,89870,9,,,1,30,,89891,9,,,1,70,,89871,9,,,1,30,,89892,9,,,1,70,,89872,9,,,1,30,,89893,9,,,1,70,,89873,9,,,1,30,,89894,9,,,1,70,,89874,9,,,1,30,,89895,9,,,1,70,,89875,9,,,1
901,'20261006',520,,89901,9,,,1,30,,89922,9,,,1,76,,89902,9,,,1,15,,89920,9,,,1,10,,89923,9,,,1,50,,89943,5,,,1,10,,89940,9,,,1,10,,89903,9,,,1,10,,89942,5,,,1,10,,89921,9,,,1,10,,89924,9,,,1,50,,89944,5,,,1,10,,89941,9,,,1,16,,89904,9,,,1,30,,89925,9,,,1,70,,89905,9,,,1,30,,89926,9,,,1,70,,89906,9,,,1,30,,89927,9,,,1,70,,89907,9,,,1,30,,89928,9,,,1,70,,89908,9,,,1,30,,89929,9,,,1,70,,89909,9,,,1,30,,89930,9,,,1,70,,89910,9,,,1,30,,89931,9,,,1,70,,89911,9,,,1,30,,89932,9,,,1,70,,89912,9,,,1,30,,89933,9,,,1,70,,89913,9,,,1,30,,89934,9,,,1,70,,89914,9,,,1,30,,89935,9,,,1,70,,89915,9,,,1,30,,89936,9,,,1,70,,89916,9,,,1,30,,89937,9,,,1,70,,89917,9,,,1,30,,89938,9,,,1,70,,89918,9,,,1,30,,89939,9,,,1,70,,89919,9,,,1
901,'20261007',520,,89945,9,,,1,30,,89966,9,,,1,76,,89946,9,,,1,15,,89964,9,,,1,10,,89967,9,,,1,50,,89987,5,,,1,10,,89984,9,,,1,10,,89947,9,,,1,10,,89986,5,,,1,10,,89965,9,,,1,10,,89968,9,,,1,50,,89988,5,,,1,10,,89985,9,,,1,16,,89948,9,,,1,30,,89969,9,,,1,70,,89949,9,,,1,30,,89970,9,,,1,70,,89950,9,,,1,30,,89971,9,,,1,70,,89951,9,,,1,30,,89972,9,,,1,70,,89952,9,,,1,30,,89973,9,,,1,70,,89953,9,,,1,30,,89974,9,,,1,70,,89954,9,,,1,30,,89975,9,,,1,70,,89955,9,,,1,30,,89976,9,,,1,70,,89956,9,,,1,30,,89977,9,,,1,70,,89957,9,,,1,30,,89978,9,,,1,70,,89958,9,,,1,30,,89979,9,,,1,70,,89959,9,,,1,30,,89980,9,,,1,70,,89960,9,,,1,30,,89981,9,,,1,70,,89961,9,,,1,30,,89982,9,,,1,70,,89962,9,,,1,30,,89983,9,,,1,70,,89963,9,,,1
901,'20261008',520,,89989,9,,,1,30,,90010,9,,,1,76,,89990,9,,,1,15,,90008,9,,,1,10,,90011,9,,,1,50,,90031,5,,,1,10,,90028,9,,,1,10,,89991,9,,,1,10,,90030,5,,,1,10,,90009,9,,,1,10,,90012,9,,,1,50,,90032,5,,,1,10,,90029,9,,,1,16,,89992,9,,,1,30,,90013,9,,,1,70,,89993,9,,,1,30,,90014,9,,,1,70,,89994,9,,,1,30,,90015,9,,,1,70,,89995,9,,,1,30,,90016,9,,,1,70,,89996,9,,,1,30,,90017,9,,,1,70,,89997,9,,,1,30,,90018,9,,,1,70,,89998,9,,,1,30,,90019,9,,,1,70,,89999,9,,,1,30,,90020,9,,,1,70,,90000,9,,,1,30,,90021,9,,,1,70,,90001,9,,,1,30,,90022,9,,,1,70,,90002,9,,,1,30,,90023,9,,,1,70,,90003,9,,,1,30,,90024,9,,,1,70,,90004,9,,,1,30,,90025,9,,,1,70,,90005,9,,,1,30,,90026,9,,,1,70,,90006,9,,,1,30,,90027,9,,,1,70,,90007,9,,,1
901,'20261009',520,,90033,9,,,1,30,,90054,9,,,1,76,,90034,9,,,1,15,,90052,9,,,1,10,,90055,9,,,1,50,,90076,5,,,1,10,,90073,9,,,1,10,,90035,9,,,1,10,,90075,5,,,1,10,,90053,9,,,1,10,,90056,9,,,1,50,,90077,5,,,1,10,,90074,9,,,1,16,,90036,9,,,1,30,,90057,9,,,1,70,,90037,9,,,1,30,,90058,9,,,1,70,,90038,9,,,1,30,,90059,9,,,1,70,,90039,9,,,1,30,,90060,9,,,1,70,,90040,9,,,1,30,,90061,9,,,1,70,,90041,9,,,1,30,,90062,9,,,1,70,,90042,9,,,1,30,,90063,9,,,1,70,,90043,9,,,1,30,,90064,9,,,1,70,,90044,9,,,1,30,,90065,9,,,1,70,,90045,9,,,1,30,,90066,9,,,1,70,,90046,9,,,1,30,,90067,9,,,1,70,,90047,9,,,1,30,,90068,9,,,1,70,,90048,9,,,1,30,,90069,9,,,1,70,,90049,9,,,1,30,,90070,9,,,1,70,,90050,9,,,1,30,,90071,9,,,1,70,,90051,9,,,1,30,,90072,9,,,1
901,'20261010',757,,90094,9,,,1,70,,90078,9,,,1,30,,90095,9,,,1,70,,90079,9,,,1,30,,90096,9,,,1,70,,90080,9,,,1,30,,90097,9,,,1,70,,90081,9,,,1,30,,90098,9,,,1,70,,90082,9,,,1,30,,90099,9,,,1,70,,90083,9,,,1,30,,90100,9,,,1,70,,90084,9,,,1,30,,90101,9,,,1,70,,90085,9,,,1,30,,90102,9,,,1,70,,90086,9,,,1,30,,90103,9,,,1,70,,90087,9,,,1,30,,90104,9,,,1,70,,90088,9,,,1,30,,90105,9,,,1,70,,90089,9,,,1,30,,90106,9,,,1,70,,90090,9,,,1,30,,90107,9,,,1,70,,90091,9,,,1,30,,90108,9,,,1,70,,90092,9,,,1,30,,90109,9,,,1,70,,90093,9,,,1,30,,90110,9,,,1
901,'20261011',757,,90127,9,,,1,70,,92291,9,,,1,30,,90128,9,,,1,70,,92292,9,,,1,30,,90129,9,,,1,70,,92293,9,,,1,30,,90130,9,,,1,70,,92294,9,,,1,30,,90131,9,,,1,70,,92295,9,,,1,30,,90132,9,,,1,70,,92296,9,,,1,30,,90133,9,,,1,70,,92297,9,,,1,30,,90134,9,,,1,70,,92298,9,,,1,30,,90135,9,,,1,70,,92299,9,,,1,30,,90136,9,,,1,70,,92300,9,,,1,30,,90137,9,,,1,70,,92301,9,,,1,30,,90138,9,,,1,70,,92302,9,,,1,30,,90139,9,,,1,70,,92303,9,,,1,30,,90140,9,,,1,70,,92304,9,,,1,30,,90141,9,,,1,70,,92305,9,,,1,30,,90142,9,,,1,70,,92306,9,,,1
901,'20261012',520,,90143,9,,,1,30,,90164,9,,,1,76,,90144,9,,,1,15,,90162,9,,,1,10,,90165,9,,,1,50,,90185,5,,,1,10,,90182,9,,,1,10,,90145,9,,,1,10,,90184,5,,,1,10,,90163,9,,,1,10,,90166,9,,,1,50,,90186,5,,,1,10,,90183,9,,,1,16,,90146,9,,,1,30,,90167,9,,,1,70,,90147,9,,,1,30,,90168,9,,,1,70,,90148,9,,,1,30,,90169,9,,,1,70,,90149,9,,,1,30,,90170,9,,,1,70,,90150,9,,,1,30,,90171,9,,,1,70,,90151,9,,,1,30,,90172,9,,,1,70,,90152,9,,,1,30,,90173,9,,,1,70,,90153,9,,,1,30,,90174,9,,,1,70,,90154,9,,,1,30,,90175,9,,,1,70,,90155,9,,,1,30,,90176,9,,,1,70,,90156,9,,,1,30,,90177,9,,,1,70,,90157,9,,,1,30,,90178,9,,,1,70,,90158,9,,,1,30,,90179,9,,,1,70,,90159,9,,,1,30,,90180,9,,,1,70,,90160,9,,,1,30,,90181,9,,,1,70,,90161,9,,,1
901,'20261013',520,,90187,9,,,1,30,,90208,9,,,1,76,,90188,9,,,1,15,,90206,9,,,1,10,,90209,9,,,1,50,,90229,5,,,1,10,,90226,9,,,1,10,,90189,9,,,1,10,,90228,5,,,1,10,,90207,9,,,1,10,,90210,9,,,1,50,,90230,5,,,1,10,,90227,9,,,1,16,,90190,9,,,1,30,,90211,9,,,1,70,,90191,9,,,1,30,,90212,9,,,1,70,,90192,9,,,1,30,,90213,9,,,1,70,,90193,9,,,1,30,,90214,9,,,1,70,,90194,9,,,1,30,,90215,9,,,1,70,,90195,9,,,1,30,,90216,9,,,1,70,,90196,9,,,1,30,,90217,9,,,1,70,,90197,9,,,1,30,,90218,9,,,1,70,,90198,9,,,1,30,,90219,9,,,1,70,,90199,9,,,1,30,,90220,9,,,1,70,,90200,9,,,1,30,,90221,9,,,1,70,,90201,9,,,1,30,,90222,9,,,1,70,,90202,9,,,1,30,,90223,9,,,1,70,,90203,9,,,1,30,,90224,9,,,1,70,,90204,9,,,1,30,,90225,9,,,1,70,,90205,9,,,1
901,'20261014',520,,90231,9,,,1,30,,90252,9,,,1,76,,90232,9,,,1,15,,90250,9,,,1,10,,90253,9,,,1,50,,90273,5,,,1,10,,90270,9,,,1,10,,90233,9,,,1,10,,90272,5,,,1,10,,90251,9,,,1,10,,90254,9,,,1,50,,90274,5,,,1,10,,90271,9,,,1,16,,90234,9,,,1,30,,90255,9,,,1,70,,90235,9,,,1,30,,90256,9,,,1,70,,90236,9,,,1,30,,90257,9,,,1,70,,90237,9,,,1,30,,90258,9,,,1,70,,90238,9,,,1,30,,90259,9,,,1,70,,90239,9,,,1,30,,90260,9,,,1,70,,90240,9,,,1,30,,90261,9,,,1,70,,90241,9,,,1,30,,90262,9,,,1,70,,90242,9,,,1,30,,90263,9,,,1,70,,90243,9,,,1,30,,90264,9,,,1,70,,90244,9,,,1,30,,90265,9,,,1,70,,90245,9,,,1,30,,90266,9,,,1,70,,90246,9,,,1,30,,90267,9,,,1,70,,90247,9,,,1,30,,90268,9,,,1,70,,90248,9,,,1,30,,90269,9,,,1,70,,90249,9,,,1
901,'20261015',520,,90275,9,,,1,30,,90296,9,,,1,76,,90276,9,,,1,15,,90294,9,,,1,10,,90297,9,,,1,50,,90317,5,,,1,10,,90314,9,,,1,10,,90277,9,,,1,10,,90316,5,,,1,10,,90295,9,,,1,10,,90298,9,,,1,50,,90318,5,,,1,10,,90315,9,,,1,16,,90278,9,,,1,30,,90299,9,,,1,70,,90279,9,,,1,30,,90300,9,,,1,70,,90280,9,,,1,30,,90301,9,,,1,70,,90281,9,,,1,30,,90302,9,,,1,70,,90282,9,,,1,30,,90303,9,,,1,70,,90283,9,,,1,30,,90304,9,,,1,70,,90284,9,,,1,30,,90305,9,,,1,70,,90285,9,,,1,30,,90306,9,,,1,70,,90286,9,,,1,30,,90307,9,,,1,70,,90287,9,,,1,30,,90308,9,,,1,70,,90288,9,,,1,30,,90309,9,,,1,70,,90289,9,,,1,30,,90310,9,,,1,70,,90290,9,,,1,30,,90311,9,,,1,70,,90291,9,,,1,30,,90312,9,,,1,70,,90292,9,,,1,30,,90313,9,,,1,70,,90293,9,,,1
901,'20261016',520,,90319,9,,,1,30,,90340,9,,,1,76,,90320,9,,,1,15,,90338,9,,,1,10,,90341,9,,,1,50,,90362,5,,,1,10,,90359,9,,,1,10,,90321,9,,,1,10,,90361,5,,,1,10,,90339,9,,,1,10,,90342,9,,,1,50,,90363,5,,,1,10,,90360,9,,,1,16,,90322,9,,,1,30,,90343,9,,,1,70,,90323,9,,,1,30,,90344,9,,,1,70,,90324,9,,,1,30,,90345,9,,,1,70,,90325,9,,,1,30,,90346,9,,,1,70,,90326,9,,,1,30,,90347,9,,,1,70,,90327,9,,,1,30,,90348,9,,,1,70,,90328,9,,,1,30,,90349,9,,,1,70,,90329,9,,,1,30,,90350,9,,,1,70,,90330,9,,,1,30,,90351,9,,,1,70,,90331,9,,,1,30,,90352,9,,,1,70,,90332,9,,,1,30,,90353,9,,,1,70,,90333,9,,,1,30,,90354,9,,,1,70,,90334,9,,,1,30,,90355,9,,,1,70,,90335,9,,,1,30,,90356,9,,,1,70,,90336,9,,,1,30,,90357,9,,,1,70,,90337,9,,,1,30,,90358,9,,,1
901,'20261017',757,,90380,9,,,1,70,,90364,9,,,1,30,,90381,9,,,1,70,,90365,9,,,1,30,,90382,9,,,1,70,,90366,9,,,1,30,,90383,9,,,1,70,,90367,9,,,1,30,,90384,9,,,1,70,,90368,9,,,1,30,,90385,9,,,1,70,,90369,9,,,1,30,,90386,9,,,1,70,,90370,9,,,1,30,,90387,9,,,1,70,,90371,9,,,1,30,,90388,9,,,1,70,,90372,9,,,1,30,,90389,9,,,1,70,,90373,9,,,1,30,,90390,9,,,1,70,,90374,9,,,1,30,,90391,9,,,1,70,,90375,9,,,1,30,,90392,9,,,1,70,,90376,9,,,1,30,,90393,9,,,1,70,,90377,9,,,1,30,,90394,9,,,1,70,,90378,9,,,1,30,,90395,9,,,1,70,,90379,9,,,1,30,,90396,9,,,1
901,'20261018',757,,90413,9,,,1,70,,92307,9,,,1,30,,90414,9,,,1,70,,92308,9,,,1,30,,90415,9,,,1,70,,92309,9,,,1,30,,90416,9,,,1,70,,92310,9,,,1,30,,90417,9,,,1,70,,92311,9,,,1,30,,90418,9,,,1,70,,92312,9,,,1,30,,90419,9,,,1,70,,92313,9,,,1,30,,90420,9,,,1,70,,92314,9,,,1,30,,90421,9,,,1,70,,92315,9,,,1,30,,90422,9,,,1,70,,92316,9,,,1,30,,90423,9,,,1,70,,92317,9,,,1,30,,90424,9,,,1,70,,92318,9,,,1,30,,90425,9,,,1,70,,92319,9,,,1,30,,90426,9,,,1,70,,92320,9,,,1,30,,90427,9,,,1,70,,92321,9,,,1,30,,90428,9,,,1,70,,92322,9,,,1
901,'20261019',520,,90429,9,,,1,30,,90450,9,,,1,76,,90430,9,,,1,15,,90448,9,,,1,10,,90451,9,,,1,50,,90471,5,,,1,10,,90468,9,,,1,10,,90431,9,,,1,10,,90470,5,,,1,10,,90449,9,,,1,10,,90452,9,,,1,50,,90472,5,,,1,10,,90469,9,,,1,16,,90432,9,,,1,30,,90453,9,,,1,70,,90433,9,,,1,30,,90454,9,,,1,70,,90434,9,,,1,30,,90455,9,,,1,70,,90435,9,,,1,30,,90456,9,,,1,70,,90436,9,,,1,30,,90457,9,,,1,70,,90437,9,,,1,30,,90458,9,,,1,70,,90438,9,,,1,30,,90459,9,,,1,70,,90439,9,,,1,30,,90460,9,,,1,70,,90440,9,,,1,30,,90461,9,,,1,70,,90441,9,,,1,30,,90462,9,,,1,70,,90442,9,,,1,30,,90463,9,,,1,70,,90443,9,,,1,30,,90464,9,,,1,70,,90444,9,,,1,30,,90465,9,,,1,70,,90445,9,,,1,30,,90466,9,,,1,70,,90446,9,,,1,30,,90467,9,,,1,70,,90447,9,,,1
901,'20261020',520,,90473,9,,,1,30,,90494,9,,,1,76,,90474,9,,,1,15,,90492,9,,,1,10,,90495,9,,,1,50,,90515,5,,,1,10,,90512,9,,,1,10,,90475,9,,,1,10,,90514,5,,,1,10,,90493,9,,,1,10,,90496,9,,,1,50,,90516,5,,,1,10,,90513,9,,,1,16,,90476,9,,,1,30,,90497,9,,,1,70,,90477,9,,,1,30,,90498,9,,,1,70,,90478,9,,,1,30,,90499,9,,,1,70,,90479,9,,,1,30,,90500,9,,,1,70,,90480,9,,,1,30,,90501,9,,,1,70,,90481,9,,,1,30,,90502,9,,,1,70,,90482,9,,,1,30,,90503,9,,,1,70,,90483,9,,,1,30,,90504,9,,,1,70,,90484,9,,,1,30,,90505,9,,,1,70,,90485,9,,,1,30,,90506,9,,,1,70,,90486,9,,,1,30,,90507,9,,,1,70,,90487,9,,,1,30,,90508,9,,,1,70,,90488,9,,,1,30,,90509,9,,,1,70,,90489,9,,,1,30,,90510,9,,,1,70,,90490,9,,,1,30,,90511,9,,,1,70,,90491,9,,,1
901,'20261021',520,,90517,9,,,1,30,,90538,9,,,1,76,,90518,9,,,1,15,,90536,9,,,1,10,,90539,9,,,1,50,,90559,5,,,1,10,,90556,9,,,1,10,,90519,9,,,1,10,,90558,5,,,1,10,,90537,9,,,1,10,,90540,9,,,1,50,,90560,5,,,1,10,,90557,9,,,1,16,,90520,9,,,1,30,,90541,9,,,1,70,,90521,9,,,1,30,,90542,9,,,1,70,,90522,9,,,1,30,,90543,9,,,1,70,,90523,9,,,1,30,,90544,9,,,1,70,,90524,9,,,1,30,,90545,9,,,1,70,,90525,9,,,1,30,,90546,9,,,1,70,,90526,9,,,1,30,,90547,9,,,1,70,,90527,9,,,1,30,,90548,9,,,1,70,,90528,9,,,1,30,,90549,9,,,1,70,,90529,9,,,1,30,,90550,9,,,1,70,,90530,9,,,1,30,,90551,9,,,1,70,,90531,9,,,1,30,,90552,9,,,1,70,,90532,9,,,1,30,,90553,9,,,1,70,,90533,9,,,1,30,,90554,9,,,1,70,,90534,9,,,1,30,,90555,9,,,1,70,,90535,9,,,1
901,'20261022',520,,90561,9,,,1,30,,90582,9,,,1,76,,90562,9,,,1,15,,90580,9,,,1,10,,90583,9,,,1,50,,90603,5,,,1,10,,90600,9,,,1,10,,90563,9,,,1,10,,90602,5,,,1,10,,90581,9,,,1,10,,90584,9,,,1,50,,90604,5,,,1,10,,90601,9,,,1,16,,90564,9,,,1,30,,90585,9,,,1,70,,90565,9,,,1,30,,90586,9,,,1,70,,90566,9,,,1,30,,90587,9,,,1,70,,90567,9,,,1,30,,90588,9,,,1,70,,90568,9,,,1,30,,90589,9,,,1,70,,90569,9,,,1,30,,90590,9,,,1,70,,90570,9,,,1,30,,90591,9,,,1,70,,90571,9,,,1,30,,90592,9,,,1,70,,90572,9,,,1,30,,90593,9,,,1,70,,90573,9,,,1,30,,90594,9,,,1,70,,90574,9,,,1,30,,90595,9,,,1,70,,90575,9,,,1,30,,90596,9,,,1,70,,90576,9,,,1,30,,90597,9,,,1,70,,90577,9,,,1,30,,90598,9,,,1,70,,90578,9,,,1,30,,90599,9,,,1,70,,90579,9,,,1
901,'20261023',520,,90605,9,,,1,30,,90626,9,,,1,76,,90606,9,,,1,15,,90624,9,,,1,10,,90627,9,,,1,50,,90648,5,,,1,10,,90645,9,,,1,10,,90607,9,,,1,10,,90647,5,,,1,10,,90625,9,,,1,10,,90628,9,,,1,50,,90649,5,,,1,10,,90646,9,,,1,16,,90608,9,,,1,30,,90629,9,,,1,70,,90609,9,,,1,30,,90630,9,,,1,70,,90610,9,,,1,30,,90631,9,,,1,70,,90611,9,,,1,30,,90632,9,,,1,70,,90612,9,,,1,30,,90633,9,,,1,70,,90613,9,,,1,30,,90634,9,,,1,70,,90614,9,,,1,30,,90635,9,,,1,70,,90615,9,,,1,30,,90636,9,,,1,70,,90616,9,,,1,30,,90637,9,,,1,70,,90617,9,,,1,30,,90638,9,,,1,70,,90618,9,,,1,30,,90639,9,,,1,70,,90619,9,,,1,30,,90640,9,,,1,70,,90620,9,,,1,30,,90641,9,,,1,70,,90621,9,,,1,30,,90642,9,,,1,70,,90622,9,,,1,30,,90643,9,,,1,70,,90623,9,,,1,30,,90644,9,,,1
901,'20261024',757,,90666,9,,,1,70,,90650,9,,,1,30,,90667,9,,,1,70,,90651,9,,,1,30,,90668,9,,,1,70,,90652,9,,,1,30,,90669,9,,,1,70,,90653,9,,,1,30,,90670,9,,,1,70,,90654,9,,,1,30,,90671,9,,,1,70,,90655,9,,,1,30,,90672,9,,,1,70,,90656,9,,,1,30,,90673,9,,,1,70,,90657,9,,,1,30,,90674,9,,,1,70,,90658,9,,,1,30,,90675,9,,,1,70,,90659,9,,,1,30,,90676,9,,,1,70,,90660,9,,,1,30,,90677,9,,,1,70,,90661,9,,,1,30,,90678,9,,,1,70,,90662,9,,,1,30,,90679,9,,,1,70,,90663,9,,,1,30,,90680,9,,,1,70,,90664,9,,,1,30,,90681,9,,,1,70,,90665,9,,,1,30,,90682,9,,,1
901,'20261025',757,,90699,9,,,1,70,,92323,9,,,1,30,,90700,9,,,1,70,,92324,9,,,1,30,,90701,9,,,1,70,,92325,9,,,1,30,,90702,9,,,1,70,,92326,9,,,1,30,,90703,9,,,1,70,,92327,9,,,1,30,,90704,9,,,1,70,,92328,9,,,1,30,,90705,9,,,1,70,,92329,9,,,1,30,,90706,9,,,1,70,,92330,9,,,1,30,,90707,9,,,1,70,,92331,9,,,1,30,,90708,9,,,1,70,,92332,9,,,1,30,,90709,9,,,1,70,,92333,9,,,1,30,,90710,9,,,1,70,,92334,9,,,1,30,,90711,9,,,1,70,,92335,9,,,1,30,,90712,9,,,1,70,,92336,9,,,1,30,,90713,9,,,1,70,,92337,9,,,1,30,,90714,9,,,1,70,,92338,9,,,1
901,'20261026',520,,90715,9,,,1,30,,90736,9,,,1,76,,90716,9,,,1,15,,90734,9,,,1,10,,90737,9,,,1,50,,90757,5,,,1,10,,90754,9,,,1,10,,90717,9,,,1,10,,90756,5,,,1,10,,90735,9,,,1,10,,90738,9,,,1,50,,90758,5,,,1,10,,90755,9,,,1,16,,90718,9,,,1,30,,90739,9,,,1,70,,90719,9,,,1,30,,90740,9,,,1,70,,90720,9,,,1,30,,90741,9,,,1,70,,90721,9,,,1,30,,90742,9,,,1,70,,90722,9,,,1,30,,90743,9,,,1,70,,90723,9,,,1,30,,90744,9,,,1,70,,90724,9,,,1,30,,90745,9,,,1,70,,90725,9,,,1,30,,90746,9,,,1,70,,90726,9,,,1,30,,90747,9,,,1,70,,90727,9,,,1,30,,90748,9,,,1,70,,90728,9,,,1,30,,90749,9,,,1,70,,90729,9,,,1,30,,90750,9,,,1,70,,90730,9,,,1,30,,90751,9,,,1,70,,90731,9,,,1,30,,90752,9,,,1,70,,90732,9,,,1,30,,90753,9,,,1,70,,90733,9,,,1
901,'20261027',520,,90759,9,,,1,30,,90780,9,,,1,76,,90760,9,,,1,15,,90778,9,,,1,10,,90781,9,,,1,50,,90801,5,,,1,10,,90798,9,,,1,10,,90761,9,,,1,10,,90800,5,,,1,10,,90779,9,,,1,10,,90782,9,,,1,50,,90802,5,,,1,10,,90799,9,,,1,16,,90762,9,,,1,30,,90783,9,,,1,70,,90763,9,,,1,30,,90784,9,,,1,70,,90764,9,,,1,30,,90785,9,,,1,70,,90765,9,,,1,30,,90786,9,,,1,70,,90766,9,,,1,30,,90787,9,,,1,70,,90767,9,,,1,30,,90788,9,,,1,70,,90768,9,,,1,30,,90789,9,,,1,70,,90769,9,,,1,30,,90790,9,,,1,70,,90770,9,,,1,30,,90791,9,,,1,70,,90771,9,,,1,30,,90792,9,,,1,70,,90772,9,,,1,30,,90793,9,,,1,70,,90773,9,,,1,30,,90794,9,,,1,70,,90774,9,,,1,30,,90795,9,,,1,70,,90775,9,,,1,30,,90796,9,,,1,70,,90776,9,,,1,30,,90797,9,,,1,70,,90777,9,,,1
901,'20261028',520,,90803,9,,,1,30,,90824,9,,,1,76,,90804,9,,,1,15,,90822,9,,,1,10,,90825,9,,,1,50,,90845,5,,,1,10,,90842,9,,,1,10,,90805,9,,,1,10,,90844,5,,,1,10,,90823,9,,,1,10,,90826,9,,,1,50,,90846,5,,,1,10,,90843,9,,,1,16,,90806,9,,,1,30,,90827,9,,,1,70,,90807,9,,,1,30,,90828,9,,,1,70,,90808,9,,,1,30,,90829,9,,,1,70,,90809,9,,,1,30,,90830,9,,,1,70,,90810,9,,,1,30,,90831,9,,,1,70,,90811,9,,,1,30,,90832,9,,,1,70,,90812,9,,,1,30,,90833,9,,,1,70,,90813,9,,,1,30,,90834,9,,,1,70,,90814,9,,,1,30,,90835,9,,,1,70,,90815,9,,,1,30,,90836,9,,,1,70,,90816,9,,,1,30,,90837,9,,,1,70,,90817,9,,,1,30,,90838,9,,,1,70,,90818,9,,,1,30,,90839,9,,,1,70,,90819,9,,,1,30,,90840,9,,,1,70,,90820,9,,,1,30,,90841,9,,,1,70,,90821,9,,,1
901,'20261029',520,,90847,9,,,1,30,,90868,9,,,1,76,,90848,9,,,1,15,,90866,9,,,1,10,,90869,9,,,1,50,,90889,5,,,1,10,,90886,9,,,1,10,,90849,9,,,1,10,,90888,5,,,1,10,,90867,9,,,1,10,,90870,9,,,1,50,,90890,5,,,1,10,,90887,9,,,1,16,,90850,9,,,1,30,,90871,9,,,1,70,,90851,9,,,1,30,,90872,9,,,1,70,,90852,9,,,1,30,,90873,9,,,1,70,,90853,9,,,1,30,,90874,9,,,1,70,,90854,9,,,1,30,,90875,9,,,1,70,,90855,9,,,1,30,,90876,9,,,1,70,,90856,9,,,1,30,,90877,9,,,1,70,,90857,9,,,1,30,,90878,9,,,1,70,,90858,9,,,1,30,,90879,9,,,1,70,,90859,9,,,1,30,,90880,9,,,1,70,,90860,9,,,1,30,,90881,9,,,1,70,,90861,9,,,1,30,,90882,9,,,1,70,,90862,9,,,1,30,,90883,9,,,1,70,,90863,9,,,1,30,,90884,9,,,1,70,,90864,9,,,1,30,,90885,9,,,1,70,,90865,9,,,1
901,'20261030',520,,90891,9,,,1,30,,90912,9,,,1,76,,90892,9,,,1,15,,90910,9,,,1,10,,90913,9,,,1,50,,90934,5,,,1,10,,90931,9,,,1,10,,90893,9,,,1,10,,90933,5,,,1,10,,90911,9,,,1,10,,90914,9,,,1,50,,90935,5,,,1,10,,90932,9,,,1,16,,90894,9,,,1,30,,90915,9,,,1,70,,90895,9,,,1,30,,90916,9,,,1,70,,90896,9,,,1,30,,90917,9,,,1,70,,90897,9,,,1,30,,90918,9,,,1,70,,90898,9,,,1,30,,90919,9,,,1,70,,90899,9,,,1,30,,90920,9,,,1,70,,90900,9,,,1,30,,90921,9,,,1,70,,90901,9,,,1,30,,90922,9,,,1,70,,90902,9,,,1,30,,90923,9,,,1,70,,90903,9,,,1,30,,90924,9,,,1,70,,90904,9,,,1,30,,90925,9,,,1,70,,90905,9,,,1,30,,90926,9,,,1,70,,90906,9,,,1,30,,90927,9,,,1,70,,90907,9,,,1,30,,90928,9,,,1,70,,90908,9,,,1,30,,90929,9,,,1,70,,90909,9,,,1,30,,90930,9,,,1
901,'20261031',757,,90952,9,,,1,70,,90936,9,,,1,30,,90953,9,,,1,70,,90937,9,,,1,30,,90954,9,,,1,70,,90938,9,,,1,30,,90955,9,,,1,70,,90939,9,,,1,30,,90956,9,,,1,70,,90940,9,,,1,30,,90957,9,,,1,70,,90941,9,,,1,30,,90958,9,,,1,70,,90942,9,,,1,30,,90959,9,,,1,70,,90943,9,,,1,30,,90960,9,,,1,70,,90944,9,,,1,30,,90961,9,,,1,70,,90945,9,,,1,30,,90962,9,,,1,70,,90946,9,,,1,30,,90963,9,,,1,70,,90947,9,,,1,30,,90964,9,,,1,70,,90948,9,,,1,30,,90965,9,,,1,70,,90949,9,,,1,30,,90966,9,,,1,70,,90950,9,,,1,30,,90967,9,,,1,70,,90951,9,,,1,30,,90968,9,,,1
901,'20261101',757,,90985,9,,,1,70,,92339,9,,,1,30,,90986,9,,,1,70,,92340,9,,,1,30,,90987,9,,,1,70,,92341,9,,,1,30,,90988,9,,,1,70,,92342,9,,,1,30,,90989,9,,,1,70,,92343,9,,,1,30,,90990,9,,,1,70,,92344,9,,,1,30,,90991,9,,,1,70,,92345,9,,,1,30,,90992,9,,,1,70,,92346,9,,,1,30,,90993,9,,,1,70,,92347,9,,,1,30,,90994,9,,,1,70,,92348,9,,,1,30,,90995,9,,,1,70,,92349,9,,,1,30,,90996,9,,,1,70,,92350,9,,,1,30,,90997,9,,,1,70,,92351,9,,,1,30,,90998,9,,,1,70,,92352,9,,,1,30,,90999,9,,,1,70,,92353,9,,,1,30,,91000,9,,,1,70,,92354,9,,,1
901,'20261102',520,,91001,9,,,1,30,,91022,9,,,1,76,,91002,9,,,1,15,,91020,9,,,1,10,,91023,9,,,1,50,,91043,5,,,1,10,,91040,9,,,1,10,,91003,9,,,1,10,,91042,5,,,1,10,,91021,9,,,1,10,,91024,9,,,1,50,,91044,5,,,1,10,,91041,9,,,1,16,,91004,9,,,1,30,,91025,9,,,1,70,,91005,9,,,1,30,,91026,9,,,1,70,,91006,9,,,1,30,,91027,9,,,1,70,,91007,9,,,1,30,,91028,9,,,1,70,,91008,9,,,1,30,,91029,9,,,1,70,,91009,9,,,1,30,,91030,9,,,1,70,,91010,9,,,1,30,,91031,9,,,1,70,,91011,9,,,1,30,,91032,9,,,1,70,,91012,9,,,1,30,,91033,9,,,1,70,,91013,9,,,1,30,,91034,9,,,1,70,,91014,9,,,1,30,,91035,9,,,1,70,,91015,9,,,1,30,,91036,9,,,1,70,,91016,9,,,1,30,,91037,9,,,1,70,,91017,9,,,1,30,,91038,9,,,1,70,,91018,9,,,1,30,,91039,9,,,1,70,,91019,9,,,1
901,'20261103',520,,91045,9,,,1,30,,91066,9,,,1,76,,91046,9,,,1,15,,91064,9,,,1,10,,91067,9,,,1,50,,91087,5,,,1,10,,91084,9,,,1,10,,91047,9,,,1,10,,91086,5,,,1,10,,91065,9,,,1,10,,91068,9,,,1,50,,91088,5,,,1,10,,91085,9,,,1,16,,91048,9,,,1,30,,91069,9,,,1,70,,91049,9,,,1,30,,91070,9,,,1,70,,91050,9,,,1,30,,91071,9,,,1,70,,91051,9,,,1,30,,91072,9,,,1,70,,91052,9,,,1,30,,91073,9,,,1,70,,91053,9,,,1,30,,91074,9,,,1,70,,91054,9,,,1,30,,91075,9,,,1,70,,91055,9,,,1,30,,91076,9,,,1,70,,91056,9,,,1,30,,91077,9,,,1,70,,91057,9,,,1,30,,91078,9,,,1,70,,91058,9,,,1,30,,91079,9,,,1,70,,91059,9,,,1,30,,91080,9,,,1,70,,91060,9,,,1,30,,91081,9,,,1,70,,91061,9,,,1,30,,91082,9,,,1,70,,91062,9,,,1,30,,91083,9,,,1,70,,91063,9,,,1
901,'20261104',520,,91089,9,,,1,30,,91110,9,,,1,76,,91090,9,,,1,15,,91108,9,,,1,10,,91111,9,,,1,50,,91131,5,,,1,10,,91128,9,,,1,10,,91091,9,,,1,10,,91130,5,,,1,10,,91109,9,,,1,10,,91112,9,,,1,50,,91132,5,,,1,10,,91129,9,,,1,16,,91092,9,,,1,30,,91113,9,,,1,70,,91093,9,,,1,30,,91114,9,,,1,70,,91094,9,,,1,30,,91115,9,,,1,70,,91095,9,,,1,30,,91116,9,,,1,70,,91096,9,,,1,30,,91117,9,,,1,70,,91097,9,,,1,30,,91118,9,,,1,70,,91098,9,,,1,30,,91119,9,,,1,70,,91099,9,,,1,30,,91120,9,,,1,70,,91100,9,,,1,30,,91121,9,,,1,70,,91101,9,,,1,30,,91122,9,,,1,70,,91102,9,,,1,30,,91123,9,,,1,70,,91103,9,,,1,30,,91124,9,,,1,70,,91104,9,,,1,30,,91125,9,,,1,70,,91105,9,,,1,30,,91126,9,,,1,70,,91106,9,,,1,30,,91127,9,,,1,70,,91107,9,,,1
901,'20261105',520,,91133,9,,,1,30,,91154,9,,,1,76,,91134,9,,,1,15,,91152,9,,,1,10,,91155,9,,,1,50,,91175,5,,,1,10,,91172,9,,,1,10,,91135,9,,,1,10,,91174,5,,,1,10,,91153,9,,,1,10,,91156,9,,,1,50,,91176,5,,,1,10,,91173,9,,,1,16,,91136,9,,,1,30,,91157,9,,,1,70,,91137,9,,,1,30,,91158,9,,,1,70,,91138,9,,,1,30,,91159,9,,,1,70,,91139,9,,,1,30,,91160,9,,,1,70,,91140,9,,,1,30,,91161,9,,,1,70,,91141,9,,,1,30,,91162,9,,,1,70,,91142,9,,,1,30,,91163,9,,,1,70,,91143,9,,,1,30,,91164,9,,,1,70,,91144,9,,,1,30,,91165,9,,,1,70,,91145,9,,,1,30,,91166,9,,,1,70,,91146,9,,,1,30,,91167,9,,,1,70,,91147,9,,,1,30,,91168,9,,,1,70,,91148,9,,,1,30,,91169,9,,,1,70,,91149,9,,,1,30,,91170,9,,,1,70,,91150,9,,,1,30,,91171,9,,,1,70,,91151,9,,,1
901,'20261106',520,,91177,9,,,1,30,,91198,9,,,1,76,,91178,9,,,1,15,,91196,9,,,1,10,,91199,9,,,1,50,,91220,5,,,1,10,,91217,9,,,1,10,,91179,9,,,1,10,,91219,5,,,1,10,,91197,9,,,1,10,,91200,9,,,1,50,,91221,5,,,1,10,,91218,9,,,1,16,,91180,9,,,1,30,,91201,9,,,1,70,,91181,9,,,1,30,,91202,9,,,1,70,,91182,9,,,1,30,,91203,9,,,1,70,,91183,9,,,1,30,,91204,9,,,1,70,,91184,9,,,1,30,,91205,9,,,1,70,,91185,9,,,1,30,,91206,9,,,1,70,,91186,9,,,1,30,,91207,9,,,1,70,,91187,9,,,1,30,,91208,9,,,1,70,,91188,9,,,1,30,,91209,9,,,1,70,,91189,9,,,1,30,,91210,9,,,1,70,,91190,9,,,1,30,,91211,9,,,1,70,,91191,9,,,1,30,,91212,9,,,1,70,,91192,9,,,1,30,,91213,9,,,1,70,,91193,9,,,1,30,,91214,9,,,1,70,,91194,9,,,1,30,,91215,9,,,1,70,,91195,9,,,1,30,,91216,9,,,1
901,'20261107',757,,91238,9,,,1,70,,91222,9,,,1,30,,91239,9,,,1,70,,91223,9,,,1,30,,91240,9,,,1,70,,91224,9,,,1,30,,91241,9,,,1,70,,91225,9,,,1,30,,91242,9,,,1,70,,91226,9,,,1,30,,91243,9,,,1,70,,91227,9,,,1,30,,91244,9,,,1,70,,91228,9,,,1,30,,91245,9,,,1,70,,91229,9,,,1,30,,91246,9,,,1,70,,91230,9,,,1,30,,91247,9,,,1,70,,91231,9,,,1,30,,91248,9,,,1,70,,91232,9,,,1,30,,91249,9,,,1,70,,91233,9,,,1,30,,91250,9,,,1,70,,91234,9,,,1,30,,91251,9,,,1,70,,91235,9,,,1,30,,91252,9,,,1,70,,91236,9,,,1,30,,91253,9,,,1,70,,91237,9,,,1,30,,91254,9,,,1
901,'20261108',757,,91271,9,,,1,70,,92355,9,,,1,30,,91272,9,,,1,70,,92356,9,,,1,30,,91273,9,,,1,70,,92357,9,,,1,30,,91274,9,,,1,70,,92358,9,,,1,30,,91275,9,,,1,70,,92359,9,,,1,30,,91276,9,,,1,70,,92360,9,,,1,30,,91277,9,,,1,70,,92361,9,,,1,30,,91278,9,,,1,70,,92362,9,,,1,30,,91279,9,,,1,70,,92363,9,,,1,30,,91280,9,,,1,70,,92364,9,,,1,30,,91281,9,,,1,70,,92365,9,,,1,30,,91282,9,,,1,70,,92366,9,,,1,30,,91283,9,,,1,70,,92367,9,,,1,30,,91284,9,,,1,70,,92368,9,,,1,30,,91285,9,,,1,70,,92369,9,,,1,30,,91286,9,,,1,70,,92370,9,,,1
901,'20261109',520,,91287,9,,,1,30,,91308,9,,,1,76,,91288,9,,,1,15,,91306,9,,,1,10,,91309,9,,,1,50,,91329,5,,,1,10,,91326,9,,,1,10,,91289,9,,,1,10,,91328,5,,,1,10,,91307,9,,,1,10,,91310,9,,,1,50,,91330,5,,,1,10,,91327,9,,,1,16,,91290,9,,,1,30,,91311,9,,,1,70,,91291,9,,,1,30,,91312,9,,,1,70,,91292,9,,,1,30,,91313,9,,,1,70,,91293,9,,,1,30,,91314,9,,,1,70,,91294,9,,,1,30,,91315,9,,,1,70,,91295,9,,,1,30,,91316,9,,,1,70,,91296,9,,,1,30,,91317,9,,,1,70,,91297,9,,,1,30,,91318,9,,,1,70,,91298,9,,,1,30,,91319,9,,,1,70,,91299,9,,,1,30,,91320,9,,,1,70,,91300,9,,,1,30,,91321,9,,,1,70,,91301,9,,,1,30,,91322,9,,,1,70,,91302,9,,,1,30,,91323,9,,,1,70,,91303,9,,,1,30,,91324,9,,,1,70,,91304,9,,,1,30,,91325,9,,,1,70,,91305,9,,,1
901,'20261110',520,,91331,9,,,1,30,,91352,9,,,1,76,,91332,9,,,1,15,,91350,9,,,1,10,,91353,9,,,1,50,,91373,5,,,1,10,,91370,9,,,1,10,,91333,9,,,1,10,,91372,5,,,1,10,,91351,9,,,1,10,,91354,9,,,1,50,,91374,5,,,1,10,,91371,9,,,1,16,,91334,9,,,1,30,,91355,9,,,1,70,,91335,9,,,1,30,,91356,9,,,1,70,,91336,9,,,1,30,,91357,9,,,1,70,,91337,9,,,1,30,,91358,9,,,1,70,,91338,9,,,1,30,,91359,9,,,1,70,,91339,9,,,1,30,,91360,9,,,1,70,,91340,9,,,1,30,,91361,9,,,1,70,,91341,9,,,1,30,,91362,9,,,1,70,,91342,9,,,1,30,,91363,9,,,1,70,,91343,9,,,1,30,,91364,9,,,1,70,,91344,9,,,1,30,,91365,9,,,1,70,,91345,9,,,1,30,,91366,9,,,1,70,,91346,9,,,1,30,,91367,9,,,1,70,,91347,9,,,1,30,,91368,9,,,1,70,,91348,9,,,1,30,,91369,9,,,1,70,,91349,9,,,1
901,'20261111',520,,91375,9,,,1,30,,91396,9,,,1,76,,91376,9,,,1,15,,91394,9,,,1,10,,91397,9,,,1,50,,91417,5,,,1,10,,91414,9,,,1,10,,91377,9,,,1,10,,91416,5,,,1,10,,91395,9,,,1,10,,91398,9,,,1,50,,91418,5,,,1,10,,91415,9,,,1,16,,91378,9,,,1,30,,91399,9,,,1,70,,91379,9,,,1,30,,91400,9,,,1,70,,91380,9,,,1,30,,91401,9,,,1,70,,91381,9,,,1,30,,91402,9,,,1,70,,91382,9,,,1,30,,91403,9,,,1,70,,91383,9,,,1,30,,91404,9,,,1,70,,91384,9,,,1,30,,91405,9,,,1,70,,91385,9,,,1,30,,91406,9,,,1,70,,91386,9,,,1,30,,91407,9,,,1,70,,91387,9,,,1,30,,91408,9,,,1,70,,91388,9,,,1,30,,91409,9,,,1,70,,91389,9,,,1,30,,91410,9,,,1,70,,91390,9,,,1,30,,91411,9,,,1,70,,91391,9,,,1,30,,91412,9,,,1,70,,91392,9,,,1,30,,91413,9,,,1,70,,91393,9,,,1
901,'20261112',520,,91419,9,,,1,30,,91440,9,,,1,76,,91420,9,,,1,15,,91438,9,,,1,10,,91441,9,,,1,50,,91461,5,,,1,10,,91458,9,,,1,10,,91421,9,,,1,10,,91460,5,,,1,10,,91439,9,,,1,10,,91442,9,,,1,50,,91462,5,,,1,10,,91459,9,,,1,16,,91422,9,,,1,30,,91443,9,,,1,70,,91423,9,,,1,30,,91444,9,,,1,70,,91424,9,,,1,30,,91445,9,,,1,70,,91425,9,,,1,30,,91446,9,,,1,70,,91426,9,,,1,30,,91447,9,,,1,70,,91427,9,,,1,30,,91448,9,,,1,70,,91428,9,,,1,30,,91449,9,,,1,70,,91429,9,,,1,30,,91450,9,,,1,70,,91430,9,,,1,30,,91451,9,,,1,70,,91431,9,,,1,30,,91452,9,,,1,70,,91432,9,,,1,30,,91453,9,,,1,70,,91433,9,,,1,30,,91454,9,,,1,70,,91434,9,,,1,30,,91455,9,,,1,70,,91435,9,,,1,30,,91456,9,,,1,70,,91436,9,,,1,30,,91457,9,,,1,70,,91437,9,,,1
901,'20261113',520,,91463,9,,,1,30,,91484,9,,,1,76,,91464,9,,,1,15,,91482,9,,,1,10,,91485,9,,,1,50,,91506,5,,,1,10,,91503,9,,,1,10,,91465,9,,,1,10,,91505,5,,,1,10,,91483,9,,,1,10,,91486,9,,,1,50,,91507,5,,,1,10,,91504,9,,,1,16,,91466,9,,,1,30,,91487,9,,,1,70,,91467,9,,,1,30,,91488,9,,,1,70,,91468,9,,,1,30,,91489,9,,,1,70,,91469,9,,,1,30,,91490,9,,,1,70,,91470,9,,,1,30,,91491,9,,,1,70,,91471,9,,,1,30,,91492,9,,,1,70,,91472,9,,,1,30,,91493,9,,,1,70,,91473,9,,,1,30,,91494,9,,,1,70,,91474,9,,,1,30,,91495,9,,,1,70,,91475,9,,,1,30,,91496,9,,,1,70,,91476,9,,,1,30,,91497,9,,,1,70,,91477,9,,,1,30,,91498,9,,,1,70,,91478,9,,,1,30,,91499,9,,,1,70,,91479,9,,,1,30,,91500,9,,,1,70,,91480,9,,,1,30,,91501,9,,,1,70,,91481,9,,,1,30,,91502,9,,,1
901,'20261114',757,,91524,9,,,1,70,,91508,9,,,1,30,,91525,9,,,1,70,,91509,9,,,1,30,,91526,9,,,1,70,,91510,9,,,1,30,,91527,9,,,1,70,,91511,9,,,1,30,,91528,9,,,1,70,,91512,9,,,1,30,,91529,9,,,1,70,,91513,9,,,1,30,,91530,9,,,1,70,,91514,9,,,1,30,,91531,9,,,1,70,,91515,9,,,1,30,,91532,9,,,1,70,,91516,9,,,1,30,,91533,9,,,1,70,,91517,9,,,1,30,,91534,9,,,1,70,,91518,9,,,1,30,,91535,9,,,1,70,,91519,9,,,1,30,,91536,9,,,1,70,,91520,9,,,1,30,,91537,9,,,1,70,,91521,9,,,1,30,,91538,9,,,1,70,,91522,9,,,1,30,,91539,9,,,1,70,,91523,9,,,1,30,,91540,9,,,1
901,'20261115',757,,91557,9,,,1,70,,92371,9,,,1,30,,91558,9,,,1,70,,92372,9,,,1,30,,91559,9,,,1,70,,92373,9,,,1,30,,91560,9,,,1,70,,92374,9,,,1,30,,91561,9,,,1,70,,92375,9,,,1,30,,91562,9,,,1,70,,92376,9,,,1,30,,91563,9,,,1,70,,92377,9,,,1,30,,91564,9,,,1,70,,92378,9,,,1,30,,91565,9,,,1,70,,92379,9,,,1,30,,91566,9,,,1,70,,92380,9,,,1,30,,91567,9,,,1,70,,92381,9,,,1,30,,91568,9,,,1,70,,92382,9,,,1,30,,91569,9,,,1,70,,92383,9,,,1,30,,91570,9,,,1,70,,92384,9,,,1,30,,91571,9,,,1,70,,92385,9,,,1,30,,91572,9,,,1,70,,92386,9,,,1
901,'20261116',520,,91573,9,,,1,30,,91594,9,,,1,76,,91574,9,,,1,15,,91592,9,,,1,10,,91595,9,,,1,50,,91615,5,,,1,10,,91612,9,,,1,10,,91575,9,,,1,10,,91614,5,,,1,10,,91593,9,,,1,10,,91596,9,,,1,50,,91616,5,,,1,10,,91613,9,,,1,16,,91576,9,,,1,30,,91597,9,,,1,70,,91577,9,,,1,30,,91598,9,,,1,70,,91578,9,,,1,30,,91599,9,,,1,70,,91579,9,,,1,30,,91600,9,,,1,70,,91580,9,,,1,30,,91601,9,,,1,70,,91581,9,,,1,30,,91602,9,,,1,70,,91582,9,,,1,30,,91603,9,,,1,70,,91583,9,,,1,30,,91604,9,,,1,70,,91584,9,,,1,30,,91605,9,,,1,70,,91585,9,,,1,30,,91606,9,,,1,70,,91586,9,,,1,30,,91607,9,,,1,70,,91587,9,,,1,30,,91608,9,,,1,70,,91588,9,,,1,30,,91609,9,,,1,70,,91589,9,,,1,30,,91610,9,,,1,70,,91590,9,,,1,30,,91611,9,,,1,70,,91591,9,,,1
901,'20261117',520,,91617,9,,,1,30,,91638,9,,,1,76,,91618,9,,,1,15,,91636,9,,,1,10,,91639,9,,,1,50,,91659,5,,,1,10,,91656,9,,,1,10,,91619,9,,,1,10,,91658,5,,,1,10,,91637,9,,,1,10,,91640,9,,,1,50,,91660,5,,,1,10,,91657,9,,,1,16,,91620,9,,,1,30,,91641,9,,,1,70,,91621,9,,,1,30,,91642,9,,,1,70,,91622,9,,,1,30,,91643,9,,,1,70,,91623,9,,,1,30,,91644,9,,,1,70,,91624,9,,,1,30,,91645,9,,,1,70,,91625,9,,,1,30,,91646,9,,,1,70,,91626,9,,,1,30,,91647,9,,,1,70,,91627,9,,,1,30,,91648,9,,,1,70,,91628,9,,,1,30,,91649,9,,,1,70,,91629,9,,,1,30,,91650,9,,,1,70,,91630,9,,,1,30,,91651,9,,,1,70,,91631,9,,,1,30,,91652,9,,,1,70,,91632,9,,,1,30,,91653,9,,,1,70,,91633,9,,,1,30,,91654,9,,,1,70,,91634,9,,,1,30,,91655,9,,,1,70,,91635,9,,,1
901,'20261118',520,,91661,9,,,1,30,,91682,9,,,1,76,,91662,9,,,1,15,,91680,9,,,1,10,,91683,9,,,1,50,,91703,5,,,1,10,,91700,9,,,1,10,,91663,9,,,1,10,,91702,5,,,1,10,,91681,9,,,1,10,,91684,9,,,1,50,,91704,5,,,1,10,,91701,9,,,1,16,,91664,9,,,1,30,,91685,9,,,1,70,,91665,9,,,1,30,,91686,9,,,1,70,,91666,9,,,1,30,,91687,9,,,1,70,,91667,9,,,1,30,,91688,9,,,1,70,,91668,9,,,1,30,,91689,9,,,1,70,,91669,9,,,1,30,,91690,9,,,1,70,,91670,9,,,1,30,,91691,9,,,1,70,,91671,9,,,1,30,,91692,9,,,1,70,,91672,9,,,1,30,,91693,9,,,1,70,,91673,9,,,1,30,,91694,9,,,1,70,,91674,9,,,1,30,,91695,9,,,1,70,,91675,9,,,1,30,,91696,9,,,1,70,,91676,9,,,1,30,,91697,9,,,1,70,,91677,9,,,1,30,,91698,9,,,1,70,,91678,9,,,1,30,,91699,9,,,1,70,,91679,9,,,1
901,'20261119',520,,91705,9,,,1,30,,91726,9,,,1,76,,91706,9,,,1,15,,91724,9,,,1,10,,91727,9,,,1,50,,91747,5,,,1,10,,91744,9,,,1,10,,91707,9,,,1,10,,91746,5,,,1,10,,91725,9,,,1,10,,91728,9,,,1,50,,91748,5,,,1,10,,91745,9,,,1,16,,91708,9,,,1,30,,91729,9,,,1,70,,91709,9,,,1,30,,91730,9,,,1,70,,91710,9,,,1,30,,91731,9,,,1,70,,91711,9,,,1,30,,91732,9,,,1,70,,91712,9,,,1,30,,91733,9,,,1,70,,91713,9,,,1,30,,91734,9,,,1,70,,91714,9,,,1,30,,91735,9,,,1,70,,91715,9,,,1,30,,91736,9,,,1,70,,91716,9,,,1,30,,91737,9,,,1,70,,91717,9,,,1,30,,91738,9,,,1,70,,91718,9,,,1,30,,91739,9,,,1,70,,91719,9,,,1,30,,91740,9,,,1,70,,91720,9,,,1,30,,91741,9,,,1,70,,91721,9,,,1,30,,91742,9,,,1,70,,91722,9,,,1,30,,91743,9,,,1,70,,91723,9,,,1
901,'20261120',520,,91749,9,,,1,30,,91770,9,,,1,76,,91750,9,,,1,15,,91768,9,,,1,10,,91771,9,,,1,50,,91792,5,,,1,10,,91789,9,,,1,10,,91751,9,,,1,10,,91791,5,,,1,10,,91769,9,,,1,10,,91772,9,,,1,50,,91793,5,,,1,10,,91790,9,,,1,16,,91752,9,,,1,30,,91773,9,,,1,70,,91753,9,,,1,30,,91774,9,,,1,70,,91754,9,,,1,30,,91775,9,,,1,70,,91755,9,,,1,30,,91776,9,,,1,70,,91756,9,,,1,30,,91777,9,,,1,70,,91757,9,,,1,30,,91778,9,,,1,70,,91758,9,,,1,30,,91779,9,,,1,70,,91759,9,,,1,30,,91780,9,,,1,70,,91760,9,,,1,30,,91781,9,,,1,70,,91761,9,,,1,30,,91782,9,,,1,70,,91762,9,,,1,30,,91783,9,,,1,70,,91763,9,,,1,30,,91784,9,,,1,70,,91764,9,,,1,30,,91785,9,,,1,70,,91765,9,,,1,30,,91786,9,,,1,70,,91766,9,,,1,30,,91787,9,,,1,70,,91767,9,,,1,30,,91788,9,,,1
901,'20261121',757,,91810,9,,,1,70,,91794,9,,,1,30,,91811,9,,,1,70,,91795,9,,,1,30,,91812,9,,,1,70,,91796,9,,,1,30,,91813,9,,,1,70,,91797,9,,,1,30,,91814,9,,,1,70,,91798,9,,,1,30,,91815,9,,,1,70,,91799,9,,,1,30,,91816,9,,,1,70,,91800,9,,,1,30,,91817,9,,,1,70,,91801,9,,,1,30,,91818,9,,,1,70,,91802,9,,,1,30,,91819,9,,,1,70,,91803,9,,,1,30,,91820,9,,,1,70,,91804,9,,,1,30,,91821,9,,,1,70,,91805,9,,,1,30,,91822,9,,,1,70,,91806,9,,,1,30,,91823,9,,,1,70,,91807,9,,,1,30,,91824,9,,,1,70,,91808,9,,,1,30,,91825,9,,,1,70,,91809,9,,,1,30,,91826,9,,,1
901,'20261122',757,,91843,9,,,1,70,,92387,9,,,1,30,,91844,9,,,1,70,,92388,9,,,1,30,,91845,9,,,1,70,,92389,9,,,1,30,,91846,9,,,1,70,,92390,9,,,1,30,,91847,9,,,1,70,,92391,9,,,1,30,,91848,9,,,1,70,,92392,9,,,1,30,,91849,9,,,1,70,,92393,9,,,1,30,,91850,9,,,1,70,,92394,9,,,1,30,,91851,9,,,1,70,,92395,9,,,1,30,,91852,9,,,1,70,,92396,9,,,1,30,,91853,9,,,1,70,,92397,9,,,1,30,,91854,9,,,1,70,,92398,9,,,1,30,,91855,9,,,1,70,,92399,9,,,1,30,,91856,9,,,1,70,,92400,9,,,1,30,,91857,9,,,1,70,,92401,9,,,1,30,,91858,9,,,1,70,,92402,9,,,1
901,'20261123',520,,91859,9,,,1,30,,91880,9,,,1,76,,91860,9,,,1,15,,91878,9,,,1,10,,91881,9,,,1,50,,91901,5,,,1,10,,91898,9,,,1,10,,91861,9,,,1,10,,91900,5,,,1,10,,91879,9,,,1,10,,91882,9,,,1,50,,91902,5,,,1,10,,91899,9,,,1,16,,91862,9,,,1,30,,91883,9,,,1,70,,91863,9,,,1,30,,91884,9,,,1,70,,91864,9,,,1,30,,91885,9,,,1,70,,91865,9,,,1,30,,91886,9,,,1,70,,91866,9,,,1,30,,91887,9,,,1,70,,91867,9,,,1,30,,91888,9,,,1,70,,91868,9,,,1,30,,91889,9,,,1,70,,91869,9,,,1,30,,91890,9,,,1,70,,91870,9,,,1,30,,91891,9,,,1,70,,91871,9,,,1,30,,91892,9,,,1,70,,91872,9,,,1,30,,91893,9,,,1,70,,91873,9,,,1,30,,91894,9,,,1,70,,91874,9,,,1,30,,91895,9,,,1,70,,91875,9,,,1,30,,91896,9,,,1,70,,91876,9,,,1,30,,91897,9,,,1,70,,91877,9,,,1
901,'20261124',520,,91903,9,,,1,30,,91924,9,,,1,76,,91904,9,,,1,15,,91922,9,,,1,10,,91925,9,,,1,50,,91945,5,,,1,10,,91942,9,,,1,10,,91905,9,,,1,10,,91944,5,,,1,10,,91923,9,,,1,10,,91926,9,,,1,50,,91946,5,,,1,10,,91943,9,,,1,16,,91906,9,,,1,30,,91927,9,,,1,70,,91907,9,,,1,30,,91928,9,,,1,70,,91908,9,,,1,30,,91929,9,,,1,70,,91909,9,,,1,30,,91930,9,,,1,70,,91910,9,,,1,30,,91931,9,,,1,70,,91911,9,,,1,30,,91932,9,,,1,70,,91912,9,,,1,30,,91933,9,,,1,70,,91913,9,,,1,30,,91934,9,,,1,70,,91914,9,,,1,30,,91935,9,,,1,70,,91915,9,,,1,30,,91936,9,,,1,70,,91916,9,,,1,30,,91937,9,,,1,70,,91917,9,,,1,30,,91938,9,,,1,70,,91918,9,,,1,30,,91939,9,,,1,70,,91919,9,,,1,30,,91940,9,,,1,70,,91920,9,,,1,30,,91941,9,,,1,70,,91921,9,,,1
901,'20261125',520,,91947,9,,,1,30,,91968,9,,,1,76,,91948,9,,,1,15,,91966,9,,,1,10,,91969,9,,,1,50,,91989,5,,,1,10,,91986,9,,,1,10,,91949,9,,,1,10,,91988,5,,,1,10,,91967,9,,,1,10,,91970,9,,,1,50,,91990,5,,,1,10,,91987,9,,,1,16,,91950,9,,,1,30,,91971,9,,,1,70,,91951,9,,,1,30,,91972,9,,,1,70,,91952,9,,,1,30,,91973,9,,,1,70,,91953,9,,,1,30,,91974,9,,,1,70,,91954,9,,,1,30,,91975,9,,,1,70,,91955,9,,,1,30,,91976,9,,,1,70,,91956,9,,,1,30,,91977,9,,,1,70,,91957,9,,,1,30,,91978,9,,,1,70,,91958,9,,,1,30,,91979,9,,,1,70,,91959,9,,,1,30,,91980,9,,,1,70,,91960,9,,,1,30,,91981,9,,,1,70,,91961,9,,,1,30,,91982,9,,,1,70,,91962,9,,,1,30,,91983,9,,,1,70,,91963,9,,,1,30,,91984,9,,,1,70,,91964,9,,,1,30,,91985,9,,,1,70,,91965,9,,,1
901,'20261126',520,,91991,9,,,1,30,,92012,9,,,1,76,,91992,9,,,1,15,,92010,9,,,1,10,,92013,9,,,1,50,,92033,5,,,1,10,,92030,9,,,1,10,,91993,9,,,1,10,,92032,5,,,1,10,,92011,9,,,1,10,,92014,9,,,1,50,,92034,5,,,1,10,,92031,9,,,1,16,,91994,9,,,1,30,,92015,9,,,1,70,,91995,9,,,1,30,,92016,9,,,1,70,,91996,9,,,1,30,,92017,9,,,1,70,,91997,9,,,1,30,,92018,9,,,1,70,,91998,9,,,1,30,,92019,9,,,1,70,,91999,9,,,1,30,,92020,9,,,1,70,,92000,9,,,1,30,,92021,9,,,1,70,,92001,9,,,1,30,,92022,9,,,1,70,,92002,9,,,1,30,,92023,9,,,1,70,,92003,9,,,1,30,,92024,9,,,1,70,,92004,9,,,1,30,,92025,9,,,1,70,,92005,9,,,1,30,,92026,9,,,1,70,,92006,9,,,1,30,,92027,9,,,1,70,,92007,9,,,1,30,,92028,9,,,1,70,,92008,9,,,1,30,,92029,9,,,1,70,,92009,9,,,1
901,'20261127',520,,92035,9,,,1,30,,92056,9,,,1,76,,92036,9,,,1,15,,92054,9,,,1,10,,92057,9,,,1,50,,92078,5,,,1,10,,92075,9,,,1,10,,92037,9,,,1,10,,92077,5,,,1,10,,92055,9,,,1,10,,92058,9,,,1,50,,92079,5,,,1,10,,92076,9,,,1,16,,92038,9,,,1,30,,92059,9,,,1,70,,92039,9,,,1,30,,92060,9,,,1,70,,92040,9,,,1,30,,92061,9,,,1,70,,92041,9,,,1,30,,92062,9,,,1,70,,92042,9,,,1,30,,92063,9,,,1,70,,92043,9,,,1,30,,92064,9,,,1,70,,92044,9,,,1,30,,92065,9,,,1,70,,92045,9,,,1,30,,92066,9,,,1,70,,92046,9,,,1,30,,92067,9,,,1,70,,92047,9,,,1,30,,92068,9,,,1,70,,92048,9,,,1,30,,92069,9,,,1,70,,92049,9,,,1,30,,92070,9,,,1,70,,92050,9,,,1,30,,92071,9,,,1,70,,92051,9,,,1,30,,92072,9,,,1,70,,92052,9,,,1,30,,92073,9,,,1,70,,92053,9,,,1,30,,92074,9,,,1
