600,'20260917',1632,,82367,23,,,1,100,,82368,23,,,1,70,,82366,23,,,1,30,,82369,23,,,1,100,,82370,23,,,1
600,'20260918',1632,,82372,23,,,1,100,,82373,23,,,1,70,,82371,23,,,1,30,,82374,23,,,1,100,,82375,23,,,1
600,'20260921',1632,,82377,23,,,1,100,,82378,23,,,1,70,,82376,23,,,1,30,,82379,23,,,1,100,,82380,23,,,1
600,'20260922',1632,,82382,23,,,1,100,,82383,23,,,1,70,,82381,23,,,1,30,,82384,23,,,1,100,,82385,23,,,1
600,'20260923',1632,,82387,23,,,1,100,,82388,23,,,1,70,,82386,23,,,1,30,,82389,23,,,1,100,,82390,23,,,1
600,'20260924',1632,,82392,23,,,1,100,,82393,23,,,1,70,,82391,23,,,1,30,,82394,23,,,1,100,,82395,23,,,1
600,'20260925',1632,,82397,23,,,1,100,,82398,23,,,1,70,,82396,23,,,1,30,,82399,23,,,1,100,,82400,23,,,1
600,'20260928',1632,,82402,23,,,1,100,,82403,23,,,1,70,,82401,23,,,1,30,,82404,23,,,1,100,,82405,23,,,1
600,'20260929',1632,,82407,23,,,1,100,,82408,23,,,1,70,,82406,23,,,1,30,,82409,23,,,1,100,,82410,23,,,1
600,'20260930',1632,,82412,23,,,1,100,,82413,23,,,1,70,,82411,23,,,1,30,,82414,23,,,1,100,,82415,23,,,1
600,'20261001',1632,,82417,23,,,1,100,,82418,23,,,1,70,,82416,23,,,1,30,,82419,23,,,1,100,,82420,23,,,1
600,'20261002',1632,,82422,23,,,1,100,,82423,23,,,1,70,,82421,23,,,1,30,,82424,23,,,1,100,,82425,23,,,1
600,'20261005',1632,,82427,23,,,1,100,,82428,23,,,1,70,,82426,23,,,1,30,,82429,23,,,1,100,,82430,23,,,1
600,'20261006',1632,,82432,23,,,1,100,,82433,23,,,1,70,,82431,23,,,1,30,,82434,23,,,1,100,,82435,23,,,1
600,'20261007',1632,,82437,23,,,1,100,,82438,23,,,1,70,,82436,23,,,1,30,,82439,23,,,1,100,,82440,23,,,1
600,'20261008',1632,,82442,23,,,1,100,,82443,23,,,1,70,,82441,23,,,1,30,,82444,23,,,1,100,,82445,23,,,1
600,'20261009',1632,,82447,23,,,1,100,,82448,23,,,1,70,,82446,23,,,1,30,,82449,23,,,1,100,,82450,23,,,1
600,'20261012',1632,,82452,23,,,1,100,,82453,23,,,1,70,,82451,23,,,1,30,,82454,23,,,1,100,,82455,23,,,1
600,'20261013',1632,,82457,23,,,1,100,,82458,23,,,1,70,,82456,23,,,1,30,,82459,23,,,1,100,,82460,23,,,1
600,'20261014',1632,,82462,23,,,1,100,,82463,23,,,1,70,,82461,23,,,1,30,,82464,23,,,1,100,,82465,23,,,1
600,'20261015',1632,,82467,23,,,1,100,,82468,23,,,1,70,,82466,23,,,1,30,,82469,23,,,1,100,,82470,23,,,1
600,'20261016',1632,,82472,23,,,1,100,,82473,23,,,1,70,,82471,23,,,1,30,,82474,23,,,1,100,,82475,23,,,1
600,'20261019',1632,,82477,23,,,1,100,,82478,23,,,1,70,,82476,23,,,1,30,,82479,23,,,1,100,,82480,23,,,1
600,'20261020',1632,,82482,23,,,1,100,,82483,23,,,1,70,,82481,23,,,1,30,,82484,23,,,1,100,,82485,23,,,1
600,'20261021',1632,,82487,23,,,1,100,,82488,23,,,1,70,,82486,23,,,1,30,,82489,23,,,1,100,,82490,23,,,1
600,'20261022',1632,,82492,23,,,1,100,,82493,23,,,1,70,,82491,23,,,1,30,,82494,23,,,1,100,,82495,23,,,1
600,'20261023',1632,,82497,23,,,1,100,,82498,23,,,1,70,,82496,23,,,1,30,,82499,23,,,1,100,,82500,23,,,1
600,'20261026',1632,,82502,23,,,1,100,,82503,23,,,1,70,,82501,23,,,1,30,,82504,23,,,1,100,,82505,23,,,1
600,'20261027',1632,,82507,23,,,1,100,,82508,23,,,1,70,,82506,23,,,1,30,,82509,23,,,1,100,,82510,23,,,1
600,'20261028',1632,,82512,23,,,1,100,,82513,23,,,1,70,,82511,23,,,1,30,,82514,23,,,1,100,,82515,23,,,1
600,'20261029',1632,,82517,23,,,1,100,,82518,23,,,1,70,,82516,23,,,1,30,,82519,23,,,1,100,,82520,23,,,1
600,'20261030',1632,,82522,23,,,1,100,,82523,23,,,1,70,,82521,23,,,1,30,,82524,23,,,1,100,,82525,23,,,1
600,'20261102',1632,,82527,23,,,1,100,,82528,23,,,1,70,,82526,23,,,1,30,,82529,23,,,1,100,,82530,23,,,1
600,'20261103',1632,,82532,23,,,1,100,,82533,23,,,1,70,,82531,23,,,1,30,,82534,23,,,1,100,,82535,23,,,1
600,'20261104',1632,,82537,23,,,1,100,,82538,23,,,1,70,,82536,23,,,1,30,,82539,23,,,1,100,,82540,23,,,1
600,'20261105',1632,,82542,23,,,1,100,,82543,23,,,1,70,,82541,23,,,1,30,,82544,23,,,1,100,,82545,23,,,1
600,'20261106',1632,,82547,23,,,1,100,,82548,23,,,1,70,,82546,23,,,1,30,,82549,23,,,1,100,,82550,23,,,1
600,'20261109',1632,,82552,23,,,1,100,,82553,23,,,1,70,,82551,23,,,1,30,,82554,23,,,1,100,,82555,23,,,1
600,'20261110',1632,,82557,23,,,1,100,,82558,23,,,1,70,,82556,23,,,1,30,,82559,23,,,1,100,,82560,23,,,1
600,'20261111',1632,,82562,23,,,1,100,,82563,23,,,1,70,,82561,23,,,1,30,,82564,23,,,1,100,,82565,23,,,1
600,'20261112',1632,,82567,23,,,1,100,,82568,23,,,1,70,,82566,23,,,1,30,,82569,23,,,1,100,,82570,23,,,1
600,'20261113',1632,,82572,23,,,1,100,,82573,23,,,1,70,,82571,23,,,1,30,,82574,23,,,1,100,,82575,23,,,1
600,'20261116',1632,,82577,23,,,1,100,,82578,23,,,1,70,,82576,23,,,1,30,,82579,23,,,1,100,,82580,23,,,1
600,'20261117',1632,,82582,23,,,1,100,,82583,23,,,1,70,,82581,23,,,1,30,,82584,23,,,1,100,,82585,23,,,1
600,'20261118',1632,,82587,23,,,1,100,,82588,23,,,1,70,,82586,23,,,1,30,,82589,23,,,1,100,,82590,23,,,1
600,'20261119',1632,,82592,23,,,1,100,,82593,23,,,1,70,,82591,23,,,1,30,,82594,23,,,1,100,,82595,23,,,1
600,'20261120',1632,,82597,23,,,1,100,,82598,23,,,1,70,,82596,23,,,1,30,,82599,23,,,1,100,,82600,23,,,1
600,'20261123',1632,,82602,23,,,1,100,,82603,23,,,1,70,,82601,23,,,1,30,,82604,23,,,1,100,,82605,23,,,1
600,'20261124',1632,,82607,23,,,1,100,,82608,23,,,1,70,,82606,23,,,1,30,,82609,23,,,1,100,,82610,23,,,1
600,'20261125',1632,,82612,23,,,1,100,,82613,23,,,1,70,,82611,23,,,1,30,,82614,23,,,1,100,,82615,23,,,1
600,'20261126',1632,,82617,23,,,1,100,,82618,23,,,1,70,,82616,23,,,1,30,,82619,23,,,1,100,,82620,23,,,1
600,'20261127',1632,,82622,23,,,1,100,,82623,23,,,1,70,,82621,23,,,1,30,,82624,23,,,1,100,,82625,23,,,1
601,'20260917',609,,82654,7,,,1,101,,82655,7,,,1,30,,82657,7,,,1,70,,82656,7,,,1
601,'20260918',609,,82658,7,,,1,101,,82659,7,,,1,30,,82661,7,,,1,70,,82660,7,,,1
601,'20260921',609,,82662,7,,,1,101,,82663,7,,,1,30,,82665,7,,,1,70,,82664,7,,,1
601,'20260922',609,,82666,7,,,1,101,,82667,7,,,1,30,,82669,7,,,1,70,,82668,7,,,1
601,'20260923',609,,82670,7,,,1,101,,82671,7,,,1,30,,82673,7,,,1,70,,82672,7,,,1
601,'20260924',609,,82674,7,,,1,101,,82675,7,,,1,30,,82677,7,,,1,70,,82676,7,,,1
601,'20260925',609,,82678,7,,,1,101,,82679,7,,,1,30,,82681,7,,,1,70,,82680,7,,,1
601,'20260928',609,,82682,7,,,1,101,,82683,7,,,1,30,,82685,7,,,1,70,,82684,7,,,1
601,'20260929',609,,82686,7,,,1,101,,82687,7,,,1,30,,82689,7,,,1,70,,82688,7,,,1
601,'20260930',609,,82690,7,,,1,101,,82691,7,,,1,30,,82693,7,,,1,70,,82692,7,,,1
601,'20261001',609,,82694,7,,,1,101,,82695,7,,,1,30,,82697,7,,,1,70,,82696,7,,,1
601,'20261002',609,,82698,7,,,1,101,,82699,7,,,1,30,,82701,7,,,1,70,,82700,7,,,1
601,'20261005',609,,82702,7,,,1,101,,82703,7,,,1,30,,82705,7,,,1,70,,82704,7,,,1
601,'20261006',609,,82706,7,,,1,101,,82707,7,,,1,30,,82709,7,,,1,70,,82708,7,,,1
601,'20261007',609,,82710,7,,,1,101,,82711,7,,,1,30,,82713,7,,,1,70,,82712,7,,,1
601,'20261008',609,,82714,7,,,1,101,,82715,7,,,1,30,,82717,7,,,1,70,,82716,7,,,1
601,'20261009',609,,82718,7,,,1,101,,82719,7,,,1,30,,82721,7,,,1,70,,82720,7,,,1
601,'20261012',609,,82722,7,,,1,101,,82723,7,,,1,30,,82725,7,,,1,70,,82724,7,,,1
601,'20261013',609,,82726,7,,,1,101,,82727,7,,,1,30,,82729,7,,,1,70,,82728,7,,,1
601,'20261014',609,,82730,7,,,1,101,,82731,7,,,1,30,,82733,7,,,1,70,,82732,7,,,1
601,'20261015',609,,82734,7,,,1,101,,82735,7,,,1,30,,82737,7,,,1,70,,82736,7,,,1
601,'20261016',609,,82738,7,,,1,101,,82739,7,,,1,30,,82741,7,,,1,70,,82740,7,,,1
601,'20261019',609,,82742,7,,,1,101,,82743,7,,,1,30,,82745,7,,,1,70,,82744,7,,,1
601,'20261020',609,,82746,7,,,1,101,,82747,7,,,1,30,,82749,7,,,1,70,,82748,7,,,1
601,'20261021',609,,82750,7,,,1,101,,82751,7,,,1,30,,82753,7,,,1,70,,82752,7,,,1
601,'20261022',609,,82754,7,,,1,101,,82755,7,,,1,30,,82757,7,,,1,70,,82756,7,,,1
601,'20261023',609,,82758,7,,,1,101,,82759,7,,,1,30,,82761,7,,,1,70,,82760,7,,,1
601,'20261026',609,,82762,7,,,1,101,,82763,7,,,1,30,,82765,7,,,1,70,,82764,7,,,1
601,'20261027',609,,82766,7,,,1,101,,82767,7,,,1,30,,82769,7,,,1,70,,82768,7,,,1
601,'20261028',609,,82770,7,,,1,101,,82771,7,,,1,30,,82773,7,,,1,70,,82772,7,,,1
601,'20261029',609,,82774,7,,,1,101,,82775,7,,,1,30,,82777,7,,,1,70,,82776,7,,,1
601,'20261030',609,,82778,7,,,1,101,,82779,7,,,1,30,,82781,7,,,1,70,,82780,7,,,1
601,'20261102',609,,82782,7,,,1,101,,82783,7,,,1,30,,82785,7,,,1,70,,82784,7,,,1
601,'20261103',609,,82786,7,,,1,101,,82787,7,,,1,30,,82789,7,,,1,70,,82788,7,,,1
601,'20261104',609,,82790,7,,,1,101,,82791,7,,,1,30,,82793,7,,,1,70,,82792,7,,,1
601,'20261105',609,,82794,7,,,1,101,,82795,7,,,1,30,,82797,7,,,1,70,,82796,7,,,1
601,'20261106',609,,82798,7,,,1,101,,82799,7,,,1,30,,82801,7,,,1,70,,82800,7,,,1
601,'20261109',609,,82802,7,,,1,101,,82803,7,,,1,30,,82805,7,,,1,70,,82804,7,,,1
601,'20261110',609,,82806,7,,,1,101,,82807,7,,,1,30,,82809,7,,,1,70,,82808,7,,,1
601,'20261111',609,,82810,7,,,1,101,,82811,7,,,1,30,,82813,7,,,1,70,,82812,7,,,1
601,'20261112',609,,82814,7,,,1,101,,82815,7,,,1,30,,82817,7,,,1,70,,82816,7,,,1
601,'20261113',609,,82818,7,,,1,101,,82819,7,,,1,30,,82821,7,,,1,70,,82820,7,,,1
601,'20261116',609,,82822,7,,,1,101,,82823,7,,,1,30,,82825,7,,,1,70,,82824,7,,,1
601,'20261117',609,,82826,7,,,1,101,,82827,7,,,1,30,,82829,7,,,1,70,,82828,7,,,1
601,'20261118',609,,82830,7,,,1,101,,82831,7,,,1,30,,82833,7,,,1,70,,82832,7,,,1
601,'20261119',609,,82834,7,,,1,101,,82835,7,,,1,30,,82837,7,,,1,70,,82836,7,,,1
601,'20261120',609,,82838,7,,,1,101,,82839,7,,,1,30,,82841,7,,,1,70,,82840,7,,,1
601,'20261123',609,,82842,7,,,1,101,,82843,7,,,1,30,,82845,7,,,1,70,,82844,7,,,1
601,'20261124',609,,82846,7,,,1,101,,82847,7,,,1,30,,82849,7,,,1,70,,82848,7,,,1
601,'20261125',609,,82850,7,,,1,101,,82851,7,,,1,30,,82853,7,,,1,70,,82852,7,,,1
601,'20261126',609,,82854,7,,,1,101,,82855,7,,,1,30,,82857,7,,,1,70,,82856,7,,,1
601,'20261127',609,,82858,7,,,1,101,,82859,7,,,1,30,,82861,7,,,1,70,,82860,7,,,1
