200,'20260821',1631,,42160,30,,,1,70,,42161,30,,,1,15,,42162,30,,,1,15,,42163,30,,,1,15,,42164,30,,,1,55,,42165,30,,,1,15,,42166,30,,,1,30,,42167,30,,,1,70,,42168,30,,,1,85,,42169,30,,,1
200,'20260824',1631,,64815,30,,,1,70,,64816,30,,,1,15,,64817,30,,,1,15,,64818,30,,,1,15,,64819,30,,,1,55,,64820,30,,,1,15,,64821,30,,,1,30,,64822,30,,,1,70,,64823,30,,,1,85,,64824,30,,,1
200,'20260825',1631,,42180,30,,,1,70,,42181,30,,,1,15,,42182,30,,,1,15,,42183,30,,,1,15,,42184,30,,,1,55,,42185,30,,,1,15,,42186,30,,,1,30,,42187,30,,,1,70,,42188,30,,,1,85,,42189,30,,,1
200,'20260826',1631,,42190,30,,,1,70,,42191,30,,,1,15,,42192,30,,,1,15,,42193,30,,,1,15,,42194,30,,,1,55,,42195,30,,,1,15,,42196,30,,,1,30,,42197,30,,,1,70,,42198,30,,,1,85,,42199,30,,,1
200,'20260827',1631,,42200,30,,,1,70,,42201,30,,,1,15,,42202,30,,,1,15,,42203,30,,,1,15,,42204,30,,,1,55,,42205,30,,,1,15,,42206,30,,,1,30,,42207,30,,,1,70,,42208,30,,,1,85,,42209,30,,,1
200,'20260828',1631,,42210,30,,,1,70,,42211,30,,,1,15,,42212,30,,,1,15,,42213,30,,,1,15,,42214,30,,,1,55,,42215,30,,,1,15,,42216,30,,,1,30,,42217,30,,,1,70,,42218,30,,,1,85,,42219,30,,,1
200,'20260831',1631,,64825,30,,,1,70,,64826,30,,,1,15,,64827,30,,,1,15,,64828,30,,,1,15,,64829,30,,,1,55,,64830,30,,,1,15,,64831,30,,,1,30,,64832,30,,,1,70,,64833,30,,,1,85,,64834,30,,,1
200,'20260901',1631,,42230,30,,,1,70,,42231,30,,,1,15,,42232,30,,,1,15,,42233,30,,,1,15,,42234,30,,,1,55,,42235,30,,,1,15,,42236,30,,,1,30,,42237,30,,,1,70,,42238,30,,,1,85,,42239,30,,,1
200,'20260902',1631,,42240,30,,,1,70,,42241,30,,,1,15,,42242,30,,,1,15,,42243,30,,,1,15,,42244,30,,,1,55,,42245,30,,,1,15,,42246,30,,,1,30,,42247,30,,,1,70,,42248,30,,,1,85,,42249,30,,,1
200,'20260903',1631,,42250,30,,,1,70,,42251,30,,,1,15,,42252,30,,,1,15,,42253,30,,,1,15,,42254,30,,,1,55,,42255,30,,,1,15,,42256,30,,,1,30,,42257,30,,,1,70,,42258,30,,,1,85,,42259,30,,,1
200,'20260904',1631,,42260,30,,,1,70,,42261,30,,,1,15,,42262,30,,,1,15,,42263,30,,,1,15,,42264,30,,,1,55,,42265,30,,,1,15,,42266,30,,,1,30,,42267,30,,,1,70,,42268,30,,,1,85,,42269,30,,,1
201,'20260821',608,,42750,6,,,1,30,,42751,6,,,1,15,,42752,6,,,1,55,,42753,6,,,1,15,,42754,6,,,1,15,,42755,6,,,1,15,,42756,6,,,1,55,,42757,6,,,1,15,,42758,6,,,1,15,,42759,6,,,1
201,'20260824',608,,64855,6,,,1,30,,64856,6,,,1,15,,64857,6,,,1,55,,64858,6,,,1,15,,64859,6,,,1,15,,64860,6,,,1,15,,64861,6,,,1,55,,64862,6,,,1,15,,64863,6,,,1,15,,64864,6,,,1
201,'20260825',608,,42770,6,,,1,30,,42771,6,,,1,15,,42772,6,,,1,55,,42773,6,,,1,15,,42774,6,,,1,15,,42775,6,,,1,15,,42776,6,,,1,55,,42777,6,,,1,15,,42778,6,,,1,15,,42779,6,,,1
201,'20260826',608,,42780,6,,,1,30,,42781,6,,,1,15,,42782,6,,,1,55,,42783,6,,,1,15,,42784,6,,,1,15,,42785,6,,,1,15,,42786,6,,,1,55,,42787,6,,,1,15,,42788,6,,,1,15,,42789,6,,,1
201,'20260827',608,,42790,6,,,1,30,,42791,6,,,1,15,,42792,6,,,1,55,,42793,6,,,1,15,,42794,6,,,1,15,,42795,6,,,1,15,,42796,6,,,1,55,,42797,6,,,1,15,,42798,6,,,1,15,,42799,6,,,1
201,'20260828',608,,42800,6,,,1,30,,42801,6,,,1,15,,42802,6,,,1,55,,42803,6,,,1,15,,42804,6,,,1,15,,42805,6,,,1,15,,42806,6,,,1,55,,42807,6,,,1,15,,42808,6,,,1,15,,42809,6,,,1
201,'20260831',608,,64865,6,,,1,30,,64866,6,,,1,15,,64867,6,,,1,55,,64868,6,,,1,15,,64869,6,,,1,15,,64870,6,,,1,15,,64871,6,,,1,55,,64872,6,,,1,15,,64873,6,,,1,15,,64874,6,,,1
201,'20260901',608,,42820,6,,,1,30,,42821,6,,,1,15,,42822,6,,,1,55,,42823,6,,,1,15,,42824,6,,,1,15,,42825,6,,,1,15,,42826,6,,,1,55,,42827,6,,,1,15,,42828,6,,,1,15,,42829,6,,,1
201,'20260902',608,,42830,6,,,1,30,,42831,6,,,1,15,,42832,6,,,1,55,,42833,6,,,1,15,,42834,6,,,1,15,,42835,6,,,1,15,,42836,6,,,1,55,,42837,6,,,1,15,,42838,6,,,1,15,,42839,6,,,1
201,'20260903',608,,42840,6,,,1,30,,42841,6,,,1,15,,42842,6,,,1,55,,42843,6,,,1,15,,42844,6,,,1,15,,42845,6,,,1,15,,42846,6,,,1,55,,42847,6,,,1,15,,42848,6,,,1,15,,42849,6,,,1
201,'20260904',608,,42850,6,,,1,30,,42851,6,,,1,15,,42852,6,,,1,55,,42853,6,,,1,15,,42854,6,,,1,15,,42855,6,,,1,15,,42856,6,,,1,55,,42857,6,,,1,15,,42858,6,,,1,15,,42859,6,,,1
