500,'20260917',1057,,80404,26,,,1,445,,80405,26,,,1,107,,80400,26,0,9,1,91,,80406,26,,,1,45,,80403,26,,,1,70,,80401,26,,,1,15,,80402,26,,,1,70,,80407,26,,,1,428,,80408,26,,,1
500,'20260918',1057,,80419,26,,,1,445,,80420,26,,,1,107,,80415,26,0,9,1,91,,80421,26,,,1,45,,80418,26,,,1,70,,80416,26,,,1,15,,80417,26,,,1,70,,80422,26,,,1,428,,80423,26,,,1
500,'20260919',2200,,80426,17,,,1,156,,80427,17,,,1
500,'20260920',2200,,80430,17,,,1,156,,80431,17,,,1
500,'20260921',1056,,80442,26,,,1,447,,80443,26,,,1,108,,80438,26,0,9,1,90,,80444,26,,,1,45,,80441,26,,,1,70,,80439,26,,,1,15,,80440,26,,,1,70,,80445,26,,,1,428,,80446,26,,,1
500,'20260922',1055,,80457,26,,,1,447,,80458,26,,,1,106,,80453,26,0,9,1,92,,80459,26,,,1,45,,80456,26,,,1,70,,80454,26,,,1,15,,80455,26,,,1,70,,80460,26,,,1,428,,80461,26,,,1
500,'20260923',1055,,80472,26,,,1,447,,80473,26,,,1,106,,80468,26,0,9,1,92,,80474,26,,,1,45,,80471,26,,,1,70,,80469,26,,,1,15,,80470,26,,,1,70,,80475,26,,,1,428,,80476,26,,,1
500,'20260924',1055,,80487,26,,,1,447,,80488,26,,,1,106,,80483,26,0,9,1,92,,80489,26,,,1,45,,80486,26,,,1,70,,80484,26,,,1,15,,80485,26,,,1,70,,80490,26,,,1,428,,80491,26,,,1
500,'20260925',1055,,80502,26,,,1,447,,80503,26,,,1,106,,80498,26,0,9,1,92,,80504,26,,,1,45,,80501,26,,,1,70,,80499,26,,,1,15,,80500,26,,,1,70,,80505,26,,,1,428,,80506,26,,,1
500,'20260926',2201,,80509,26,,,1,156,,80510,26,,,1
500,'20260927',2201,,80513,26,,,1,156,,80514,26,,,1
500,'20260928',1055,,80525,26,,,1,447,,80526,26,,,1,106,,80521,26,0,9,1,92,,80527,26,,,1,45,,80524,26,,,1,70,,80522,26,,,1,15,,80523,26,,,1,70,,80528,26,,,1,428,,80529,26,,,1
500,'20260929',1055,,80540,26,,,1,447,,80541,26,,,1,106,,80536,26,0,9,1,92,,80542,26,,,1,45,,80539,26,,,1,70,,80537,26,,,1,15,,80538,26,,,1,70,,80543,26,,,1,428,,80544,26,,,1
500,'20260930',1055,,80555,26,,,1,447,,80556,26,,,1,106,,80551,26,0,9,1,92,,80557,26,,,1,45,,80554,26,,,1,70,,80552,26,,,1,15,,80553,26,,,1,70,,80558,26,,,1,428,,80559,26,,,1
500,'20261001',1055,,80570,26,,,1,447,,80571,26,,,1,106,,80566,26,0,9,1,92,,80572,26,,,1,45,,80569,26,,,1,70,,80567,26,,,1,15,,80568,26,,,1,70,,80573,26,,,1,428,,80574,26,,,1
500,'20261002',1055,,80585,26,,,1,447,,80586,26,,,1,106,,80581,26,0,9,1,92,,80587,26,,,1,45,,80584,26,,,1,70,,80582,26,,,1,15,,80583,26,,,1,70,,80588,26,,,1,428,,80589,26,,,1
500,'20261005',1053,,80608,26,,,1,448,,80609,26,,,1,110,,80604,26,0,9,1,90,,80610,26,,,1,45,,80607,26,,,1,70,,80605,26,,,1,15,,80606,26,,,1,70,,80611,26,,,1,428,,80612,26,,,1
500,'20261006',1053,,80623,26,,,1,448,,80624,26,,,1,110,,80619,26,0,9,1,90,,80625,26,,,1,45,,80622,26,,,1,70,,80620,26,,,1,15,,80621,26,,,1,70,,80626,26,,,1,428,,80627,26,,,1
500,'20261007',1056,,80638,26,,,1,447,,80639,26,,,1,104,,80634,26,0,9,1,52,,80640,26,,,1,85,,80637,26,,,1,70,,80635,26,,,1,15,,80636,26,,,1,30,,80641,26,,,1,468,,80642,26,,,1
500,'20261008',1056,,80653,26,,,1,447,,80654,26,,,1,104,,80649,26,0,9,1,52,,80655,26,,,1,85,,80652,26,,,1,70,,80650,26,,,1,15,,80651,26,,,1,30,,80656,26,,,1,468,,80657,26,,,1
500,'20261009',1056,,80668,26,,,1,447,,80669,26,,,1,104,,80664,26,0,9,1,52,,80670,26,,,1,85,,80667,26,,,1,70,,80665,26,,,1,15,,80666,26,,,1,30,,80671,26,,,1,468,,80672,26,,,1
500,'20261010',2200,,80675,26,,,1,156,,80676,26,,,1
500,'20261011',2200,,80679,26,,,1,156,,80680,26,,,1
500,'20261012',1056,,80691,26,,,1,447,,80692,26,,,1,104,,80687,26,0,9,1,52,,80693,26,,,1,85,,80690,26,,,1,70,,80688,26,,,1,15,,80689,26,,,1,30,,80694,26,,,1,468,,80695,26,,,1
500,'20261013',1056,,80706,26,,,1,447,,80707,26,,,1,104,,80702,26,0,9,1,52,,80708,26,,,1,85,,80705,26,,,1,70,,80703,26,,,1,15,,80704,26,,,1,30,,80709,26,,,1,468,,80710,26,,,1
500,'20261014',1056,,80721,26,,,1,447,,80722,26,,,1,104,,80717,26,0,9,1,52,,80723,26,,,1,85,,80720,26,,,1,70,,80718,26,,,1,15,,80719,26,,,1,30,,80724,26,,,1,468,,80725,26,,,1
500,'20261015',1056,,80736,26,,,1,447,,80737,26,,,1,104,,80732,26,0,9,1,52,,80738,26,,,1,85,,80735,26,,,1,70,,80733,26,,,1,15,,80734,26,,,1,30,,80739,26,,,1,468,,80740,26,,,1
500,'20261016',1056,,80751,26,,,1,447,,80752,26,,,1,104,,80747,26,0,9,1,52,,80753,26,,,1,85,,80750,26,,,1,70,,80748,26,,,1,15,,80749,26,,,1,30,,80754,26,,,1,468,,80755,26,,,1
500,'20261017',2200,,80758,26,,,1,156,,80759,26,,,1
500,'20261018',2200,,80762,26,,,1,156,,80763,26,,,1
500,'20261019',1056,,80774,26,,,1,447,,80775,26,,,1,104,,80770,26,0,9,1,52,,80776,26,,,1,85,,80773,26,,,1,70,,80771,26,,,1,15,,80772,26,,,1,30,,80777,26,,,1,468,,80778,26,,,1
500,'20261020',1056,,80789,26,,,1,447,,80790,26,,,1,104,,80785,26,0,9,1,52,,80791,26,,,1,85,,80788,26,,,1,70,,80786,26,,,1,15,,80787,26,,,1,30,,80792,26,,,1,468,,80793,26,,,1
500,'20261021',1056,,80804,26,,,1,447,,80805,26,,,1,104,,80800,26,0,9,1,52,,80806,26,,,1,85,,80803,26,,,1,70,,80801,26,,,1,15,,80802,26,,,1,30,,80807,26,,,1,468,,80808,26,,,1
500,'20261022',1056,,80819,26,,,1,447,,80820,26,,,1,104,,80815,26,0,9,1,52,,80821,26,,,1,85,,80818,26,,,1,70,,80816,26,,,1,15,,80817,26,,,1,30,,80822,26,,,1,468,,80823,26,,,1
500,'20261023',1056,,80834,26,,,1,447,,80835,26,,,1,104,,80830,26,0,9,1,52,,80836,26,,,1,85,,80833,26,,,1,70,,80831,26,,,1,15,,80832,26,,,1,30,,80837,26,,,1,468,,80838,26,,,1
500,'20261024',2200,,80841,26,,,1,156,,80842,26,,,1
500,'20261025',2200,,80845,26,,,1,156,,80846,26,,,1
500,'20261026',1056,,80857,26,,,1,447,,80858,26,,,1,104,,80853,26,0,9,1,52,,80859,26,,,1,85,,80856,26,,,1,70,,80854,26,,,1,15,,80855,26,,,1,30,,80860,26,,,1,468,,80861,26,,,1
500,'20261027',1056,,80872,26,,,1,447,,80873,26,,,1,104,,80868,26,0,9,1,52,,80874,26,,,1,85,,80871,26,,,1,70,,80869,26,,,1,15,,80870,26,,,1,30,,80875,26,,,1,468,,80876,26,,,1
500,'20261028',1056,,80887,26,,,1,447,,80888,26,,,1,104,,80883,26,0,9,1,52,,80889,26,,,1,85,,80886,26,,,1,70,,80884,26,,,1,15,,80885,26,,,1,30,,80890,26,,,1,468,,80891,26,,,1
500,'20261029',1056,,80902,26,,,1,447,,80903,26,,,1,104,,80898,26,0,9,1,52,,80904,26,,,1,85,,80901,26,,,1,70,,80899,26,,,1,15,,80900,26,,,1,30,,80905,26,,,1,468,,80906,26,,,1
500,'20261030',1056,,80917,26,,,1,447,,80918,26,,,1,104,,80913,26,0,9,1,52,,80919,26,,,1,85,,80916,26,,,1,70,,80914,26,,,1,15,,80915,26,,,1,30,,80920,26,,,1,468,,80921,26,,,1
500,'20261031',2200,,80924,26,,,1,156,,80925,26,,,1
500,'20261101',2200,,80928,26,,,1,156,,80929,26,,,1
500,'20261102',1056,,80940,26,,,1,447,,80941,26,,,1,104,,80936,26,0,9,1,52,,80942,26,,,1,85,,80939,26,,,1,70,,80937,26,,,1,15,,80938,26,,,1,30,,80943,26,,,1,468,,80944,26,,,1
500,'20261103',1056,,80955,26,,,1,447,,80956,26,,,1,104,,80951,26,0,9,1,52,,80957,26,,,1,85,,80954,26,,,1,70,,80952,26,,,1,15,,80953,26,,,1,30,,80958,26,,,1,468,,80959,26,,,1
500,'20261104',1056,,80970,26,,,1,447,,80971,26,,,1,104,,80966,26,0,9,1,52,,80972,26,,,1,85,,80969,26,,,1,70,,80967,26,,,1,15,,80968,26,,,1,30,,80973,26,,,1,468,,80974,26,,,1
500,'20261105',1056,,80985,26,,,1,447,,80986,26,,,1,104,,80981,26,0,9,1,52,,80987,26,,,1,85,,80984,26,,,1,70,,80982,26,,,1,15,,80983,26,,,1,30,,80988,26,,,1,468,,80989,26,,,1
500,'20261106',1056,,81000,26,,,1,447,,81001,26,,,1,104,,80996,26,0,9,1,52,,81002,26,,,1,85,,80999,26,,,1,70,,80997,26,,,1,15,,80998,26,,,1,30,,81003,26,,,1,468,,81004,26,,,1
500,'20261107',2200,,81007,26,,,1,156,,81008,26,,,1
500,'20261108',2200,,81011,26,,,1,156,,81012,26,,,1
500,'20261109',1056,,81023,26,,,1,447,,81024,26,,,1,104,,81019,26,0,9,1,52,,81025,26,,,1,85,,81022,26,,,1,70,,81020,26,,,1,15,,81021,26,,,1,30,,81026,26,,,1,468,,81027,26,,,1
500,'20261110',1056,,81038,26,,,1,447,,81039,26,,,1,104,,81034,26,0,9,1,52,,81040,26,,,1,85,,81037,26,,,1,70,,81035,26,,,1,15,,81036,26,,,1,30,,81041,26,,,1,468,,81042,26,,,1
500,'20261111',1056,,81053,26,,,1,447,,81054,26,,,1,104,,81049,26,0,9,1,52,,81055,26,,,1,85,,81052,26,,,1,70,,81050,26,,,1,15,,81051,26,,,1,30,,81056,26,,,1,468,,81057,26,,,1
500,'20261112',1056,,81068,26,,,1,447,,81069,26,,,1,104,,81064,26,0,9,1,52,,81070,26,,,1,85,,81067,26,,,1,70,,81065,26,,,1,15,,81066,26,,,1,30,,81071,26,,,1,468,,81072,26,,,1
500,'20261113',1056,,81083,26,,,1,447,,81084,26,,,1,104,,81079,26,0,9,1,52,,81085,26,,,1,85,,81082,26,,,1,70,,81080,26,,,1,15,,81081,26,,,1,30,,81086,26,,,1,468,,81087,26,,,1
500,'20261114',2200,,81090,26,,,1,156,,81091,26,,,1
500,'20261115',2200,,81094,26,,,1,156,,81095,26,,,1
500,'20261116',1056,,81106,26,,,1,447,,81107,26,,,1,104,,81102,26,0,9,1,52,,81108,26,,,1,85,,81105,26,,,1,70,,81103,26,,,1,15,,81104,26,,,1,30,,81109,26,,,1,468,,81110,26,,,1
500,'20261117',1056,,81121,26,,,1,447,,81122,26,,,1,104,,81117,26,0,9,1,52,,81123,26,,,1,85,,81120,26,,,1,70,,81118,26,,,1,15,,81119,26,,,1,30,,81124,26,,,1,468,,81125,26,,,1
500,'20261118',1056,,81136,26,,,1,447,,81137,26,,,1,104,,81132,26,0,9,1,52,,81138,26,,,1,85,,81135,26,,,1,70,,81133,26,,,1,15,,81134,26,,,1,30,,81139,26,,,1,468,,81140,26,,,1
500,'20261119',1056,,81151,26,,,1,447,,81152,26,,,1,104,,81147,26,0,9,1,52,,81153,26,,,1,85,,81150,26,,,1,70,,81148,26,,,1,15,,81149,26,,,1,30,,81154,26,,,1,468,,81155,26,,,1
500,'20261120',1056,,81166,26,,,1,447,,81167,26,,,1,104,,81162,26,0,9,1,52,,81168,26,,,1,85,,81165,26,,,1,70,,81163,26,,,1,15,,81164,26,,,1,30,,81169,26,,,1,468,,81170,26,,,1
500,'20261121',2200,,81173,26,,,1,156,,81174,26,,,1
500,'20261122',2200,,81177,26,,,1,156,,81178,26,,,1
500,'20261123',1056,,81189,26,,,1,447,,81190,26,,,1,104,,81185,26,0,9,1,52,,81191,26,,,1,85,,81188,26,,,1,70,,81186,26,,,1,15,,81187,26,,,1,30,,81192,26,,,1,468,,81193,26,,,1
500,'20261124',1056,,81204,26,,,1,447,,81205,26,,,1,104,,81200,26,0,9,1,52,,81206,26,,,1,85,,81203,26,,,1,70,,81201,26,,,1,15,,81202,26,,,1,30,,81207,26,,,1,468,,81208,26,,,1
500,'20261125',1056,,81219,26,,,1,447,,81220,26,,,1,104,,81215,26,0,9,1,52,,81221,26,,,1,85,,81218,26,,,1,70,,81216,26,,,1,15,,81217,26,,,1,30,,81222,26,,,1,468,,81223,26,,,1
500,'20261126',1056,,81234,26,,,1,447,,81235,26,,,1,104,,81230,26,0,9,1,52,,81236,26,,,1,85,,81233,26,,,1,70,,81231,26,,,1,15,,81232,26,,,1,30,,81237,26,,,1,468,,81238,26,,,1
500,'20261127',1056,,81249,26,,,1,447,,81250,26,,,1,104,,81245,26,0,9,1,52,,81251,26,,,1,85,,81248,26,,,1,70,,81246,26,,,1,15,,81247,26,,,1,30,,81252,26,,,1,468,,81253,26,,,1
501,'20260917',525,,81426,3,,,1,28,,81427,10,,,1,70,,81429,10,,,1,30,,81428,10,,,1,80,,81430,10,,,1,15,,81431,10,,,1,94,,81432,10,,,1,100,,81433,10,,,1,407,,81434,10,,,1
501,'20260918',525,,81442,3,,,1,28,,81443,10,,,1,70,,81445,10,,,1,30,,81444,10,,,1,80,,81446,10,,,1,15,,81447,10,,,1,94,,81448,10,,,1,100,,81449,10,,,1,407,,81450,10,,,1
501,'20260919',1444,,81453,10,0,39 40,1,200,,81454,10,0,39 40,1
501,'20260920',1444,,81457,10,0,39 40,1,200,,81458,10,0,39 40,1
501,'20260921',522,,81466,3,,,1,28,,81467,10,,,1,70,,81469,10,,,1,30,,81468,10,,,1,80,,81470,10,,,1,15,,81471,10,,,1,94,,81472,10,,,1,100,,81473,10,,,1,410,,81474,10,,,1
501,'20260922',523,,81482,3,,,1,28,,81483,10,,,1,70,,81485,10,,,1,30,,81484,10,,,1,80,,81486,10,,,1,15,,81487,10,,,1,94,,81488,10,,,1,100,,81489,10,,,1,407,,81490,10,,,1
501,'20260923',523,,81498,3,,,1,28,,81499,10,,,1,70,,81501,10,,,1,30,,81500,10,,,1,80,,81502,10,,,1,15,,81503,10,,,1,94,,81504,10,,,1,100,,81505,10,,,1,407,,81506,10,,,1
501,'20260924',523,,81514,3,,,1,28,,81515,10,,,1,70,,81517,10,,,1,30,,81516,10,,,1,80,,81518,10,,,1,15,,81519,10,,,1,94,,81520,10,,,1,100,,81521,10,,,1,407,,81522,10,,,1
501,'20260925',523,,81530,3,,,1,28,,81531,10,,,1,70,,81533,10,,,1,30,,81532,10,,,1,80,,81534,10,,,1,15,,81535,10,,,1,94,,81536,10,,,1,100,,81537,10,,,1,407,,81538,10,,,1
501,'20260926',1442,,81541,10,,,1,200,,81542,10,,,1
501,'20260927',1442,,81545,10,,,1,200,,81546,10,,,1
501,'20260928',523,,81554,3,,,1,28,,81555,10,,,1,70,,81557,10,,,1,30,,81556,10,,,1,80,,81558,10,,,1,15,,81559,10,,,1,94,,81560,10,,,1,100,,81561,10,,,1,407,,81562,10,,,1
501,'20260929',523,,81570,3,,,1,28,,81571,10,,,1,70,,81573,10,,,1,30,,81572,10,,,1,80,,81574,10,,,1,15,,81575,10,,,1,94,,81576,10,,,1,100,,81577,10,,,1,407,,81578,10,,,1
501,'20260930',523,,81586,3,,,1,28,,81587,10,,,1,70,,81589,10,,,1,30,,81588,10,,,1,80,,81590,10,,,1,15,,81591,10,,,1,94,,81592,10,,,1,100,,81593,10,,,1,407,,81594,10,,,1
501,'20261001',523,,81602,3,,,1,28,,81603,10,,,1,70,,81605,10,,,1,30,,81604,10,,,1,80,,81606,10,,,1,15,,81607,10,,,1,94,,81608,10,,,1,100,,81609,10,,,1,407,,81610,10,,,1
501,'20261002',523,,81618,3,,,1,28,,81619,10,,,1,70,,81621,10,,,1,30,,81620,10,,,1,80,,81622,10,,,1,15,,81623,10,,,1,94,,81624,10,,,1,100,,81625,10,,,1,407,,81626,10,,,1
501,'20261005',525,,81642,3,,,1,29,,81643,10,,,1,69,,81645,10,,,1,30,,81644,10,,,1,80,,81646,10,,,1,15,,81647,10,,,1,90,,81648,10,,,1,100,,81649,10,,,1,409,,81650,10,,,1
501,'20261006',525,,81658,3,,,1,29,,81659,10,,,1,69,,81661,10,,,1,30,,81660,10,,,1,80,,81662,10,,,1,15,,81663,10,,,1,90,,81664,10,,,1,100,,81665,10,,,1,409,,81666,10,,,1
501,'20261007',525,,81674,3,,,1,28,,81675,10,,,1,70,,81677,10,,,1,30,,81676,10,,,1,80,,81678,10,,,1,15,,81679,10,,,1,94,,81680,10,,,1,100,,81681,10,,,1,407,,81682,10,,,1
501,'20261008',525,,81690,3,,,1,28,,81691,10,,,1,70,,81693,10,,,1,30,,81692,10,,,1,80,,81694,10,,,1,15,,81695,10,,,1,94,,81696,10,,,1,100,,81697,10,,,1,407,,81698,10,,,1
501,'20261009',525,,81706,3,,,1,28,,81707,10,,,1,70,,81709,10,,,1,30,,81708,10,,,1,80,,81710,10,,,1,15,,81711,10,,,1,94,,81712,10,,,1,100,,81713,10,,,1,407,,81714,10,,,1
501,'20261010',1444,,81717,10,,,1,200,,81718,10,,,1
501,'20261011',1444,,81721,10,,,1,200,,81722,10,,,1
501,'20261012',525,,81730,3,,,1,28,,81731,10,,,1,70,,81733,10,,,1,30,,81732,10,,,1,80,,81734,10,,,1,15,,81735,10,,,1,94,,81736,10,,,1,100,,81737,10,,,1,407,,81738,10,,,1
501,'20261013',525,,81746,3,,,1,28,,81747,10,,,1,70,,81749,10,,,1,30,,81748,10,,,1,80,,81750,10,,,1,15,,81751,10,,,1,94,,81752,10,,,1,100,,81753,10,,,1,407,,81754,10,,,1
501,'20261014',525,,81762,3,,,1,28,,81763,10,,,1,70,,81765,10,,,1,30,,81764,10,,,1,80,,81766,10,,,1,15,,81767,10,,,1,94,,81768,10,,,1,100,,81769,10,,,1,407,,81770,10,,,1
501,'20261015',525,,81778,3,,,1,28,,81779,10,,,1,70,,81781,10,,,1,30,,81780,10,,,1,80,,81782,10,,,1,15,,81783,10,,,1,94,,81784,10,,,1,100,,81785,10,,,1,407,,81786,10,,,1
501,'20261016',525,,81794,3,,,1,28,,81795,10,,,1,70,,81797,10,,,1,30,,81796,10,,,1,80,,81798,10,,,1,15,,81799,10,,,1,94,,81800,10,,,1,100,,81801,10,,,1,407,,81802,10,,,1
501,'20261017',1444,,81805,10,,,1,200,,81806,10,,,1
501,'20261018',1444,,81809,10,,,1,200,,81810,10,,,1
501,'20261019',525,,81818,3,,,1,28,,81819,10,,,1,70,,81821,10,,,1,30,,81820,10,,,1,80,,81822,10,,,1,15,,81823,10,,,1,94,,81824,10,,,1,100,,81825,10,,,1,407,,81826,10,,,1
501,'20261020',525,,81834,3,,,1,28,,81835,10,,,1,70,,81837,10,,,1,30,,81836,10,,,1,80,,81838,10,,,1,15,,81839,10,,,1,94,,81840,10,,,1,100,,81841,10,,,1,407,,81842,10,,,1
501,'20261021',525,,81850,3,,,1,28,,81851,10,,,1,70,,81853,10,,,1,30,,81852,10,,,1,80,,81854,10,,,1,15,,81855,10,,,1,94,,81856,10,,,1,100,,81857,10,,,1,407,,81858,10,,,1
501,'20261022',525,,81866,3,,,1,28,,81867,10,,,1,70,,81869,10,,,1,30,,81868,10,,,1,80,,81870,10,,,1,15,,81871,10,,,1,94,,81872,10,,,1,100,,81873,10,,,1,407,,81874,10,,,1
501,'20261023',525,,81882,3,,,1,28,,81883,10,,,1,70,,81885,10,,,1,30,,81884,10,,,1,80,,81886,10,,,1,15,,81887,10,,,1,94,,81888,10,,,1,100,,81889,10,,,1,407,,81890,10,,,1
501,'20261024',1444,,81893,10,,,1,200,,81894,10,,,1
501,'20261025',1444,,81897,10,,,1,200,,81898,10,,,1
501,'20261026',525,,81906,3,,,1,28,,81907,10,,,1,70,,81909,10,,,1,30,,81908,10,,,1,80,,81910,10,,,1,15,,81911,10,,,1,94,,81912,10,,,1,100,,81913,10,,,1,407,,81914,10,,,1
501,'20261027',525,,81922,3,,,1,28,,81923,10,,,1,70,,81925,10,,,1,30,,81924,10,,,1,80,,81926,10,,,1,15,,81927,10,,,1,94,,81928,10,,,1,100,,81929,10,,,1,407,,81930,10,,,1
501,'20261028',525,,81938,3,,,1,28,,81939,10,,,1,70,,81941,10,,,1,30,,81940,10,,,1,80,,81942,10,,,1,15,,81943,10,,,1,94,,81944,10,,,1,100,,81945,10,,,1,407,,81946,10,,,1
501,'20261029',525,,81954,3,,,1,28,,81955,10,,,1,70,,81957,10,,,1,30,,81956,10,,,1,80,,81958,10,,,1,15,,81959,10,,,1,94,,81960,10,,,1,100,,81961,10,,,1,407,,81962,10,,,1
501,'20261030',525,,81970,3,,,1,28,,81971,10,,,1,70,,81973,10,,,1,30,,81972,10,,,1,80,,81974,10,,,1,15,,81975,10,,,1,94,,81976,10,,,1,100,,81977,10,,,1,407,,81978,10,,,1
501,'20261031',1444,,81981,10,,,1,200,,81982,10,,,1
501,'20261101',1444,,81985,10,,,1,200,,81986,10,,,1
501,'20261102',525,,81994,3,,,1,28,,81995,10,,,1,70,,81997,10,,,1,30,,81996,10,,,1,80,,81998,10,,,1,15,,81999,10,,,1,94,,82000,10,,,1,100,,82001,10,,,1,407,,82002,10,,,1
501,'20261103',525,,82010,3,,,1,28,,82011,10,,,1,70,,82013,10,,,1,30,,82012,10,,,1,80,,82014,10,,,1,15,,82015,10,,,1,94,,82016,10,,,1,100,,82017,10,,,1,407,,82018,10,,,1
501,'20261104',525,,82026,3,,,1,28,,82027,10,,,1,70,,82029,10,,,1,30,,82028,10,,,1,80,,82030,10,,,1,15,,82031,10,,,1,94,,82032,10,,,1,100,,82033,10,,,1,407,,82034,10,,,1
501,'20261105',525,,82042,3,,,1,28,,82043,10,,,1,70,,82045,10,,,1,30,,82044,10,,,1,80,,82046,10,,,1,15,,82047,10,,,1,94,,82048,10,,,1,100,,82049,10,,,1,407,,82050,10,,,1
501,'20261106',525,,82058,3,,,1,28,,82059,10,,,1,70,,82061,10,,,1,30,,82060,10,,,1,80,,82062,10,,,1,15,,82063,10,,,1,94,,82064,10,,,1,100,,82065,10,,,1,407,,82066,10,,,1
501,'20261107',1444,,82069,10,,,1,200,,82070,10,,,1
501,'20261108',1444,,82073,10,,,1,200,,82074,10,,,1
501,'20261109',525,,82082,3,,,1,28,,82083,10,,,1,70,,82085,10,,,1,30,,82084,10,,,1,80,,82086,10,,,1,15,,82087,10,,,1,94,,82088,10,,,1,100,,82089,10,,,1,407,,82090,10,,,1
501,'20261110',525,,82098,3,,,1,28,,82099,10,,,1,70,,82101,10,,,1,30,,82100,10,,,1,80,,82102,10,,,1,15,,82103,10,,,1,94,,82104,10,,,1,100,,82105,10,,,1,407,,82106,10,,,1
501,'20261111',525,,82114,3,,,1,28,,82115,10,,,1,70,,82117,10,,,1,30,,82116,10,,,1,80,,82118,10,,,1,15,,82119,10,,,1,94,,82120,10,,,1,100,,82121,10,,,1,407,,82122,10,,,1
501,'20261112',525,,82130,3,,,1,28,,82131,10,,,1,70,,82133,10,,,1,30,,82132,10,,,1,80,,82134,10,,,1,15,,82135,10,,,1,94,,82136,10,,,1,100,,82137,10,,,1,407,,82138,10,,,1
501,'20261113',525,,82146,3,,,1,28,,82147,10,,,1,70,,82149,10,,,1,30,,82148,10,,,1,80,,82150,10,,,1,15,,82151,10,,,1,94,,82152,10,,,1,100,,82153,10,,,1,407,,82154,10,,,1
501,'20261114',1444,,82157,10,,,1,200,,82158,10,,,1
501,'20261115',1444,,82161,10,,,1,200,,82162,10,,,1
501,'20261116',525,,82170,3,,,1,28,,82171,10,,,1,70,,82173,10,,,1,30,,82172,10,,,1,80,,82174,10,,,1,15,,82175,10,,,1,94,,82176,10,,,1,100,,82177,10,,,1,407,,82178,10,,,1
501,'20261117',525,,82186,3,,,1,28,,82187,10,,,1,70,,82189,10,,,1,30,,82188,10,,,1,80,,82190,10,,,1,15,,82191,10,,,1,94,,82192,10,,,1,100,,82193,10,,,1,407,,82194,10,,,1
501,'20261118',525,,82202,3,,,1,28,,82203,10,,,1,70,,82205,10,,,1,30,,82204,10,,,1,80,,82206,10,,,1,15,,82207,10,,,1,94,,82208,10,,,1,100,,82209,10,,,1,407,,82210,10,,,1
501,'20261119',525,,82218,3,,,1,28,,82219,10,,,1,70,,82221,10,,,1,30,,82220,10,,,1,80,,82222,10,,,1,15,,82223,10,,,1,94,,82224,10,,,1,100,,82225,10,,,1,407,,82226,10,,,1
501,'20261120',525,,82234,3,,,1,28,,82235,10,,,1,70,,82237,10,,,1,30,,82236,10,,,1,80,,82238,10,,,1,15,,82239,10,,,1,94,,82240,10,,,1,100,,82241,10,,,1,407,,82242,10,,,1
501,'20261121',1444,,82245,10,,,1,200,,82246,10,,,1
501,'20261122',1444,,82249,10,,,1,200,,82250,10,,,1
501,'20261123',525,,82258,3,,,1,28,,82259,10,,,1,70,,82261,10,,,1,30,,82260,10,,,1,80,,82262,10,,,1,15,,82263,10,,,1,94,,82264,10,,,1,100,,82265,10,,,1,407,,82266,10,,,1
501,'20261124',525,,82274,3,,,1,28,,82275,10,,,1,70,,82277,10,,,1,30,,82276,10,,,1,80,,82278,10,,,1,15,,82279,10,,,1,94,,82280,10,,,1,100,,82281,10,,,1,407,,82282,10,,,1
501,'20261125',525,,82290,3,,,1,28,,82291,10,,,1,70,,82293,10,,,1,30,,82292,10,,,1,80,,82294,10,,,1,15,,82295,10,,,1,94,,82296,10,,,1,100,,82297,10,,,1,407,,82298,10,,,1
501,'20261126',525,,82306,3,,,1,28,,82307,10,,,1,70,,82309,10,,,1,30,,82308,10,,,1,80,,82310,10,,,1,15,,82311,10,,,1,94,,82312,10,,,1,100,,82313,10,,,1,407,,82314,10,,,1
501,'20261127',525,,82322,3,,,1,28,,82323,10,,,1,70,,82325,10,,,1,30,,82324,10,,,1,80,,82326,10,,,1,15,,82327,10,,,1,94,,82328,10,,,1,100,,82329,10,,,1,407,,82330,10,,,1
