200,'20260910',1603,,73097,19,,,1,30,,73098,19,,,1,15,,73099,19,,,1,55,,73100,19,,,1,15,,73101,19,,,1,15,,73102,19,,,1,15,,73103,19,,,1,70,,73104,19,,,1,30,,73105,19,,,1,85,,73106,19,,,1
200,'20260911',1603,,73107,19,,,1,30,,73108,19,,,1,15,,73109,19,,,1,55,,73110,19,,,1,15,,73111,19,,,1,15,,73112,19,,,1,15,,73113,19,,,1,70,,73114,19,,,1,30,,73115,19,,,1,85,,73116,19,,,1
200,'20260914',1603,,73117,19,,,1,30,,73118,19,,,1,15,,73119,19,,,1,55,,73120,19,,,1,15,,73121,19,,,1,15,,73122,19,,,1,15,,73123,19,,,1,70,,73124,19,,,1,30,,73125,19,,,1,85,,73126,19,,,1
200,'20260915',1603,,73127,19,,,1,30,,73128,19,,,1,15,,73129,19,,,1,55,,73130,19,,,1,15,,73131,19,,,1,15,,73132,19,,,1,15,,73133,19,,,1,70,,73134,19,,,1,30,,73135,19,,,1,85,,73136,19,,,1
200,'20260916',1603,,73137,19,,,1,30,,73138,19,,,1,15,,73139,19,,,1,55,,73140,19,,,1,15,,73141,19,,,1,15,,73142,19,,,1,15,,73143,19,,,1,70,,73144,19,,,1,30,,73145,19,,,1,85,,73146,19,,,1
200,'20260917',1603,,73147,19,,,1,30,,73148,19,,,1,15,,73149,19,,,1,55,,73150,19,,,1,15,,73151,19,,,1,15,,73152,19,,,1,15,,73153,19,,,1,70,,73154,19,,,1,30,,73155,19,,,1,85,,73156,19,,,1
200,'20260918',1603,,73157,19,,,1,30,,73158,19,,,1,15,,73159,19,,,1,55,,73160,19,,,1,15,,73161,19,,,1,15,,73162,19,,,1,15,,73163,19,,,1,70,,73164,19,,,1,30,,73165,19,,,1,85,,73166,19,,,1
200,'20260921',1603,,73167,19,,,1,30,,73168,19,,,1,15,,73169,19,,,1,55,,73170,19,,,1,15,,73171,19,,,1,15,,73172,19,,,1,15,,73173,19,,,1,70,,73174,19,,,1,30,,73175,19,,,1,85,,73176,19,,,1
200,'20260922',1603,,73177,19,,,1,30,,73178,19,,,1,15,,73179,19,,,1,55,,73180,19,,,1,15,,73181,19,,,1,15,,73182,19,,,1,15,,73183,19,,,1,70,,73184,19,,,1,30,,73185,19,,,1,85,,73186,19,,,1
200,'20260923',1603,,73187,19,,,1,30,,73188,19,,,1,15,,73189,19,,,1,55,,73190,19,,,1,15,,73191,19,,,1,15,,73192,19,,,1,15,,73193,19,,,1,70,,73194,19,,,1,30,,73195,19,,,1,85,,73196,19,,,1
200,'20260924',1603,,73197,19,,,1,30,,73198,19,,,1,15,,73199,19,,,1,55,,73200,19,,,1,15,,73201,19,,,1,15,,73202,19,,,1,15,,73203,19,,,1,70,,73204,19,,,1,30,,73205,19,,,1,85,,73206,19,,,1
200,'20260925',1603,,73207,19,,,1,30,,73208,19,,,1,15,,73209,19,,,1,55,,73210,19,,,1,15,,73211,19,,,1,15,,73212,19,,,1,15,,73213,19,,,1,70,,73214,19,,,1,30,,73215,19,,,1,85,,73216,19,,,1
200,'20260928',1603,,73217,19,,,1,30,,73218,19,,,1,15,,73219,19,,,1,55,,73220,19,,,1,15,,73221,19,,,1,15,,73222,19,,,1,15,,73223,19,,,1,70,,73224,19,,,1,30,,73225,19,,,1,85,,73226,19,,,1
200,'20260929',1603,,73227,19,,,1,30,,73228,19,,,1,15,,73229,19,,,1,55,,73230,19,,,1,15,,73231,19,,,1,15,,73232,19,,,1,15,,73233,19,,,1,70,,73234,19,,,1,30,,73235,19,,,1,85,,73236,19,,,1
200,'20260930',1603,,73237,19,,,1,30,,73238,19,,,1,15,,73239,19,,,1,55,,73240,19,,,1,15,,73241,19,,,1,15,,73242,19,,,1,15,,73243,19,,,1,70,,73244,19,,,1,30,,73245,19,,,1,85,,73246,19,,,1
200,'20261001',1603,,73247,19,,,1,30,,73248,19,,,1,15,,73249,19,,,1,55,,73250,19,,,1,15,,73251,19,,,1,15,,73252,19,,,1,15,,73253,19,,,1,70,,73254,19,,,1,30,,73255,19,,,1,85,,73256,19,,,1
200,'20261002',1603,,73257,19,,,1,30,,73258,19,,,1,15,,73259,19,,,1,55,,73260,19,,,1,15,,73261,19,,,1,15,,73262,19,,,1,15,,73263,19,,,1,70,,73264,19,,,1,30,,73265,19,,,1,85,,73266,19,,,1
200,'20261005',1603,,73267,19,,,1,30,,73268,19,,,1,15,,73269,19,,,1,55,,73270,19,,,1,15,,73271,19,,,1,15,,73272,19,,,1,15,,73273,19,,,1,70,,73274,19,,,1,30,,73275,19,,,1,85,,73276,19,,,1
200,'20261006',1603,,73277,19,,,1,30,,73278,19,,,1,15,,73279,19,,,1,55,,73280,19,,,1,15,,73281,19,,,1,15,,73282,19,,,1,15,,73283,19,,,1,70,,73284,19,,,1,30,,73285,19,,,1,85,,73286,19,,,1
200,'20261007',1603,,73287,19,,,1,30,,73288,19,,,1,15,,73289,19,,,1,55,,73290,19,,,1,15,,73291,19,,,1,15,,73292,19,,,1,15,,73293,19,,,1,70,,73294,19,,,1,30,,73295,19,,,1,85,,73296,19,,,1
200,'20261008',1603,,73297,19,,,1,30,,73298,19,,,1,15,,73299,19,,,1,55,,73300,19,,,1,15,,73301,19,,,1,15,,73302,19,,,1,15,,73303,19,,,1,70,,73304,19,,,1,30,,73305,19,,,1,85,,73306,19,,,1
200,'20261009',1603,,73307,19,,,1,30,,73308,19,,,1,15,,73309,19,,,1,55,,73310,19,,,1,15,,73311,19,,,1,15,,73312,19,,,1,15,,73313,19,,,1,70,,73314,19,,,1,30,,73315,19,,,1,85,,73316,19,,,1
200,'20261012',1603,,73317,19,,,1,30,,73318,19,,,1,15,,73319,19,,,1,55,,73320,19,,,1,15,,73321,19,,,1,15,,73322,19,,,1,15,,73323,19,,,1,70,,73324,19,,,1,30,,73325,19,,,1,85,,73326,19,,,1
200,'20261013',1603,,73327,19,,,1,30,,73328,19,,,1,15,,73329,19,,,1,55,,73330,19,,,1,15,,73331,19,,,1,15,,73332,19,,,1,15,,73333,19,,,1,70,,73334,19,,,1,30,,73335,19,,,1,85,,73336,19,,,1
200,'20261014',1603,,73337,19,,,1,30,,73338,19,,,1,15,,73339,19,,,1,55,,73340,19,,,1,15,,73341,19,,,1,15,,73342,19,,,1,15,,73343,19,,,1,70,,73344,19,,,1,30,,73345,19,,,1,85,,73346,19,,,1
200,'20261015',1603,,73347,19,,,1,30,,73348,19,,,1,15,,73349,19,,,1,55,,73350,19,,,1,15,,73351,19,,,1,15,,73352,19,,,1,15,,73353,19,,,1,70,,73354,19,,,1,30,,73355,19,,,1,85,,73356,19,,,1
200,'20261016',1603,,73357,19,,,1,30,,73358,19,,,1,15,,73359,19,,,1,55,,73360,19,,,1,15,,73361,19,,,1,15,,73362,19,,,1,15,,73363,19,,,1,70,,73364,19,,,1,30,,73365,19,,,1,85,,73366,19,,,1
200,'20261019',1603,,73367,19,,,1,30,,73368,19,,,1,15,,73369,19,,,1,55,,73370,19,,,1,15,,73371,19,,,1,15,,73372,19,,,1,15,,73373,19,,,1,70,,73374,19,,,1,30,,73375,19,,,1,85,,73376,19,,,1
200,'20261020',1603,,73377,19,,,1,30,,73378,19,,,1,15,,73379,19,,,1,55,,73380,19,,,1,15,,73381,19,,,1,15,,73382,19,,,1,15,,73383,19,,,1,70,,73384,19,,,1,30,,73385,19,,,1,85,,73386,19,,,1
200,'20261021',1603,,73387,19,,,1,30,,73388,19,,,1,15,,73389,19,,,1,55,,73390,19,,,1,15,,73391,19,,,1,15,,73392,19,,,1,15,,73393,19,,,1,70,,73394,19,,,1,30,,73395,19,,,1,85,,73396,19,,,1
200,'20261022',1603,,73397,19,,,1,30,,73398,19,,,1,15,,73399,19,,,1,55,,73400,19,,,1,15,,73401,19,,,1,15,,73402,19,,,1,15,,73403,19,,,1,70,,73404,19,,,1,30,,73405,19,,,1,85,,73406,19,,,1
200,'20261023',1603,,73407,19,,,1,30,,73408,19,,,1,15,,73409,19,,,1,55,,73410,19,,,1,15,,73411,19,,,1,15,,73412,19,,,1,15,,73413,19,,,1,70,,73414,19,,,1,30,,73415,19,,,1,85,,73416,19,,,1
200,'20261026',1603,,73417,19,,,1,30,,73418,19,,,1,15,,73419,19,,,1,55,,73420,19,,,1,15,,73421,19,,,1,15,,73422,19,,,1,15,,73423,19,,,1,70,,73424,19,,,1,30,,73425,19,,,1,85,,73426,19,,,1
200,'20261027',1603,,73427,19,,,1,30,,73428,19,,,1,15,,73429,19,,,1,55,,73430,19,,,1,15,,73431,19,,,1,15,,73432,19,,,1,15,,73433,19,,,1,70,,73434,19,,,1,30,,73435,19,,,1,85,,73436,19,,,1
200,'20261028',1603,,73437,19,,,1,30,,73438,19,,,1,15,,73439,19,,,1,55,,73440,19,,,1,15,,73441,19,,,1,15,,73442,19,,,1,15,,73443,19,,,1,70,,73444,19,,,1,30,,73445,19,,,1,85,,73446,19,,,1
200,'20261029',1603,,73447,19,,,1,30,,73448,19,,,1,15,,73449,19,,,1,55,,73450,19,,,1,15,,73451,19,,,1,15,,73452,19,,,1,15,,73453,19,,,1,70,,73454,19,,,1,30,,73455,19,,,1,85,,73456,19,,,1
200,'20261030',1603,,73457,19,,,1,30,,73458,19,,,1,15,,73459,19,,,1,55,,73460,19,,,1,15,,73461,19,,,1,15,,73462,19,,,1,15,,73463,19,,,1,70,,73464,19,,,1,30,,73465,19,,,1,85,,73466,19,,,1
200,'20261102',1603,,73467,19,,,1,30,,73468,19,,,1,15,,73469,19,,,1,55,,73470,19,,,1,15,,73471,19,,,1,15,,73472,19,,,1,15,,73473,19,,,1,70,,73474,19,,,1,30,,73475,19,,,1,85,,73476,19,,,1
200,'20261103',1603,,73477,19,,,1,30,,73478,19,,,1,15,,73479,19,,,1,55,,73480,19,,,1,15,,73481,19,,,1,15,,73482,19,,,1,15,,73483,19,,,1,70,,73484,19,,,1,30,,73485,19,,,1,85,,73486,19,,,1
200,'20261104',1603,,73487,19,,,1,30,,73488,19,,,1,15,,73489,19,,,1,55,,73490,19,,,1,15,,73491,19,,,1,15,,73492,19,,,1,15,,73493,19,,,1,70,,73494,19,,,1,30,,73495,19,,,1,85,,73496,19,,,1
200,'20261105',1603,,73497,19,,,1,30,,73498,19,,,1,15,,73499,19,,,1,55,,73500,19,,,1,15,,73501,19,,,1,15,,73502,19,,,1,15,,73503,19,,,1,70,,73504,19,,,1,30,,73505,19,,,1,85,,73506,19,,,1
200,'20261106',1603,,73507,19,,,1,30,,73508,19,,,1,15,,73509,19,,,1,55,,73510,19,,,1,15,,73511,19,,,1,15,,73512,19,,,1,15,,73513,19,,,1,70,,73514,19,,,1,30,,73515,19,,,1,85,,73516,19,,,1
200,'20261109',1603,,73517,19,,,1,30,,73518,19,,,1,15,,73519,19,,,1,55,,73520,19,,,1,15,,73521,19,,,1,15,,73522,19,,,1,15,,73523,19,,,1,70,,73524,19,,,1,30,,73525,19,,,1,85,,73526,19,,,1
200,'20261110',1603,,73527,19,,,1,30,,73528,19,,,1,15,,73529,19,,,1,55,,73530,19,,,1,15,,73531,19,,,1,15,,73532,19,,,1,15,,73533,19,,,1,70,,73534,19,,,1,30,,73535,19,,,1,85,,73536,19,,,1
200,'20261111',1603,,73537,19,,,1,30,,73538,19,,,1,15,,73539,19,,,1,55,,73540,19,,,1,15,,73541,19,,,1,15,,73542,19,,,1,15,,73543,19,,,1,70,,73544,19,,,1,30,,73545,19,,,1,85,,73546,19,,,1
200,'20261112',1603,,73547,19,,,1,30,,73548,19,,,1,15,,73549,19,,,1,55,,73550,19,,,1,15,,73551,19,,,1,15,,73552,19,,,1,15,,73553,19,,,1,70,,73554,19,,,1,30,,73555,19,,,1,85,,73556,19,,,1
200,'20261113',1603,,73557,19,,,1,30,,73558,19,,,1,15,,73559,19,,,1,55,,73560,19,,,1,15,,73561,19,,,1,15,,73562,19,,,1,15,,73563,19,,,1,70,,73564,19,,,1,30,,73565,19,,,1,85,,73566,19,,,1
200,'20261116',1603,,73567,19,,,1,30,,73568,19,,,1,15,,73569,19,,,1,55,,73570,19,,,1,15,,73571,19,,,1,15,,73572,19,,,1,15,,73573,19,,,1,70,,73574,19,,,1,30,,73575,19,,,1,85,,73576,19,,,1
200,'20261117',1603,,73577,19,,,1,30,,73578,19,,,1,15,,73579,19,,,1,55,,73580,19,,,1,15,,73581,19,,,1,15,,73582,19,,,1,15,,73583,19,,,1,70,,73584,19,,,1,30,,73585,19,,,1,85,,73586,19,,,1
200,'20261118',1603,,73587,19,,,1,30,,73588,19,,,1,15,,73589,19,,,1,55,,73590,19,,,1,15,,73591,19,,,1,15,,73592,19,,,1,15,,73593,19,,,1,70,,73594,19,,,1,30,,73595,19,,,1,85,,73596,19,,,1
200,'20261119',1603,,73597,19,,,1,30,,73598,19,,,1,15,,73599,19,,,1,55,,73600,19,,,1,15,,73601,19,,,1,15,,73602,19,,,1,15,,73603,19,,,1,70,,73604,19,,,1,30,,73605,19,,,1,85,,73606,19,,,1
200,'20261120',1603,,73607,19,,,1,30,,73608,19,,,1,15,,73609,19,,,1,55,,73610,19,,,1,15,,73611,19,,,1,15,,73612,19,,,1,15,,73613,19,,,1,70,,73614,19,,,1,30,,73615,19,,,1,85,,73616,19,,,1
200,'20261123',1603,,73617,19,,,1,30,,73618,19,,,1,15,,73619,19,,,1,55,,73620,19,,,1,15,,73621,19,,,1,15,,73622,19,,,1,15,,73623,19,,,1,70,,73624,19,,,1,30,,73625,19,,,1,85,,73626,19,,,1
200,'20261124',1603,,73627,19,,,1,30,,73628,19,,,1,15,,73629,19,,,1,55,,73630,19,,,1,15,,73631,19,,,1,15,,73632,19,,,1,15,,73633,19,,,1,70,,73634,19,,,1,30,,73635,19,,,1,85,,73636,19,,,1
200,'20261125',1603,,73637,19,,,1,30,,73638,19,,,1,15,,73639,19,,,1,55,,73640,19,,,1,15,,73641,19,,,1,15,,73642,19,,,1,15,,73643,19,,,1,70,,73644,19,,,1,30,,73645,19,,,1,85,,73646,19,,,1
200,'20261126',1603,,73647,19,,,1,30,,73648,19,,,1,15,,73649,19,,,1,55,,73650,19,,,1,15,,73651,19,,,1,15,,73652,19,,,1,15,,73653,19,,,1,70,,73654,19,,,1,30,,73655,19,,,1,85,,73656,19,,,1
200,'20261127',1603,,73657,19,,,1,30,,73658,19,,,1,15,,73659,19,,,1,55,,73660,19,,,1,15,,73661,19,,,1,15,,73662,19,,,1,15,,73663,19,,,1,70,,73664,19,,,1,30,,73665,19,,,1,85,,73666,19,,,1
201,'20260910',636,,73687,17,,,1,70,,73688,17,,,1,15,,73689,17,,,1,15,,73690,17,,,1,15,,73691,17,,,1,55,,73692,17,,,1,15,,73693,17,,,1,15,,73694,17,,,1,15,,73695,17,,,1,55,,73696,17,,,1
201,'20260911',636,,73697,17,,,1,70,,73698,17,,,1,15,,73699,17,,,1,15,,73700,17,,,1,15,,73701,17,,,1,55,,73702,17,,,1,15,,73703,17,,,1,15,,73704,17,,,1,15,,73705,17,,,1,55,,73706,17,,,1
201,'20260914',636,,73707,17,,,1,70,,73708,17,,,1,15,,73709,17,,,1,15,,73710,17,,,1,15,,73711,17,,,1,55,,73712,17,,,1,15,,73713,17,,,1,15,,73714,17,,,1,15,,73715,17,,,1,55,,73716,17,,,1
201,'20260915',636,,73717,17,,,1,70,,73718,17,,,1,15,,73719,17,,,1,15,,73720,17,,,1,15,,73721,17,,,1,55,,73722,17,,,1,15,,73723,17,,,1,15,,73724,17,,,1,15,,73725,17,,,1,55,,73726,17,,,1
201,'20260916',636,,73727,17,,,1,70,,73728,17,,,1,15,,73729,17,,,1,15,,73730,17,,,1,15,,73731,17,,,1,55,,73732,17,,,1,15,,73733,17,,,1,15,,73734,17,,,1,15,,73735,17,,,1,55,,73736,17,,,1
201,'20260917',636,,73737,17,,,1,70,,73738,17,,,1,15,,73739,17,,,1,15,,73740,17,,,1,15,,73741,17,,,1,55,,73742,17,,,1,15,,73743,17,,,1,15,,73744,17,,,1,15,,73745,17,,,1,55,,73746,17,,,1
201,'20260918',636,,73747,17,,,1,70,,73748,17,,,1,15,,73749,17,,,1,15,,73750,17,,,1,15,,73751,17,,,1,55,,73752,17,,,1,15,,73753,17,,,1,15,,73754,17,,,1,15,,73755,17,,,1,55,,73756,17,,,1
201,'20260921',636,,73757,17,,,1,70,,73758,17,,,1,15,,73759,17,,,1,15,,73760,17,,,1,15,,73761,17,,,1,55,,73762,17,,,1,15,,73763,17,,,1,15,,73764,17,,,1,15,,73765,17,,,1,55,,73766,17,,,1
201,'20260922',636,,73767,17,,,1,70,,73768,17,,,1,15,,73769,17,,,1,15,,73770,17,,,1,15,,73771,17,,,1,55,,73772,17,,,1,15,,73773,17,,,1,15,,73774,17,,,1,15,,73775,17,,,1,55,,73776,17,,,1
201,'20260923',636,,73777,17,,,1,70,,73778,17,,,1,15,,73779,17,,,1,15,,73780,17,,,1,15,,73781,17,,,1,55,,73782,17,,,1,15,,73783,17,,,1,15,,73784,17,,,1,15,,73785,17,,,1,55,,73786,17,,,1
201,'20260924',636,,73787,17,,,1,70,,73788,17,,,1,15,,73789,17,,,1,15,,73790,17,,,1,15,,73791,17,,,1,55,,73792,17,,,1,15,,73793,17,,,1,15,,73794,17,,,1,15,,73795,17,,,1,55,,73796,17,,,1
201,'20260925',636,,73797,17,,,1,70,,73798,17,,,1,15,,73799,17,,,1,15,,73800,17,,,1,15,,73801,17,,,1,55,,73802,17,,,1,15,,73803,17,,,1,15,,73804,17,,,1,15,,73805,17,,,1,55,,73806,17,,,1
201,'20260928',636,,73807,17,,,1,70,,73808,17,,,1,15,,73809,17,,,1,15,,73810,17,,,1,15,,73811,17,,,1,55,,73812,17,,,1,15,,73813,17,,,1,15,,73814,17,,,1,15,,73815,17,,,1,55,,73816,17,,,1
201,'20260929',636,,73817,17,,,1,70,,73818,17,,,1,15,,73819,17,,,1,15,,73820,17,,,1,15,,73821,17,,,1,55,,73822,17,,,1,15,,73823,17,,,1,15,,73824,17,,,1,15,,73825,17,,,1,55,,73826,17,,,1
201,'20260930',636,,73827,17,,,1,70,,73828,17,,,1,15,,73829,17,,,1,15,,73830,17,,,1,15,,73831,17,,,1,55,,73832,17,,,1,15,,73833,17,,,1,15,,73834,17,,,1,15,,73835,17,,,1,55,,73836,17,,,1
201,'20261001',636,,73837,17,,,1,70,,73838,17,,,1,15,,73839,17,,,1,15,,73840,17,,,1,15,,73841,17,,,1,55,,73842,17,,,1,15,,73843,17,,,1,15,,73844,17,,,1,15,,73845,17,,,1,55,,73846,17,,,1
201,'20261002',636,,73847,17,,,1,70,,73848,17,,,1,15,,73849,17,,,1,15,,73850,17,,,1,15,,73851,17,,,1,55,,73852,17,,,1,15,,73853,17,,,1,15,,73854,17,,,1,15,,73855,17,,,1,55,,73856,17,,,1
201,'20261005',636,,73857,17,,,1,70,,73858,17,,,1,15,,73859,17,,,1,15,,73860,17,,,1,15,,73861,17,,,1,55,,73862,17,,,1,15,,73863,17,,,1,15,,73864,17,,,1,15,,73865,17,,,1,55,,73866,17,,,1
201,'20261006',636,,73867,17,,,1,70,,73868,17,,,1,15,,73869,17,,,1,15,,73870,17,,,1,15,,73871,17,,,1,55,,73872,17,,,1,15,,73873,17,,,1,15,,73874,17,,,1,15,,73875,17,,,1,55,,73876,17,,,1
201,'20261007',636,,73877,17,,,1,70,,73878,17,,,1,15,,73879,17,,,1,15,,73880,17,,,1,15,,73881,17,,,1,55,,73882,17,,,1,15,,73883,17,,,1,15,,73884,17,,,1,15,,73885,17,,,1,55,,73886,17,,,1
201,'20261008',636,,73887,17,,,1,70,,73888,17,,,1,15,,73889,17,,,1,15,,73890,17,,,1,15,,73891,17,,,1,55,,73892,17,,,1,15,,73893,17,,,1,15,,73894,17,,,1,15,,73895,17,,,1,55,,73896,17,,,1
201,'20261009',636,,73897,17,,,1,70,,73898,17,,,1,15,,73899,17,,,1,15,,73900,17,,,1,15,,73901,17,,,1,55,,73902,17,,,1,15,,73903,17,,,1,15,,73904,17,,,1,15,,73905,17,,,1,55,,73906,17,,,1
201,'20261012',636,,73907,17,,,1,70,,73908,17,,,1,15,,73909,17,,,1,15,,73910,17,,,1,15,,73911,17,,,1,55,,73912,17,,,1,15,,73913,17,,,1,15,,73914,17,,,1,15,,73915,17,,,1,55,,73916,17,,,1
201,'20261013',636,,73917,17,,,1,70,,73918,17,,,1,15,,73919,17,,,1,15,,73920,17,,,1,15,,73921,17,,,1,55,,73922,17,,,1,15,,73923,17,,,1,15,,73924,17,,,1,15,,73925,17,,,1,55,,73926,17,,,1
201,'20261014',636,,73927,17,,,1,70,,73928,17,,,1,15,,73929,17,,,1,15,,73930,17,,,1,15,,73931,17,,,1,55,,73932,17,,,1,15,,73933,17,,,1,15,,73934,17,,,1,15,,73935,17,,,1,55,,73936,17,,,1
201,'20261015',636,,73937,17,,,1,70,,73938,17,,,1,15,,73939,17,,,1,15,,73940,17,,,1,15,,73941,17,,,1,55,,73942,17,,,1,15,,73943,17,,,1,15,,73944,17,,,1,15,,73945,17,,,1,55,,73946,17,,,1
201,'20261016',636,,73947,17,,,1,70,,73948,17,,,1,15,,73949,17,,,1,15,,73950,17,,,1,15,,73951,17,,,1,55,,73952,17,,,1,15,,73953,17,,,1,15,,73954,17,,,1,15,,73955,17,,,1,55,,73956,17,,,1
201,'20261019',636,,73957,17,,,1,70,,73958,17,,,1,15,,73959,17,,,1,15,,73960,17,,,1,15,,73961,17,,,1,55,,73962,17,,,1,15,,73963,17,,,1,15,,73964,17,,,1,15,,73965,17,,,1,55,,73966,17,,,1
201,'20261020',636,,73967,17,,,1,70,,73968,17,,,1,15,,73969,17,,,1,15,,73970,17,,,1,15,,73971,17,,,1,55,,73972,17,,,1,15,,73973,17,,,1,15,,73974,17,,,1,15,,73975,17,,,1,55,,73976,17,,,1
201,'20261021',636,,73977,17,,,1,70,,73978,17,,,1,15,,73979,17,,,1,15,,73980,17,,,1,15,,73981,17,,,1,55,,73982,17,,,1,15,,73983,17,,,1,15,,73984,17,,,1,15,,73985,17,,,1,55,,73986,17,,,1
201,'20261022',636,,73987,17,,,1,70,,73988,17,,,1,15,,73989,17,,,1,15,,73990,17,,,1,15,,73991,17,,,1,55,,73992,17,,,1,15,,73993,17,,,1,15,,73994,17,,,1,15,,73995,17,,,1,55,,73996,17,,,1
201,'20261023',636,,73997,17,,,1,70,,73998,17,,,1,15,,73999,17,,,1,15,,74000,17,,,1,15,,74001,17,,,1,55,,74002,17,,,1,15,,74003,17,,,1,15,,74004,17,,,1,15,,74005,17,,,1,55,,74006,17,,,1
201,'20261026',636,,74007,17,,,1,70,,74008,17,,,1,15,,74009,17,,,1,15,,74010,17,,,1,15,,74011,17,,,1,55,,74012,17,,,1,15,,74013,17,,,1,15,,74014,17,,,1,15,,74015,17,,,1,55,,74016,17,,,1
201,'20261027',636,,74017,17,,,1,70,,74018,17,,,1,15,,74019,17,,,1,15,,74020,17,,,1,15,,74021,17,,,1,55,,74022,17,,,1,15,,74023,17,,,1,15,,74024,17,,,1,15,,74025,17,,,1,55,,74026,17,,,1
201,'20261028',636,,74027,17,,,1,70,,74028,17,,,1,15,,74029,17,,,1,15,,74030,17,,,1,15,,74031,17,,,1,55,,74032,17,,,1,15,,74033,17,,,1,15,,74034,17,,,1,15,,74035,17,,,1,55,,74036,17,,,1
201,'20261029',636,,74037,17,,,1,70,,74038,17,,,1,15,,74039,17,,,1,15,,74040,17,,,1,15,,74041,17,,,1,55,,74042,17,,,1,15,,74043,17,,,1,15,,74044,17,,,1,15,,74045,17,,,1,55,,74046,17,,,1
201,'20261030',636,,74047,17,,,1,70,,74048,17,,,1,15,,74049,17,,,1,15,,74050,17,,,1,15,,74051,17,,,1,55,,74052,17,,,1,15,,74053,17,,,1,15,,74054,17,,,1,15,,74055,17,,,1,55,,74056,17,,,1
201,'20261102',636,,74057,17,,,1,70,,74058,17,,,1,15,,74059,17,,,1,15,,74060,17,,,1,15,,74061,17,,,1,55,,74062,17,,,1,15,,74063,17,,,1,15,,74064,17,,,1,15,,74065,17,,,1,55,,74066,17,,,1
201,'20261103',636,,74067,17,,,1,70,,74068,17,,,1,15,,74069,17,,,1,15,,74070,17,,,1,15,,74071,17,,,1,55,,74072,17,,,1,15,,74073,17,,,1,15,,74074,17,,,1,15,,74075,17,,,1,55,,74076,17,,,1
201,'20261104',636,,74077,17,,,1,70,,74078,17,,,1,15,,74079,17,,,1,15,,74080,17,,,1,15,,74081,17,,,1,55,,74082,17,,,1,15,,74083,17,,,1,15,,74084,17,,,1,15,,74085,17,,,1,55,,74086,17,,,1
201,'20261105',636,,74087,17,,,1,70,,74088,17,,,1,15,,74089,17,,,1,15,,74090,17,,,1,15,,74091,17,,,1,55,,74092,17,,,1,15,,74093,17,,,1,15,,74094,17,,,1,15,,74095,17,,,1,55,,74096,17,,,1
201,'20261106',636,,74097,17,,,1,70,,74098,17,,,1,15,,74099,17,,,1,15,,74100,17,,,1,15,,74101,17,,,1,55,,74102,17,,,1,15,,74103,17,,,1,15,,74104,17,,,1,15,,74105,17,,,1,55,,74106,17,,,1
201,'20261109',636,,74107,17,,,1,70,,74108,17,,,1,15,,74109,17,,,1,15,,74110,17,,,1,15,,74111,17,,,1,55,,74112,17,,,1,15,,74113,17,,,1,15,,74114,17,,,1,15,,74115,17,,,1,55,,74116,17,,,1
201,'20261110',636,,74117,17,,,1,70,,74118,17,,,1,15,,74119,17,,,1,15,,74120,17,,,1,15,,74121,17,,,1,55,,74122,17,,,1,15,,74123,17,,,1,15,,74124,17,,,1,15,,74125,17,,,1,55,,74126,17,,,1
201,'20261111',636,,74127,17,,,1,70,,74128,17,,,1,15,,74129,17,,,1,15,,74130,17,,,1,15,,74131,17,,,1,55,,74132,17,,,1,15,,74133,17,,,1,15,,74134,17,,,1,15,,74135,17,,,1,55,,74136,17,,,1
201,'20261112',636,,74137,17,,,1,70,,74138,17,,,1,15,,74139,17,,,1,15,,74140,17,,,1,15,,74141,17,,,1,55,,74142,17,,,1,15,,74143,17,,,1,15,,74144,17,,,1,15,,74145,17,,,1,55,,74146,17,,,1
201,'20261113',636,,74147,17,,,1,70,,74148,17,,,1,15,,74149,17,,,1,15,,74150,17,,,1,15,,74151,17,,,1,55,,74152,17,,,1,15,,74153,17,,,1,15,,74154,17,,,1,15,,74155,17,,,1,55,,74156,17,,,1
201,'20261116',636,,74157,17,,,1,70,,74158,17,,,1,15,,74159,17,,,1,15,,74160,17,,,1,15,,74161,17,,,1,55,,74162,17,,,1,15,,74163,17,,,1,15,,74164,17,,,1,15,,74165,17,,,1,55,,74166,17,,,1
201,'20261117',636,,74167,17,,,1,70,,74168,17,,,1,15,,74169,17,,,1,15,,74170,17,,,1,15,,74171,17,,,1,55,,74172,17,,,1,15,,74173,17,,,1,15,,74174,17,,,1,15,,74175,17,,,1,55,,74176,17,,,1
201,'20261118',636,,74177,17,,,1,70,,74178,17,,,1,15,,74179,17,,,1,15,,74180,17,,,1,15,,74181,17,,,1,55,,74182,17,,,1,15,,74183,17,,,1,15,,74184,17,,,1,15,,74185,17,,,1,55,,74186,17,,,1
201,'20261119',636,,74187,17,,,1,70,,74188,17,,,1,15,,74189,17,,,1,15,,74190,17,,,1,15,,74191,17,,,1,55,,74192,17,,,1,15,,74193,17,,,1,15,,74194,17,,,1,15,,74195,17,,,1,55,,74196,17,,,1
201,'20261120',636,,74197,17,,,1,70,,74198,17,,,1,15,,74199,17,,,1,15,,74200,17,,,1,15,,74201,17,,,1,55,,74202,17,,,1,15,,74203,17,,,1,15,,74204,17,,,1,15,,74205,17,,,1,55,,74206,17,,,1
201,'20261123',636,,74207,17,,,1,70,,74208,17,,,1,15,,74209,17,,,1,15,,74210,17,,,1,15,,74211,17,,,1,55,,74212,17,,,1,15,,74213,17,,,1,15,,74214,17,,,1,15,,74215,17,,,1,55,,74216,17,,,1
201,'20261124',636,,74217,17,,,1,70,,74218,17,,,1,15,,74219,17,,,1,15,,74220,17,,,1,15,,74221,17,,,1,55,,74222,17,,,1,15,,74223,17,,,1,15,,74224,17,,,1,15,,74225,17,,,1,55,,74226,17,,,1
201,'20261125',636,,74227,17,,,1,70,,74228,17,,,1,15,,74229,17,,,1,15,,74230,17,,,1,15,,74231,17,,,1,55,,74232,17,,,1,15,,74233,17,,,1,15,,74234,17,,,1,15,,74235,17,,,1,55,,74236,17,,,1
201,'20261126',636,,74237,17,,,1,70,,74238,17,,,1,15,,74239,17,,,1,15,,74240,17,,,1,15,,74241,17,,,1,55,,74242,17,,,1,15,,74243,17,,,1,15,,74244,17,,,1,15,,74245,17,,,1,55,,74246,17,,,1
201,'20261127',636,,74247,17,,,1,70,,74248,17,,,1,15,,74249,17,,,1,15,,74250,17,,,1,15,,74251,17,,,1,55,,74252,17,,,1,15,,74253,17,,,1,15,,74254,17,,,1,15,,74255,17,,,1,55,,74256,17,,,1
