300,'20261005',1036,,75314,29,0,35,1,300,,75315,29,0,35,1,300,,75316,29,0,35,1,79,,75311,29,0,35,1,23,,75309,29,4,,1,8,,75321,29,,,1,62,,75310,29,4,,1,8,,75312,29,0,35,1,31,,75320,29,0,35,1,67,,75313,29,0,35,1,322,,75317,29,0,35,1,100,,75318,29,0,35,1
300,'20261006',1036,,75354,29,0,35,1,300,,75355,29,0,35,1,300,,75356,29,0,35,1,79,,75351,29,0,35,1,23,,75349,29,4,,1,8,,75361,29,,,1,62,,75350,29,4,,1,8,,75352,29,0,35,1,31,,75360,29,0,35,1,67,,75353,29,0,35,1,322,,75357,29,0,35,1,100,,75358,29,0,35,1
300,'20261007',1036,,75394,29,0,35,1,300,,75395,29,0,35,1,300,,75396,29,0,35,1,79,,75391,29,0,35,1,23,,75389,29,4,,1,8,,75401,29,,,1,62,,75390,29,4,,1,8,,75392,29,0,35,1,31,,75400,29,0,35,1,67,,75393,29,0,35,1,322,,75397,29,0,35,1,100,,75398,29,0,35,1
300,'20261008',1036,,75434,29,0,35,1,300,,75435,29,0,35,1,300,,75436,29,0,35,1,79,,75431,29,0,35,1,23,,75429,29,4,,1,8,,75441,29,,,1,62,,75430,29,4,,1,8,,75432,29,0,35,1,31,,75440,29,0,35,1,67,,75433,29,0,35,1,322,,75437,29,0,35,1,100,,75438,29,0,35,1
300,'20261009',1036,,75474,29,0,35,1,300,,75475,29,0,35,1,300,,75476,29,0,35,1,79,,75471,29,0,35,1,23,,75469,29,4,,1,8,,75481,29,,,1,62,,75470,29,4,,1,8,,75472,29,0,35,1,31,,75480,29,0,35,1,67,,75473,29,0,35,1,322,,75477,29,0,35,1,100,,75478,29,0,35,1
300,'20261010',1749,,75505,29,0,35,1,600,,75506,29,0,35,1
300,'20261011',1749,,75531,29,0,35,1,600,,75532,29,0,35,1
300,'20261012',1749,,92444,29,0,35,1,600,,75570,29,0,35,1
300,'20261013',1036,,75606,29,0,35,1,300,,75607,29,0,35,1,300,,75608,29,0,35,1,79,,75603,29,0,35,1,23,,75601,29,4,,1,8,,75613,29,,,1,62,,75602,29,4,,1,8,,75604,29,0,35,1,31,,75612,29,0,35,1,67,,75605,29,0,35,1,322,,75609,29,0,35,1,100,,75610,29,0,35,1
300,'20261014',1036,,75646,29,0,35,1,300,,75647,29,0,35,1,300,,75648,29,0,35,1,79,,75643,29,0,35,1,23,,75641,29,4,,1,8,,75653,29,,,1,62,,75642,29,4,,1,8,,75644,29,0,35,1,31,,75652,29,0,35,1,67,,75645,29,0,35,1,322,,75649,29,0,35,1,100,,75650,29,0,35,1
300,'20261015',1036,,75686,29,0,35,1,300,,75687,29,0,35,1,300,,75688,29,0,35,1,79,,75683,29,0,35,1,23,,75681,29,4,,1,8,,75693,29,,,1,62,,75682,29,4,,1,8,,75684,29,0,35,1,31,,75692,29,0,35,1,67,,75685,29,0,35,1,322,,75689,29,0,35,1,100,,75690,29,0,35,1
300,'20261016',1036,,75726,29,0,35,1,300,,75727,29,0,35,1,300,,75728,29,0,35,1,79,,75723,29,0,35,1,23,,75721,29,4,,1,8,,75733,29,,,1,62,,75722,29,4,,1,8,,75724,29,0,35,1,31,,75732,29,0,35,1,67,,75725,29,0,35,1,322,,75729,29,0,35,1,100,,75730,29,0,35,1
300,'20261017',1749,,75757,29,0,35,1,600,,75758,29,0,35,1
300,'20261018',1749,,75783,29,0,35,1,600,,75784,29,0,35,1
300,'20261019',1036,,75818,29,0,35,1,300,,75819,29,0,35,1,300,,75820,29,0,35,1,79,,75815,29,0,35,1,23,,75813,29,4,,1,8,,75825,29,,,1,62,,75814,29,4,,1,8,,75816,29,0,35,1,31,,75824,29,0,35,1,67,,75817,29,0,35,1,322,,75821,29,0,35,1,100,,75822,29,0,35,1
300,'20261020',1036,,75858,29,0,35,1,300,,75859,29,0,35,1,300,,75860,29,0,35,1,79,,75855,29,0,35,1,23,,75853,29,4,,1,8,,75865,29,,,1,62,,75854,29,4,,1,8,,75856,29,0,35,1,31,,75864,29,0,35,1,67,,75857,29,0,35,1,322,,75861,29,0,35,1,100,,75862,29,0,35,1
300,'20261021',1036,,75898,29,0,35,1,300,,75899,29,0,35,1,300,,75900,29,0,35,1,79,,75895,29,0,35,1,23,,75893,29,4,,1,8,,75905,29,,,1,62,,75894,29,4,,1,8,,75896,29,0,35,1,31,,75904,29,0,35,1,67,,75897,29,0,35,1,322,,75901,29,0,35,1,100,,75902,29,0,35,1
300,'20261022',1036,,75938,29,0,35,1,300,,75939,29,0,35,1,300,,75940,29,0,35,1,79,,75935,29,0,35,1,23,,75933,29,4,,1,8,,75945,29,,,1,62,,75934,29,4,,1,8,,75936,29,0,35,1,31,,75944,29,0,35,1,67,,75937,29,0,35,1,322,,75941,29,0,35,1,100,,75942,29,0,35,1
300,'20261023',1036,,75978,29,0,35,1,300,,75979,29,0,35,1,300,,75980,29,0,35,1,79,,75975,29,0,35,1,23,,75973,29,4,,1,8,,75985,29,,,1,62,,75974,29,4,,1,8,,75976,29,0,35,1,31,,75984,29,0,35,1,67,,75977,29,0,35,1,322,,75981,29,0,35,1,100,,75982,29,0,35,1
300,'20261024',1749,,76009,29,0,35,1,600,,76010,29,0,35,1
300,'20261025',1749,,76035,29,0,35,1,600,,76036,29,0,35,1
300,'20261026',1036,,76070,29,0,35,1,300,,76071,29,0,35,1,300,,76072,29,0,35,1,79,,76067,29,0,35,1,23,,76065,29,4,,1,8,,76077,29,,,1,62,,76066,29,4,,1,8,,76068,29,0,35,1,31,,76076,29,0,35,1,67,,76069,29,0,35,1,322,,76073,29,0,35,1,100,,76074,29,0,35,1
300,'20261027',1036,,76110,29,0,35,1,300,,76111,29,0,35,1,300,,76112,29,0,35,1,79,,76107,29,0,35,1,23,,76105,29,4,,1,8,,76117,29,,,1,62,,76106,29,4,,1,8,,76108,29,0,35,1,31,,76116,29,0,35,1,67,,76109,29,0,35,1,322,,76113,29,0,35,1,100,,76114,29,0,35,1
300,'20261028',1036,,76150,29,0,35,1,300,,76151,29,0,35,1,300,,76152,29,0,35,1,79,,76147,29,0,35,1,23,,76145,29,4,,1,8,,76157,29,,,1,62,,76146,29,4,,1,8,,76148,29,0,35,1,31,,76156,29,0,35,1,67,,76149,29,0,35,1,322,,76153,29,0,35,1,100,,76154,29,0,35,1
300,'20261029',1036,,76190,29,0,35,1,300,,76191,29,0,35,1,300,,76192,29,0,35,1,79,,76187,29,0,35,1,23,,76185,29,4,,1,8,,76197,29,,,1,62,,76186,29,4,,1,8,,76188,29,0,35,1,31,,76196,29,0,35,1,67,,76189,29,0,35,1,322,,76193,29,0,35,1,100,,76194,29,0,35,1
300,'20261030',1036,,76230,29,0,35,1,300,,76231,29,0,35,1,300,,76232,29,0,35,1,79,,76227,29,0,35,1,23,,76225,29,4,,1,8,,76237,29,,,1,62,,76226,29,4,,1,8,,76228,29,0,35,1,31,,76236,29,0,35,1,67,,76229,29,0,35,1,322,,76233,29,0,35,1,100,,76234,29,0,35,1
300,'20261031',1749,,76261,29,0,35,1,600,,76262,29,0,35,1
300,'20261101',1749,,76287,29,0,35,1,600,,76288,29,0,35,1
300,'20261102',1036,,76322,29,0,35,1,300,,76323,29,0,35,1,300,,76324,29,0,35,1,79,,76319,29,0,35,1,23,,76317,29,4,,1,8,,76329,29,,,1,62,,76318,29,4,,1,8,,76320,29,0,35,1,31,,76328,29,0,35,1,67,,76321,29,0,35,1,322,,76325,29,0,35,1,100,,76326,29,0,35,1
300,'20261103',1036,,76362,29,0,35,1,300,,76363,29,0,35,1,300,,76364,29,0,35,1,79,,76359,29,0,35,1,23,,76357,29,4,,1,8,,76369,29,,,1,62,,76358,29,4,,1,8,,76360,29,0,35,1,31,,76368,29,0,35,1,67,,76361,29,0,35,1,322,,76365,29,0,35,1,100,,76366,29,0,35,1
300,'20261104',1036,,76402,29,0,35,1,300,,76403,29,0,35,1,300,,76404,29,0,35,1,79,,76399,29,0,35,1,23,,76397,29,4,,1,8,,76409,29,,,1,62,,76398,29,4,,1,8,,76400,29,0,35,1,31,,76408,29,0,35,1,67,,76401,29,0,35,1,322,,76405,29,0,35,1,100,,76406,29,0,35,1
300,'20261105',1036,,76442,29,0,35,1,300,,76443,29,0,35,1,300,,76444,29,0,35,1,79,,76439,29,0,35,1,23,,76437,29,4,,1,8,,76449,29,,,1,62,,76438,29,4,,1,8,,76440,29,0,35,1,31,,76448,29,0,35,1,67,,76441,29,0,35,1,322,,76445,29,0,35,1,100,,76446,29,0,35,1
300,'20261106',1036,,76482,29,0,35,1,300,,76483,29,0,35,1,300,,76484,29,0,35,1,79,,76479,29,0,35,1,23,,76477,29,4,,1,8,,76489,29,,,1,62,,76478,29,4,,1,8,,76480,29,0,35,1,31,,76488,29,0,35,1,67,,76481,29,0,35,1,322,,76485,29,0,35,1,100,,76486,29,0,35,1
300,'20261107',1749,,76513,29,0,35,1,600,,76514,29,0,35,1
300,'20261108',1749,,76539,29,0,35,1,600,,76540,29,0,35,1
300,'20261109',1036,,76574,29,0,35,1,300,,76575,29,0,35,1,300,,76576,29,0,35,1,79,,76571,29,0,35,1,23,,76569,29,4,,1,8,,76581,29,,,1,62,,76570,29,4,,1,8,,76572,29,0,35,1,31,,76580,29,0,35,1,67,,76573,29,0,35,1,322,,76577,29,0,35,1,100,,76578,29,0,35,1
300,'20261110',1036,,76614,29,0,35,1,300,,76615,29,0,35,1,300,,76616,29,0,35,1,79,,76611,29,0,35,1,23,,76609,29,4,,1,8,,76621,29,,,1,62,,76610,29,4,,1,8,,76612,29,0,35,1,31,,76620,29,0,35,1,67,,76613,29,0,35,1,322,,76617,29,0,35,1,100,,76618,29,0,35,1
300,'20261111',1036,,76654,29,0,35,1,300,,76655,29,0,35,1,300,,76656,29,0,35,1,79,,76651,29,0,35,1,23,,76649,29,4,,1,8,,76661,29,,,1,62,,76650,29,4,,1,8,,76652,29,0,35,1,31,,76660,29,0,35,1,67,,76653,29,0,35,1,322,,76657,29,0,35,1,100,,76658,29,0,35,1
300,'20261112',1036,,76694,29,0,35,1,300,,76695,29,0,35,1,300,,76696,29,0,35,1,79,,76691,29,0,35,1,23,,76689,29,4,,1,8,,76701,29,,,1,62,,76690,29,4,,1,8,,76692,29,0,35,1,31,,76700,29,0,35,1,67,,76693,29,0,35,1,322,,76697,29,0,35,1,100,,76698,29,0,35,1
300,'20261113',1036,,76734,29,0,35,1,300,,76735,29,0,35,1,300,,76736,29,0,35,1,79,,76731,29,0,35,1,23,,76729,29,4,,1,8,,76741,29,,,1,62,,76730,29,4,,1,8,,76732,29,0,35,1,31,,76740,29,0,35,1,67,,76733,29,0,35,1,322,,76737,29,0,35,1,100,,76738,29,0,35,1
300,'20261114',1749,,76765,29,0,35,1,600,,76766,29,0,35,1
300,'20261115',1749,,76791,29,0,35,1,600,,76792,29,0,35,1
300,'20261116',1036,,76826,29,0,35,1,300,,76827,29,0,35,1,300,,76828,29,0,35,1,79,,76823,29,0,35,1,23,,76821,29,4,,1,8,,76833,29,,,1,62,,76822,29,4,,1,8,,76824,29,0,35,1,31,,76832,29,0,35,1,67,,76825,29,0,35,1,322,,76829,29,0,35,1,100,,76830,29,0,35,1
300,'20261117',1036,,76866,29,0,35,1,300,,76867,29,0,35,1,300,,76868,29,0,35,1,79,,76863,29,0,35,1,23,,76861,29,4,,1,8,,76873,29,,,1,62,,76862,29,4,,1,8,,76864,29,0,35,1,31,,76872,29,0,35,1,67,,76865,29,0,35,1,322,,76869,29,0,35,1,100,,76870,29,0,35,1
300,'20261118',1036,,76906,29,0,35,1,300,,76907,29,0,35,1,300,,76908,29,0,35,1,79,,76903,29,0,35,1,23,,76901,29,4,,1,8,,76913,29,,,1,62,,76902,29,4,,1,8,,76904,29,0,35,1,31,,76912,29,0,35,1,67,,76905,29,0,35,1,322,,76909,29,0,35,1,100,,76910,29,0,35,1
300,'20261119',1036,,76946,29,0,35,1,300,,76947,29,0,35,1,300,,76948,29,0,35,1,79,,76943,29,0,35,1,23,,76941,29,4,,1,8,,76953,29,,,1,62,,76942,29,4,,1,8,,76944,29,0,35,1,31,,76952,29,0,35,1,67,,76945,29,0,35,1,322,,76949,29,0,35,1,100,,76950,29,0,35,1
300,'20261120',1036,,76986,29,0,35,1,300,,76987,29,0,35,1,300,,76988,29,0,35,1,79,,76983,29,0,35,1,23,,76981,29,4,,1,8,,76993,29,,,1,62,,76982,29,4,,1,8,,76984,29,0,35,1,31,,76992,29,0,35,1,67,,76985,29,0,35,1,322,,76989,29,0,35,1,100,,76990,29,0,35,1
300,'20261121',1749,,77017,29,0,35,1,600,,77018,29,0,35,1
300,'20261122',1749,,77043,29,0,35,1,600,,77044,29,0,35,1
300,'20261123',1036,,77078,29,0,35,1,300,,77079,29,0,35,1,300,,77080,29,0,35,1,79,,77075,29,0,35,1,23,,77073,29,4,,1,8,,77085,29,,,1,62,,77074,29,4,,1,8,,77076,29,0,35,1,31,,77084,29,0,35,1,67,,77077,29,0,35,1,322,,77081,29,0,35,1,100,,77082,29,0,35,1
300,'20261124',1036,,77118,29,0,35,1,300,,77119,29,0,35,1,300,,77120,29,0,35,1,79,,77115,29,0,35,1,23,,77113,29,4,,1,8,,77125,29,,,1,62,,77114,29,4,,1,8,,77116,29,0,35,1,31,,77124,29,0,35,1,67,,77117,29,0,35,1,322,,77121,29,0,35,1,100,,77122,29,0,35,1
300,'20261125',1036,,77158,29,0,35,1,300,,77159,29,0,35,1,300,,77160,29,0,35,1,79,,77155,29,0,35,1,23,,77153,29,4,,1,8,,77165,29,,,1,62,,77154,29,4,,1,8,,77156,29,0,35,1,31,,77164,29,0,35,1,67,,77157,29,0,35,1,322,,77161,29,0,35,1,100,,77162,29,0,35,1
300,'20261126',1036,,77198,29,0,35,1,300,,77199,29,0,35,1,300,,77200,29,0,35,1,79,,77195,29,0,35,1,23,,77193,29,4,,1,8,,77205,29,,,1,62,,77194,29,4,,1,8,,77196,29,0,35,1,31,,77204,29,0,35,1,67,,77197,29,0,35,1,322,,77201,29,0,35,1,100,,77202,29,0,35,1
300,'20261127',1036,,77238,29,0,35,1,300,,77239,29,0,35,1,300,,77240,29,0,35,1,79,,77235,29,0,35,1,23,,77233,29,4,,1,8,,77245,29,,,1,62,,77234,29,4,,1,8,,77236,29,0,35,1,31,,77244,29,0,35,1,67,,77237,29,0,35,1,322,,77241,29,0,35,1,100,,77242,29,0,35,1
301,'20261005',534,,78299,1,,,1,70,,78301,14,,,1,22,,78300,1,,,1,30,,78308,14,,,1,70,,78302,14,,,1,30,,78311,23,,,1,70,,78303,14,,,1,30,,78309,14,,,1,68,,78310,14,,,1,312,,78305,14,,,1,300,,78306,14,,,1,600,,78307,14,,,1
301,'20261006',534,,78339,1,,,1,70,,78341,14,,,1,22,,78340,1,,,1,30,,78348,14,,,1,70,,78342,14,,,1,30,,78351,23,,,1,70,,78343,14,,,1,30,,78349,14,,,1,68,,78350,14,,,1,312,,78345,14,,,1,300,,78346,14,,,1,600,,78347,14,,,1
301,'20261007',534,,78379,1,,,1,70,,78381,14,,,1,22,,78380,1,,,1,30,,78388,14,,,1,70,,78382,14,,,1,30,,78391,23,,,1,70,,78383,14,,,1,30,,78389,14,,,1,68,,78390,14,,,1,312,,78385,14,,,1,300,,78386,14,,,1,600,,78387,14,,,1
301,'20261008',534,,78419,1,,,1,70,,78421,14,,,1,22,,78420,1,,,1,30,,78428,14,,,1,70,,78422,14,,,1,30,,78431,23,,,1,70,,78423,14,,,1,30,,78429,14,,,1,68,,78430,14,,,1,312,,78425,14,,,1,300,,78426,14,,,1,600,,78427,14,,,1
301,'20261009',534,,78459,1,,,1,70,,78461,14,,,1,22,,78460,1,,,1,30,,78468,14,,,1,70,,78462,14,,,1,30,,78471,23,,,1,70,,78463,14,,,1,30,,78469,14,,,1,68,,78470,14,,,1,312,,78465,14,,,1,300,,78466,14,,,1,600,,78467,14,,,1
301,'20261010',837,,78495,14,,,1,800,,78496,14,,,1
301,'20261011',837,,78521,14,,,1,800,,78522,14,,,1
301,'20261012',837,,92461,14,,,1,800,,92462,14,,,1
301,'20261013',534,,78591,1,,,1,70,,78593,14,,,1,22,,78592,1,,,1,30,,78600,14,,,1,70,,78594,14,,,1,30,,78603,23,,,1,70,,78595,14,,,1,30,,78601,14,,,1,68,,78602,14,,,1,312,,78597,14,,,1,300,,78598,14,,,1,600,,78599,14,,,1
301,'20261014',534,,78631,1,,,1,70,,78633,14,,,1,22,,78632,1,,,1,30,,78640,14,,,1,70,,78634,14,,,1,30,,78643,23,,,1,70,,78635,14,,,1,30,,78641,14,,,1,68,,78642,14,,,1,312,,78637,14,,,1,300,,78638,14,,,1,600,,78639,14,,,1
301,'20261015',534,,78671,1,,,1,70,,78673,14,,,1,22,,78672,1,,,1,30,,78680,14,,,1,70,,78674,14,,,1,30,,78683,23,,,1,70,,78675,14,,,1,30,,78681,14,,,1,68,,78682,14,,,1,312,,78677,14,,,1,300,,78678,14,,,1,600,,78679,14,,,1
301,'20261016',534,,78711,1,,,1,70,,78713,14,,,1,22,,78712,1,,,1,30,,78720,14,,,1,70,,78714,14,,,1,30,,78723,23,,,1,70,,78715,14,,,1,30,,78721,14,,,1,68,,78722,14,,,1,312,,78717,14,,,1,300,,78718,14,,,1,600,,78719,14,,,1
301,'20261017',837,,78747,14,,,1,800,,78748,14,,,1
301,'20261018',837,,78773,14,,,1,800,,78774,14,,,1
301,'20261019',534,,78803,1,,,1,70,,78805,14,,,1,22,,78804,1,,,1,30,,78812,14,,,1,70,,78806,14,,,1,30,,78815,23,,,1,70,,78807,14,,,1,30,,78813,14,,,1,68,,78814,14,,,1,312,,78809,14,,,1,300,,78810,14,,,1,600,,78811,14,,,1
301,'20261020',534,,78843,1,,,1,70,,78845,14,,,1,22,,78844,1,,,1,30,,78852,14,,,1,70,,78846,14,,,1,30,,78855,23,,,1,70,,78847,14,,,1,30,,78853,14,,,1,68,,78854,14,,,1,312,,78849,14,,,1,300,,78850,14,,,1,600,,78851,14,,,1
301,'20261021',534,,78883,1,,,1,70,,78885,14,,,1,22,,78884,1,,,1,30,,78892,14,,,1,70,,78886,14,,,1,30,,78895,23,,,1,70,,78887,14,,,1,30,,78893,14,,,1,68,,78894,14,,,1,312,,78889,14,,,1,300,,78890,14,,,1,600,,78891,14,,,1
301,'20261022',534,,78923,1,,,1,70,,78925,14,,,1,22,,78924,1,,,1,30,,78932,14,,,1,70,,78926,14,,,1,30,,78935,23,,,1,70,,78927,14,,,1,30,,78933,14,,,1,68,,78934,14,,,1,312,,78929,14,,,1,300,,78930,14,,,1,600,,78931,14,,,1
301,'20261023',534,,78963,1,,,1,70,,78965,14,,,1,22,,78964,1,,,1,30,,78972,14,,,1,70,,78966,14,,,1,30,,78975,23,,,1,70,,78967,14,,,1,30,,78973,14,,,1,68,,78974,14,,,1,312,,78969,14,,,1,300,,78970,14,,,1,600,,78971,14,,,1
301,'20261024',837,,78999,14,,,1,800,,79000,14,,,1
301,'20261025',837,,79025,14,,,1,800,,79026,14,,,1
301,'20261026',534,,79055,1,,,1,70,,79057,14,,,1,22,,79056,1,,,1,30,,79064,14,,,1,70,,79058,14,,,1,30,,79067,23,,,1,70,,79059,14,,,1,30,,79065,14,,,1,68,,79066,14,,,1,312,,79061,14,,,1,300,,79062,14,,,1,600,,79063,14,,,1
301,'20261027',534,,79095,1,,,1,70,,79097,14,,,1,22,,79096,1,,,1,30,,79104,14,,,1,70,,79098,14,,,1,30,,79107,23,,,1,70,,79099,14,,,1,30,,79105,14,,,1,68,,79106,14,,,1,312,,79101,14,,,1,300,,79102,14,,,1,600,,79103,14,,,1
301,'20261028',534,,79135,1,,,1,70,,79137,14,,,1,22,,79136,1,,,1,30,,79144,14,,,1,70,,79138,14,,,1,30,,79147,23,,,1,70,,79139,14,,,1,30,,79145,14,,,1,68,,79146,14,,,1,312,,79141,14,,,1,300,,79142,14,,,1,600,,79143,14,,,1
301,'20261029',534,,79175,1,,,1,70,,79177,14,,,1,22,,79176,1,,,1,30,,79184,14,,,1,70,,79178,14,,,1,30,,79187,23,,,1,70,,79179,14,,,1,30,,79185,14,,,1,68,,79186,14,,,1,312,,79181,14,,,1,300,,79182,14,,,1,600,,79183,14,,,1
301,'20261030',534,,79215,1,,,1,70,,79217,14,,,1,22,,79216,1,,,1,30,,79224,14,,,1,70,,79218,14,,,1,30,,79227,23,,,1,70,,79219,14,,,1,30,,79225,14,,,1,68,,79226,14,,,1,312,,79221,14,,,1,300,,79222,14,,,1,600,,79223,14,,,1
301,'20261031',837,,79251,14,,,1,800,,79252,14,,,1
301,'20261101',837,,79277,14,,,1,800,,79278,14,,,1
301,'20261102',534,,79307,1,,,1,70,,79309,14,,,1,22,,79308,1,,,1,30,,79316,14,,,1,70,,79310,14,,,1,30,,79319,23,,,1,70,,79311,14,,,1,30,,79317,14,,,1,68,,79318,14,,,1,312,,79313,14,,,1,300,,79314,14,,,1,600,,79315,14,,,1
301,'20261103',534,,79347,1,,,1,70,,79349,14,,,1,22,,79348,1,,,1,30,,79356,14,,,1,70,,79350,14,,,1,30,,79359,23,,,1,70,,79351,14,,,1,30,,79357,14,,,1,68,,79358,14,,,1,312,,79353,14,,,1,300,,79354,14,,,1,600,,79355,14,,,1
301,'20261104',534,,79387,1,,,1,70,,79389,14,,,1,22,,79388,1,,,1,30,,79396,14,,,1,70,,79390,14,,,1,30,,79399,23,,,1,70,,79391,14,,,1,30,,79397,14,,,1,68,,79398,14,,,1,312,,79393,14,,,1,300,,79394,14,,,1,600,,79395,14,,,1
301,'20261105',534,,79427,1,,,1,70,,79429,14,,,1,22,,79428,1,,,1,30,,79436,14,,,1,70,,79430,14,,,1,30,,79439,23,,,1,70,,79431,14,,,1,30,,79437,14,,,1,68,,79438,14,,,1,312,,79433,14,,,1,300,,79434,14,,,1,600,,79435,14,,,1
301,'20261106',534,,79467,1,,,1,70,,79469,14,,,1,22,,79468,1,,,1,30,,79476,14,,,1,70,,79470,14,,,1,30,,79479,23,,,1,70,,79471,14,,,1,30,,79477,14,,,1,68,,79478,14,,,1,312,,79473,14,,,1,300,,79474,14,,,1,600,,79475,14,,,1
301,'20261107',837,,79503,14,,,1,800,,79504,14,,,1
301,'20261108',837,,79529,14,,,1,800,,79530,14,,,1
301,'20261109',534,,79559,1,,,1,70,,79561,14,,,1,22,,79560,1,,,1,30,,79568,14,,,1,70,,79562,14,,,1,30,,79571,23,,,1,70,,79563,14,,,1,30,,79569,14,,,1,68,,79570,14,,,1,312,,79565,14,,,1,300,,79566,14,,,1,600,,79567,14,,,1
301,'20261110',534,,79599,1,,,1,70,,79601,14,,,1,22,,79600,1,,,1,30,,79608,14,,,1,70,,79602,14,,,1,30,,79611,23,,,1,70,,79603,14,,,1,30,,79609,14,,,1,68,,79610,14,,,1,312,,79605,14,,,1,300,,79606,14,,,1,600,,79607,14,,,1
301,'20261111',534,,79639,1,,,1,70,,79641,14,,,1,22,,79640,1,,,1,30,,79648,14,,,1,70,,79642,14,,,1,30,,79651,23,,,1,70,,79643,14,,,1,30,,79649,14,,,1,68,,79650,14,,,1,312,,79645,14,,,1,300,,79646,14,,,1,600,,79647,14,,,1
301,'20261112',534,,79679,1,,,1,70,,79681,14,,,1,22,,79680,1,,,1,30,,79688,14,,,1,70,,79682,14,,,1,30,,79691,23,,,1,70,,79683,14,,,1,30,,79689,14,,,1,68,,79690,14,,,1,312,,79685,14,,,1,300,,79686,14,,,1,600,,79687,14,,,1
301,'20261113',534,,79719,1,,,1,70,,79721,14,,,1,22,,79720,1,,,1,30,,79728,14,,,1,70,,79722,14,,,1,30,,79731,23,,,1,70,,79723,14,,,1,30,,79729,14,,,1,68,,79730,14,,,1,312,,79725,14,,,1,300,,79726,14,,,1,600,,79727,14,,,1
301,'20261114',837,,79755,14,,,1,800,,79756,14,,,1
301,'20261115',837,,79781,14,,,1,800,,79782,14,,,1
301,'20261116',534,,79811,1,,,1,70,,79813,14,,,1,22,,79812,1,,,1,30,,79820,14,,,1,70,,79814,14,,,1,30,,79823,23,,,1,70,,79815,14,,,1,30,,79821,14,,,1,68,,79822,14,,,1,312,,79817,14,,,1,300,,79818,14,,,1,600,,79819,14,,,1
301,'20261117',534,,79851,1,,,1,70,,79853,14,,,1,22,,79852,1,,,1,30,,79860,14,,,1,70,,79854,14,,,1,30,,79863,23,,,1,70,,79855,14,,,1,30,,79861,14,,,1,68,,79862,14,,,1,312,,79857,14,,,1,300,,79858,14,,,1,600,,79859,14,,,1
301,'20261118',534,,79891,1,,,1,70,,79893,14,,,1,22,,79892,1,,,1,30,,79900,14,,,1,70,,79894,14,,,1,30,,79903,23,,,1,70,,79895,14,,,1,30,,79901,14,,,1,68,,79902,14,,,1,312,,79897,14,,,1,300,,79898,14,,,1,600,,79899,14,,,1
301,'20261119',534,,79931,1,,,1,70,,79933,14,,,1,22,,79932,1,,,1,30,,79940,14,,,1,70,,79934,14,,,1,30,,79943,23,,,1,70,,79935,14,,,1,30,,79941,14,,,1,68,,79942,14,,,1,312,,79937,14,,,1,300,,79938,14,,,1,600,,79939,14,,,1
301,'20261120',534,,79971,1,,,1,70,,79973,14,,,1,22,,79972,1,,,1,30,,79980,14,,,1,70,,79974,14,,,1,30,,79983,23,,,1,70,,79975,14,,,1,30,,79981,14,,,1,68,,79982,14,,,1,312,,79977,14,,,1,300,,79978,14,,,1,600,,79979,14,,,1
301,'20261121',837,,80007,14,,,1,800,,80008,14,,,1
301,'20261122',837,,80033,14,,,1,800,,80034,14,,,1
301,'20261123',534,,80063,1,,,1,70,,80065,14,,,1,22,,80064,1,,,1,30,,80072,14,,,1,70,,80066,14,,,1,30,,80075,23,,,1,70,,80067,14,,,1,30,,80073,14,,,1,68,,80074,14,,,1,312,,80069,14,,,1,300,,80070,14,,,1,600,,80071,14,,,1
301,'20261124',534,,80103,1,,,1,70,,80105,14,,,1,22,,80104,1,,,1,30,,80112,14,,,1,70,,80106,14,,,1,30,,80115,23,,,1,70,,80107,14,,,1,30,,80113,14,,,1,68,,80114,14,,,1,312,,80109,14,,,1,300,,80110,14,,,1,600,,80111,14,,,1
301,'20261125',534,,80143,1,,,1,70,,80145,14,,,1,22,,80144,1,,,1,30,,80152,14,,,1,70,,80146,14,,,1,30,,80155,23,,,1,70,,80147,14,,,1,30,,80153,14,,,1,68,,80154,14,,,1,312,,80149,14,,,1,300,,80150,14,,,1,600,,80151,14,,,1
301,'20261126',534,,80183,1,,,1,70,,80185,14,,,1,22,,80184,1,,,1,30,,80192,14,,,1,70,,80186,14,,,1,30,,80195,23,,,1,70,,80187,14,,,1,30,,80193,14,,,1,68,,80194,14,,,1,312,,80189,14,,,1,300,,80190,14,,,1,600,,80191,14,,,1
301,'20261127',534,,80223,1,,,1,70,,80225,14,,,1,22,,80224,1,,,1,30,,80232,14,,,1,70,,80226,14,,,1,30,,80235,23,,,1,70,,80227,14,,,1,30,,80233,14,,,1,68,,80234,14,,,1,312,,80229,14,,,1,300,,80230,14,,,1,600,,80231,14,,,1
