700,'20260814',744,,65584,20,4,,1,198,,53335,20,0,23 24,1,69,,65585,20,4,,1,31,,53336,20,0,23 24,1,69,,65586,20,4,,1,31,,53337,20,0,23 24,1,98,,53338,20,0,23 24,1,100,,53339,20,0,23 24,1,100,,53340,20,0,23 24,1,100,,53346,20,,,1,73,,53333,20,4,,1,22,,53347,20,,,1,75,,53351,20,,,1,21,,53334,20,4,,1,9,,53348,20,,,1,72,,53352,20,,,1,43,,53341,20,0,23 24,1,85,,53342,20,0,23 24,1,100,,53343,20,0,23 24,1,100,,53344,20,0,23 24,1,100,,53345,20,0,23 24,1,99,,53349,20,,,1,100,,53350,20,,,1
700,'20260815',911,,65587,20,4,,1,30,,53353,20,0,23 24,1,70,,65588,20,4,,1,30,,53354,20,0,23 24,1,70,,65589,20,4,,1,30,,53355,20,0,23 24,1,100,,53356,20,0,23 24,1,100,,53357,20,0,23 24,1,100,,53358,20,0,23 24,1,99,,53359,20,0,23 24,1,100,,53360,20,0,23 24,1,100,,53361,20,0,23 24,1,99,,53362,20,0,23 24,1,100,,53363,20,0,23 24,1,100,,53364,20,0,23 24,1,100,,53365,20,,,1,100,,53366,20,,,1,100,,53367,20,,,1
700,'20260816',841,,65590,20,4,,1,100,,53368,20,0,23 24,1,70,,65591,20,4,,1,30,,53369,20,0,23 24,1,70,,65592,20,4,,1,30,,53370,20,0,23 24,1,99,,53371,20,0,23 24,1,100,,53372,20,0,23 24,1,100,,53373,20,0,23 24,1,101,,53374,20,0,23 24,1,98,,53375,20,0,23 24,1,100,,53376,20,0,23 24,1,100,,53377,20,0,23 24,1,100,,53378,20,0,23 24,1,100,,53379,20,0,23 24,1,100,,53380,20,,,1,100,,53381,20,,,1,100,,53382,20,,,1
700,'20260817',940,,53385,20,0,23 24,1,100,,53386,20,0,23 24,1,100,,53387,20,0,23 24,1,100,,53388,20,0,23 24,1,100,,53389,20,0,23 24,1,100,,53390,20,0,23 24,1,100,,65265,20,,,1,73,,65261,20,4,,1,27,,65266,20,,,1,70,,65269,20,,,1,21,,65262,20,4,,1,9,,65267,20,,,1,72,,65270,20,,,1,43,,53391,20,0,23 24,1,85,,53392,20,0,23 24,1,100,,53393,20,0,23 24,1,100,,65263,20,0,23 24,1,100,,65264,20,0,23 24,1,99,,53399,20,,,1,100,,65268,20,,,1
700,'20260818',940,,53405,20,0,23 24,1,100,,53406,20,0,23 24,1,100,,53407,20,0,23 24,1,100,,53408,20,0,23 24,1,100,,53409,20,0,23 24,1,100,,53410,20,0,23 24,1,100,,53416,20,,,1,73,,53403,20,4,,1,27,,53417,20,,,1,70,,53421,20,,,1,21,,53404,20,4,,1,9,,53418,20,,,1,72,,53422,20,,,1,43,,53411,20,0,23 24,1,85,,53412,20,0,23 24,1,100,,53413,20,0,23 24,1,100,,53414,20,0,23 24,1,100,,53415,20,0,23 24,1,99,,53419,20,,,1,100,,53420,20,,,1
700,'20260819',940,,53425,20,0,23 24,1,100,,53426,20,0,23 24,1,100,,53427,20,0,23 24,1,100,,53428,20,0,23 24,1,100,,53429,20,0,23 24,1,100,,53430,20,0,23 24,1,100,,53436,20,,,1,73,,53423,20,4,,1,27,,53437,20,,,1,70,,53441,20,,,1,21,,53424,20,4,,1,9,,53438,20,,,1,72,,53442,20,,,1,43,,53431,20,0,23 24,1,85,,53432,20,0,23 24,1,100,,53433,20,0,23 24,1,100,,53434,20,0,23 24,1,100,,53435,20,0,23 24,1,99,,53439,20,,,1,100,,53440,20,,,1
700,'20260820',940,,53445,20,0,23 24,1,100,,53446,20,0,23 24,1,100,,53447,20,0,23 24,1,100,,53448,20,0,23 24,1,100,,53449,20,0,23 24,1,100,,53450,20,0,23 24,1,100,,53456,20,,,1,73,,53443,20,4,,1,27,,53457,20,,,1,70,,53461,20,,,1,21,,53444,20,4,,1,9,,53458,20,,,1,72,,53462,20,,,1,43,,53451,20,0,23 24,1,85,,53452,20,0,23 24,1,100,,53453,20,0,23 24,1,100,,53454,20,0,23 24,1,100,,53455,20,0,23 24,1,99,,53459,20,,,1,100,,53460,20,,,1
700,'20260821',940,,53465,20,0,23 24,1,100,,53466,20,0,23 24,1,100,,53467,20,0,23 24,1,100,,53468,20,0,23 24,1,100,,53469,20,0,23 24,1,100,,53470,20,0,23 24,1,100,,53476,20,,,1,73,,53463,20,4,,1,27,,53477,20,,,1,70,,53481,20,,,1,21,,53464,20,4,,1,9,,53478,20,,,1,72,,53482,20,,,1,43,,53471,20,0,23 24,1,85,,53472,20,0,23 24,1,100,,53473,20,0,23 24,1,100,,53474,20,0,23 24,1,100,,53475,20,0,23 24,1,99,,53479,20,,,1,100,,53480,20,,,1
700,'20260822',939,,53483,20,0,23 24,1,100,,53484,20,0,23 24,1,100,,53485,20,0,23 24,1,100,,53486,20,0,23 24,1,100,,53487,20,0,23 24,1,100,,53488,20,0,23 24,1,100,,53489,20,0,23 24,1,100,,53490,20,0,23 24,1,100,,53491,20,0,23 24,1,100,,53492,20,0,23 24,1,100,,53493,20,0,23 24,1,100,,53494,20,0,23 24,1,100,,53495,20,,,1,100,,53496,20,,,1,100,,53497,20,,,1
700,'20260823',939,,53498,20,0,23 24,1,100,,53499,20,0,23 24,1,100,,53500,20,0,23 24,1,100,,53501,20,0,23 24,1,100,,53502,20,0,23 24,1,100,,53503,20,0,23 24,1,100,,53504,20,0,23 24,1,100,,53505,20,0,23 24,1,100,,53506,20,0,23 24,1,100,,53507,20,0,23 24,1,100,,53508,20,0,23 24,1,100,,53509,20,0,23 24,1,100,,53510,20,,,1,100,,53511,20,,,1,100,,53512,20,,,1
700,'20260824',940,,53515,20,0,23 24,1,100,,53516,20,0,23 24,1,100,,53517,20,0,23 24,1,100,,53518,20,0,23 24,1,100,,53519,20,0,23 24,1,100,,53520,20,0,23 24,1,100,,65275,20,,,1,73,,65271,20,4,,1,27,,65276,20,,,1,70,,65279,20,,,1,21,,65272,20,4,,1,9,,65277,20,,,1,72,,65280,20,,,1,43,,53521,20,0,23 24,1,85,,53522,20,0,23 24,1,100,,53523,20,0,23 24,1,100,,65273,20,0,23 24,1,100,,65274,20,0,23 24,1,99,,53529,20,,,1,100,,65278,20,,,1
700,'20260825',940,,53535,20,0,23 24,1,100,,53536,20,0,23 24,1,100,,53537,20,0,23 24,1,100,,53538,20,0,23 24,1,100,,53539,20,0,23 24,1,100,,53540,20,0,23 24,1,100,,53546,20,,,1,73,,53533,20,4,,1,27,,53547,20,,,1,70,,53551,20,,,1,21,,53534,20,4,,1,9,,53548,20,,,1,72,,53552,20,,,1,43,,53541,20,0,23 24,1,85,,53542,20,0,23 24,1,100,,53543,20,0,23 24,1,100,,53544,20,0,23 24,1,100,,53545,20,0,23 24,1,99,,53549,20,,,1,100,,53550,20,,,1
700,'20260826',940,,53555,20,0,23 24,1,100,,53556,20,0,23 24,1,100,,53557,20,0,23 24,1,100,,53558,20,0,23 24,1,100,,53559,20,0,23 24,1,100,,53560,20,0,23 24,1,100,,53566,20,,,1,73,,53553,20,4,,1,27,,53567,20,,,1,70,,53571,20,,,1,21,,53554,20,4,,1,9,,53568,20,,,1,72,,53572,20,,,1,43,,53561,20,0,23 24,1,85,,53562,20,0,23 24,1,100,,53563,20,0,23 24,1,100,,53564,20,0,23 24,1,100,,53565,20,0,23 24,1,99,,53569,20,,,1,100,,53570,20,,,1
700,'20260827',940,,53575,20,0,23 24,1,100,,53576,20,0,23 24,1,100,,53577,20,0,23 24,1,100,,53578,20,0,23 24,1,100,,53579,20,0,23 24,1,100,,53580,20,0,23 24,1,100,,53586,20,,,1,73,,53573,20,4,,1,27,,53587,20,,,1,70,,53591,20,,,1,21,,53574,20,4,,1,9,,53588,20,,,1,72,,53592,20,,,1,43,,53581,20,0,23 24,1,85,,53582,20,0,23 24,1,100,,53583,20,0,23 24,1,100,,53584,20,0,23 24,1,100,,53585,20,0,23 24,1,99,,53589,20,,,1,100,,53590,20,,,1
700,'20260828',940,,53595,20,0,23 24,1,100,,53596,20,0,23 24,1,100,,53597,20,0,23 24,1,100,,53598,20,0,23 24,1,100,,53599,20,0,23 24,1,100,,53600,20,0,23 24,1,100,,53606,20,,,1,73,,53593,20,4,,1,27,,53607,20,,,1,70,,53611,20,,,1,21,,53594,20,4,,1,9,,53608,20,,,1,72,,53612,20,,,1,43,,53601,20,0,23 24,1,85,,53602,20,0,23 24,1,100,,53603,20,0,23 24,1,100,,53604,20,0,23 24,1,100,,53605,20,0,23 24,1,99,,53609,20,,,1,100,,53610,20,,,1
700,'20260829',939,,53613,20,0,23 24,1,100,,53614,20,0,23 24,1,100,,53615,20,0,23 24,1,100,,53616,20,0,23 24,1,100,,53617,20,0,23 24,1,100,,53618,20,0,23 24,1,100,,53619,20,0,23 24,1,100,,53620,20,0,23 24,1,100,,53621,20,0,23 24,1,100,,53622,20,0,23 24,1,100,,53623,20,0,23 24,1,100,,53624,20,0,23 24,1,100,,53625,20,,,1,100,,53626,20,,,1,100,,53627,20,,,1
700,'20260830',939,,53628,20,0,23 24,1,100,,53629,20,0,23 24,1,100,,53630,20,0,23 24,1,100,,53631,20,0,23 24,1,100,,53632,20,0,23 24,1,100,,53633,20,0,23 24,1,100,,53634,20,0,23 24,1,100,,53635,20,0,23 24,1,100,,53636,20,0,23 24,1,100,,53637,20,0,23 24,1,100,,53638,20,0,23 24,1,100,,53639,20,0,23 24,1,100,,53640,20,,,1,100,,53641,20,,,1,100,,53642,20,,,1
700,'20260831',940,,53645,20,0,23 24,1,100,,53646,20,0,23 24,1,100,,53647,20,0,23 24,1,100,,53648,20,0,23 24,1,100,,53649,20,0,23 24,1,100,,53650,20,0,23 24,1,100,,65285,20,,,1,73,,65281,20,4,,1,27,,65286,20,,,1,70,,65289,20,,,1,21,,65282,20,4,,1,9,,65287,20,,,1,72,,65290,20,,,1,43,,53651,20,0,23 24,1,85,,53652,20,0,23 24,1,100,,53653,20,0,23 24,1,100,,65283,20,0,23 24,1,100,,65284,20,0,23 24,1,99,,53659,20,,,1,100,,65288,20,,,1
700,'20260901',940,,53665,20,0,23 24,1,100,,53666,20,0,23 24,1,100,,53667,20,0,23 24,1,100,,53668,20,0,23 24,1,100,,53669,20,0,23 24,1,100,,53670,20,0,23 24,1,100,,53676,20,,,1,73,,53663,20,4,,1,27,,53677,20,,,1,70,,53681,20,,,1,21,,53664,20,4,,1,9,,53678,20,,,1,72,,53682,20,,,1,43,,53671,20,0,23 24,1,85,,53672,20,0,23 24,1,100,,53673,20,0,23 24,1,100,,53674,20,0,23 24,1,100,,53675,20,0,23 24,1,99,,53679,20,,,1,100,,53680,20,,,1
700,'20260902',940,,53685,20,0,23 24,1,100,,53686,20,0,23 24,1,100,,53687,20,0,23 24,1,100,,53688,20,0,23 24,1,100,,53689,20,0,23 24,1,100,,53690,20,0,23 24,1,100,,53696,20,,,1,73,,53683,20,4,,1,27,,53697,20,,,1,70,,53701,20,,,1,21,,53684,20,4,,1,9,,53698,20,,,1,72,,53702,20,,,1,43,,53691,20,0,23 24,1,85,,53692,20,0,23 24,1,100,,53693,20,0,23 24,1,100,,53694,20,0,23 24,1,100,,53695,20,0,23 24,1,99,,53699,20,,,1,100,,53700,20,,,1
700,'20260903',940,,53705,20,0,23 24,1,100,,53706,20,0,23 24,1,100,,53707,20,0,23 24,1,100,,53708,20,0,23 24,1,100,,53709,20,0,23 24,1,100,,53710,20,0,23 24,1,100,,53716,20,,,1,73,,53703,20,4,,1,27,,53717,20,,,1,70,,53721,20,,,1,21,,53704,20,4,,1,9,,53718,20,,,1,72,,53722,20,,,1,43,,53711,20,0,23 24,1,85,,53712,20,0,23 24,1,100,,53713,20,0,23 24,1,100,,53714,20,0,23 24,1,100,,53715,20,0,23 24,1,99,,53719,20,,,1,100,,53720,20,,,1
700,'20260904',940,,53725,20,0,23 24,1,100,,53726,20,0,23 24,1,100,,53727,20,0,23 24,1,100,,53728,20,0,23 24,1,100,,53729,20,0,23 24,1,100,,53730,20,0,23 24,1,100,,53736,20,,,1,73,,53723,20,4,,1,27,,53737,20,,,1,70,,53741,20,,,1,21,,53724,20,4,,1,9,,53738,20,,,1,72,,53742,20,,,1,43,,53731,20,0,23 24,1,85,,53732,20,0,23 24,1,100,,53733,20,0,23 24,1,100,,53734,20,0,23 24,1,100,,53735,20,0,23 24,1,99,,53739,20,,,1,100,,53740,20,,,1
701,'20260814',539,,54874,9,,,1,100,,54875,9,,,1,70,,54879,9,,,1,30,,54876,9,,,1,20,,54863,1,,,1,50,,54880,9,,,1,30,,54877,9,,,1,100,,54878,9,,,1,97,,54864,6,,,1,100,,54865,6,,,1,103,,54866,6,,,1,100,,54867,6,,,1,100,,54868,6,,,1,97,,54869,6,,,1,96,,65594,1,,,1,107,,54862,1,,,1,84,,65593,1,,,1,77,,65595,1,,,1,39,,54870,6,,,1,100,,54871,6,,,1,100,,54872,6,,,1,100,,54873,6,,,1
701,'20260815',740,,54893,9,,,1,100,,54894,9,,,1,97,,54895,9,,,1,100,,54881,6,,,1,100,,54882,6,,,1,100,,54883,6,,,1,100,,54884,6,,,1,100,,54885,6,,,1,100,,54886,6,,,1,67,,65596,1,,,1,33,,54887,6,,,1,67,,65597,1,,,1,33,,54888,6,,,1,67,,65598,1,,,1,36,,54889,6,,,1,100,,54890,6,,,1,100,,54891,6,,,1,100,,54892,6,,,1
701,'20260816',740,,54908,9,,,1,100,,54909,9,,,1,97,,54910,9,,,1,100,,54896,6,,,1,100,,54897,6,,,1,100,,54898,6,,,1,67,,65599,1,,,1,33,,54899,6,,,1,67,,65600,1,,,1,33,,54900,6,,,1,67,,65601,1,,,1,33,,54901,6,,,1,103,,54902,6,,,1,100,,54903,6,,,1,100,,54904,6,,,1,100,,54905,6,,,1,100,,54906,6,,,1,100,,54907,6,,,1
701,'20260817',539,,65301,9,,,1,100,,65302,9,,,1,70,,65303,9,,,1,30,,54925,9,,,1,20,,65299,1,,,1,50,,65304,9,,,1,30,,54926,9,,,1,100,,54927,9,,,1,100,,54913,6,,,1,100,,54914,6,,,1,100,,54915,6,,,1,100,,54916,6,,,1,100,,54917,6,,,1,100,,54918,6,,,1,200,,65298,1,,,1,200,,54919,6,,,1,100,,54920,6,,,1,100,,54921,6,,,1,100,,65300,6,,,1
701,'20260818',539,,54942,9,,,1,100,,54943,9,,,1,70,,54947,9,,,1,30,,54944,9,,,1,20,,54931,1,,,1,50,,54948,9,,,1,30,,54945,9,,,1,100,,54946,9,,,1,100,,54932,6,,,1,100,,54933,6,,,1,100,,54934,6,,,1,100,,54935,6,,,1,100,,54936,6,,,1,100,,54937,6,,,1,200,,54930,1,,,1,200,,54938,6,,,1,100,,54939,6,,,1,100,,54940,6,,,1,100,,54941,6,,,1
701,'20260819',539,,54961,9,,,1,100,,54962,9,,,1,70,,54966,9,,,1,30,,54963,9,,,1,20,,54950,1,,,1,50,,54967,9,,,1,30,,54964,9,,,1,100,,54965,9,,,1,100,,54951,6,,,1,100,,54952,6,,,1,100,,54953,6,,,1,100,,54954,6,,,1,100,,54955,6,,,1,100,,54956,6,,,1,200,,54949,1,,,1,200,,54957,6,,,1,100,,54958,6,,,1,100,,54959,6,,,1,100,,54960,6,,,1
701,'20260820',539,,54980,9,,,1,100,,54981,9,,,1,70,,54985,9,,,1,30,,54982,9,,,1,20,,54969,1,,,1,50,,54986,9,,,1,30,,54983,9,,,1,100,,54984,9,,,1,100,,54970,6,,,1,100,,54971,6,,,1,100,,54972,6,,,1,100,,54973,6,,,1,100,,54974,6,,,1,100,,54975,6,,,1,200,,54968,1,,,1,200,,54976,6,,,1,100,,54977,6,,,1,100,,54978,6,,,1,100,,54979,6,,,1
701,'20260821',539,,54999,9,,,1,100,,55000,9,,,1,70,,55004,9,,,1,30,,55001,9,,,1,20,,54988,1,,,1,50,,55005,9,,,1,30,,55002,9,,,1,100,,55003,9,,,1,100,,54989,6,,,1,100,,54990,6,,,1,100,,54991,6,,,1,100,,54992,6,,,1,100,,54993,6,,,1,100,,54994,6,,,1,97,,65602,1,,,1,103,,54987,1,,,1,200,,54995,6,,,1,100,,54996,6,,,1,100,,54997,6,,,1,100,,54998,6,,,1
701,'20260822',740,,55018,9,,,1,100,,55019,9,,,1,100,,55020,9,,,1,100,,55006,6,,,1,100,,55007,6,,,1,100,,55008,6,,,1,100,,55009,6,,,1,100,,55010,6,,,1,100,,55011,6,,,1,100,,55012,6,,,1,100,,55013,6,,,1,100,,55014,6,,,1,100,,55015,6,,,1,100,,55016,6,,,1,100,,55017,6,,,1
701,'20260823',740,,55033,9,,,1,100,,55034,9,,,1,100,,55035,9,,,1,100,,55021,6,,,1,100,,55022,6,,,1,100,,55023,6,,,1,100,,55024,6,,,1,100,,55025,6,,,1,100,,55026,6,,,1,100,,55027,6,,,1,100,,55028,6,,,1,100,,55029,6,,,1,100,,55030,6,,,1,100,,55031,6,,,1,100,,55032,6,,,1
701,'20260824',539,,65308,9,,,1,100,,65309,9,,,1,70,,65310,9,,,1,30,,55050,9,,,1,20,,65306,1,,,1,50,,65311,9,,,1,30,,55051,9,,,1,100,,55052,9,,,1,100,,55038,6,,,1,100,,55039,6,,,1,100,,55040,6,,,1,100,,55041,6,,,1,100,,55042,6,,,1,100,,55043,6,,,1,97,,65603,1,,,1,103,,65305,1,,,1,200,,55044,6,,,1,100,,55045,6,,,1,100,,55046,6,,,1,100,,65307,6,,,1
701,'20260825',539,,55067,9,,,1,100,,55068,9,,,1,70,,55072,9,,,1,30,,55069,9,,,1,20,,55056,1,,,1,50,,55073,9,,,1,30,,55070,9,,,1,100,,55071,9,,,1,100,,55057,6,,,1,100,,55058,6,,,1,100,,55059,6,,,1,100,,55060,6,,,1,100,,55061,6,,,1,100,,55062,6,,,1,97,,65604,1,,,1,103,,55055,1,,,1,200,,55063,6,,,1,100,,55064,6,,,1,100,,55065,6,,,1,100,,55066,6,,,1
701,'20260826',539,,55086,9,,,1,100,,55087,9,,,1,70,,55091,9,,,1,30,,55088,9,,,1,20,,55075,1,,,1,50,,55092,9,,,1,30,,55089,9,,,1,100,,55090,9,,,1,100,,55076,6,,,1,100,,55077,6,,,1,100,,55078,6,,,1,100,,55079,6,,,1,100,,55080,6,,,1,100,,55081,6,,,1,97,,65605,1,,,1,103,,55074,1,,,1,200,,55082,6,,,1,100,,55083,6,,,1,100,,55084,6,,,1,100,,55085,6,,,1
701,'20260827',539,,55105,9,,,1,100,,55106,9,,,1,70,,55110,9,,,1,30,,55107,9,,,1,20,,55094,1,,,1,50,,55111,9,,,1,30,,55108,9,,,1,100,,55109,9,,,1,100,,55095,6,,,1,100,,55096,6,,,1,100,,55097,6,,,1,100,,55098,6,,,1,100,,55099,6,,,1,100,,55100,6,,,1,97,,65606,1,,,1,103,,55093,1,,,1,200,,55101,6,,,1,100,,55102,6,,,1,100,,55103,6,,,1,100,,55104,6,,,1
701,'20260828',539,,55124,9,,,1,100,,55125,9,,,1,70,,55129,9,,,1,30,,55126,9,,,1,20,,55113,1,,,1,50,,55130,9,,,1,30,,55127,9,,,1,100,,55128,9,,,1,100,,55114,6,,,1,100,,55115,6,,,1,100,,55116,6,,,1,100,,55117,6,,,1,100,,55118,6,,,1,100,,55119,6,,,1,97,,65607,1,,,1,103,,55112,1,,,1,200,,55120,6,,,1,100,,55121,6,,,1,100,,55122,6,,,1,100,,55123,6,,,1
701,'20260829',740,,55143,9,,,1,100,,55144,9,,,1,100,,55145,9,,,1,100,,55131,6,,,1,100,,55132,6,,,1,100,,55133,6,,,1,100,,55134,6,,,1,100,,55135,6,,,1,100,,55136,6,,,1,100,,55137,6,,,1,100,,55138,6,,,1,100,,55139,6,,,1,100,,55140,6,,,1,100,,55141,6,,,1,100,,55142,6,,,1
701,'20260830',740,,55158,9,,,1,100,,55159,9,,,1,100,,55160,9,,,1,100,,55146,6,,,1,100,,55147,6,,,1,100,,55148,6,,,1,100,,55149,6,,,1,100,,55150,6,,,1,100,,55151,6,,,1,100,,55152,6,,,1,100,,55153,6,,,1,100,,55154,6,,,1,100,,55155,6,,,1,100,,55156,6,,,1,100,,55157,6,,,1
701,'20260831',539,,65315,9,,,1,100,,65316,9,,,1,70,,65317,9,,,1,30,,55175,9,,,1,20,,65313,1,,,1,50,,65318,9,,,1,30,,55176,9,,,1,100,,55177,9,,,1,100,,55163,6,,,1,100,,55164,6,,,1,100,,55165,6,,,1,100,,55166,6,,,1,100,,55167,6,,,1,100,,55168,6,,,1,97,,65608,1,,,1,103,,65312,1,,,1,200,,55169,6,,,1,100,,55170,6,,,1,100,,55171,6,,,1,100,,65314,6,,,1
701,'20260901',539,,55192,9,,,1,100,,55193,9,,,1,70,,55197,9,,,1,30,,55194,9,,,1,20,,55181,1,,,1,50,,55198,9,,,1,30,,55195,9,,,1,100,,55196,9,,,1,100,,55182,6,,,1,100,,55183,6,,,1,100,,55184,6,,,1,100,,55185,6,,,1,100,,55186,6,,,1,100,,55187,6,,,1,97,,65609,1,,,1,103,,55180,1,,,1,200,,55188,6,,,1,100,,55189,6,,,1,100,,55190,6,,,1,100,,55191,6,,,1
701,'20260902',539,,55211,9,,,1,100,,55212,9,,,1,70,,55216,9,,,1,30,,55213,9,,,1,20,,55200,1,,,1,50,,55217,9,,,1,30,,55214,9,,,1,100,,55215,9,,,1,100,,55201,6,,,1,100,,55202,6,,,1,100,,55203,6,,,1,100,,55204,6,,,1,100,,55205,6,,,1,100,,55206,6,,,1,97,,65610,1,,,1,103,,55199,1,,,1,200,,55207,6,,,1,100,,55208,6,,,1,100,,55209,6,,,1,100,,55210,6,,,1
701,'20260903',539,,55230,9,,,1,100,,55231,9,,,1,70,,55235,9,,,1,30,,55232,9,,,1,20,,55219,1,,,1,50,,55236,9,,,1,30,,55233,9,,,1,100,,55234,9,,,1,100,,55220,6,,,1,100,,55221,6,,,1,100,,55222,6,,,1,100,,55223,6,,,1,100,,55224,6,,,1,100,,55225,6,,,1,97,,65611,1,,,1,103,,55218,1,,,1,200,,55226,6,,,1,100,,55227,6,,,1,100,,55228,6,,,1,100,,55229,6,,,1
701,'20260904',539,,55249,9,,,1,100,,55250,9,,,1,70,,55254,9,,,1,30,,55251,9,,,1,20,,55238,1,,,1,50,,55255,9,,,1,30,,55252,9,,,1,100,,55253,9,,,1,100,,55239,6,,,1,100,,55240,6,,,1,100,,55241,6,,,1,100,,55242,6,,,1,100,,55243,6,,,1,100,,55244,6,,,1,97,,65612,1,,,1,103,,55237,1,,,1,200,,55245,6,,,1,100,,55246,6,,,1,100,,55247,6,,,1,100,,55248,6,,,1
