100,'20260814',703,,35757,26,0,10,1,30,,35781,26,0,11 12,1,78,,35758,26,0,10,1,30,,35782,26,0,11 12,1,70,,35759,26,0,10,1,30,,35783,26,0,11 12,1,70,,35760,26,0,10,1,30,,35784,26,0,11 12,1,70,,35761,26,0,10,1,30,,35785,26,0,11 12,1,70,,35762,26,0,10,1,30,,35797,26,0,13,1,70,,35763,26,0,10,1,30,,35786,26,0,11 12,1,70,,35764,26,0,10,1,30,,35787,26,0,11 12,1,70,,35765,26,0,10,1,30,,35788,26,0,11 12,1,70,,35766,26,0,10,1,24,,35800,26,0,17 18,1,9,,35799,26,0,13,1,61,,35796,26,0,11 12,1,10,,35774,26,0,10,1,20,,35801,26,0,17 18,1,9,,35805,26,,,1,61,,35802,26,0,17 18,1,10,,35775,26,0,10,1,14,,35780,26,4,,1,6,,35803,26,0,17 18,1,12,,35789,26,0,11 12,1,65,,35767,26,0,10,1,30,,35798,26,0,13,1,70,,35768,26,0,10,1,30,,35790,26,0,11 12,1,70,,35769,26,0,10,1,30,,35791,26,0,11 12,1,70,,35770,26,0,10,1,30,,35792,26,0,11 12,1,70,,35771,26,0,10,1,30,,35793,26,0,11 12,1,70,,35772,26,0,10,1,30,,35794,26,0,11 12,1,70,,35773,26,0,10,1,30,,35795,26,0,11 12,1
100,'20260815',941,,35839,26,0,11 12,1,70,,35807,26,0,10,1,30,,35840,26,0,11 12,1,70,,35808,26,0,10,1,30,,35841,26,0,11 12,1,70,,35809,26,0,10,1,30,,35842,26,0,11 12,1,70,,35810,26,0,10,1,30,,35843,26,0,11 12,1,70,,35811,26,0,10,1,30,,35844,26,0,11 12,1,70,,35812,26,0,10,1,30,,35854,26,0,13,1,70,,35813,26,0,10,1,30,,35845,26,0,11 12,1,70,,35814,26,0,10,1,30,,35846,26,0,11 12,1,71,,35815,26,0,10,1,30,,35847,26,0,11 12,1,70,,35816,26,0,10,1,30,,35848,26,0,11 12,1,70,,35817,26,0,10,1,30,,35849,26,0,11 12,1,70,,35818,26,0,10,1,30,,35855,26,0,13,1,70,,35819,26,0,10,1,30,,35850,26,0,11 12,1,70,,35820,26,0,10,1,30,,35851,26,0,11 12,1,71,,35821,26,0,10,1,31,,35852,26,0,11 12,1,70,,35822,26,0,10,1,30,,35853,26,0,11 12,1
100,'20260816',941,,35892,26,0,11 12,1,70,,35860,26,0,10,1,30,,35893,26,0,11 12,1,70,,35861,26,0,10,1,30,,35894,26,0,11 12,1,70,,35862,26,0,10,1,30,,35895,26,0,11 12,1,70,,35863,26,0,10,1,30,,35896,26,0,11 12,1,70,,35864,26,0,10,1,30,,35897,26,0,11 12,1,70,,35865,26,0,10,1,30,,35907,26,0,13,1,70,,35866,26,0,10,1,30,,35898,26,0,11 12,1,70,,35867,26,0,10,1,30,,35899,26,0,11 12,1,71,,35868,26,0,10,1,30,,35900,26,0,11 12,1,70,,35869,26,0,10,1,30,,35901,26,0,11 12,1,70,,35870,26,0,10,1,30,,35902,26,0,11 12,1,70,,35871,26,0,10,1,30,,35908,26,0,13,1,70,,35872,26,0,10,1,30,,35903,26,0,11 12,1,70,,35873,26,0,10,1,30,,35904,26,0,11 12,1,71,,35874,26,0,10,1,31,,35905,26,0,11 12,1,70,,35875,26,0,10,1
100,'20260817',703,,64654,26,0,10,1,30,,64660,26,0,11 12,1,78,,64655,26,0,10,1,30,,64661,26,0,11 12,1,70,,64656,26,0,10,1,30,,35938,26,0,11 12,1,70,,35916,26,0,10,1,30,,35939,26,0,11 12,1,70,,35917,26,0,10,1,30,,35940,26,0,11 12,1,70,,35918,26,0,10,1,30,,64665,26,0,13,1,70,,35919,26,0,10,1,30,,35941,26,0,11 12,1,70,,35920,26,0,10,1,30,,35942,26,0,11 12,1,70,,35921,26,0,10,1,30,,64662,26,0,11 12,1,70,,35922,26,0,10,1,24,,64668,26,0,17 18,1,9,,64667,26,0,13,1,61,,64664,26,0,11 12,1,10,,64657,26,0,10,1,20,,64669,26,0,17 18,1,9,,35959,26,,,1,61,,64670,26,0,17 18,1,10,,64658,26,0,10,1,14,,35935,26,4,,1,6,,64671,26,0,17 18,1,12,,35944,26,0,11 12,1,65,,35923,26,0,10,1,30,,64666,26,0,13,1,70,,35924,26,0,10,1,30,,35945,26,0,11 12,1,70,,35925,26,0,10,1,30,,64663,26,0,11 12,1,70,,35926,26,0,10,1,30,,35947,26,0,11 12,1,70,,35927,26,0,10,1,30,,35948,26,0,11 12,1,59,,64659,26,0,10,1,41,,35949,26,0,11 12,1
100,'20260818',703,,35961,26,0,10,1,30,,35984,26,0,11 12,1,78,,35962,26,0,10,1,30,,35985,26,0,11 12,1,70,,35963,26,0,10,1,30,,35986,26,0,11 12,1,70,,35964,26,0,10,1,30,,35987,26,0,11 12,1,70,,35965,26,0,10,1,30,,35988,26,0,11 12,1,70,,35966,26,0,10,1,30,,35999,26,0,13,1,70,,35967,26,0,10,1,30,,35989,26,0,11 12,1,70,,35968,26,0,10,1,30,,35990,26,0,11 12,1,70,,35969,26,0,10,1,30,,35991,26,0,11 12,1,70,,35970,26,0,10,1,24,,36002,26,0,17 18,1,9,,36001,26,0,13,1,61,,35998,26,0,11 12,1,10,,35976,26,0,10,1,20,,36003,26,0,17 18,1,9,,36007,26,,,1,61,,36004,26,0,17 18,1,10,,35977,26,0,10,1,14,,35983,26,4,,1,6,,36005,26,0,17 18,1,12,,35992,26,0,11 12,1,65,,35971,26,0,10,1,30,,36000,26,0,13,1,70,,35972,26,0,10,1,30,,35993,26,0,11 12,1,70,,35973,26,0,10,1,30,,35994,26,0,11 12,1,70,,35974,26,0,10,1,30,,35995,26,0,11 12,1,70,,35975,26,0,10,1,30,,35996,26,0,11 12,1,59,,35980,26,0,10,1,41,,35997,26,0,11 12,1
100,'20260819',703,,36009,26,0,10,1,30,,36032,26,0,11 12,1,78,,36010,26,0,10,1,30,,36033,26,0,11 12,1,70,,36011,26,0,10,1,30,,36034,26,0,11 12,1,70,,36012,26,0,10,1,30,,36035,26,0,11 12,1,70,,36013,26,0,10,1,30,,36036,26,0,11 12,1,70,,36014,26,0,10,1,30,,36047,26,0,13,1,70,,36015,26,0,10,1,30,,36037,26,0,11 12,1,70,,36016,26,0,10,1,30,,36038,26,0,11 12,1,70,,36017,26,0,10,1,30,,36039,26,0,11 12,1,70,,36018,26,0,10,1,24,,36050,26,0,17 18,1,9,,36049,26,0,13,1,61,,36046,26,0,11 12,1,10,,36024,26,0,10,1,20,,36051,26,0,17 18,1,9,,36055,26,,,1,61,,36052,26,0,17 18,1,10,,36025,26,0,10,1,14,,36031,26,4,,1,6,,36053,26,0,17 18,1,12,,36040,26,0,11 12,1,65,,36019,26,0,10,1,30,,36048,26,0,13,1,70,,36020,26,0,10,1,30,,36041,26,0,11 12,1,70,,36021,26,0,10,1,30,,36042,26,0,11 12,1,70,,36022,26,0,10,1,30,,36043,26,0,11 12,1,70,,36023,26,0,10,1,30,,36044,26,0,11 12,1,59,,36028,26,0,10,1,41,,36045,26,0,11 12,1
100,'20260820',703,,36057,26,0,10,1,30,,36080,26,0,11 12,1,78,,36058,26,0,10,1,30,,36081,26,0,11 12,1,70,,36059,26,0,10,1,30,,36082,26,0,11 12,1,70,,36060,26,0,10,1,30,,36083,26,0,11 12,1,70,,36061,26,0,10,1,30,,36084,26,0,11 12,1,70,,36062,26,0,10,1,30,,36095,26,0,13,1,70,,36063,26,0,10,1,30,,36085,26,0,11 12,1,70,,36064,26,0,10,1,30,,36086,26,0,11 12,1,70,,36065,26,0,10,1,30,,36087,26,0,11 12,1,70,,36066,26,0,10,1,24,,36098,26,0,17 18,1,9,,36097,26,0,13,1,61,,36094,26,0,11 12,1,10,,36072,26,0,10,1,20,,36099,26,0,17 18,1,9,,36103,26,,,1,61,,36100,26,0,17 18,1,10,,36073,26,0,10,1,14,,36079,26,4,,1,6,,36101,26,0,17 18,1,12,,36088,26,0,11 12,1,65,,36067,26,0,10,1,30,,36096,26,0,13,1,70,,36068,26,0,10,1,30,,36089,26,0,11 12,1,70,,36069,26,0,10,1,30,,36090,26,0,11 12,1,70,,36070,26,0,10,1,30,,36091,26,0,11 12,1,70,,36071,26,0,10,1,30,,36092,26,0,11 12,1,72,,65428,26,0,10,1,13,,65429,26,0,16,1,15,,36093,26,0,11 12,1
100,'20260821',703,,36105,26,0,10,1,30,,36129,26,0,11 12,1,78,,36106,26,0,10,1,30,,36130,26,0,11 12,1,70,,36107,26,0,10,1,30,,36131,26,0,11 12,1,70,,36108,26,0,10,1,30,,36132,26,0,11 12,1,71,,36109,26,0,10,1,30,,36133,26,0,11 12,1,70,,36110,26,0,10,1,30,,36145,26,0,13,1,70,,36111,26,0,10,1,30,,36134,26,0,11 12,1,70,,36112,26,0,10,1,30,,36135,26,0,11 12,1,70,,36113,26,0,10,1,30,,36136,26,0,11 12,1,70,,36114,26,0,10,1,24,,36148,26,0,17 18,1,9,,36147,26,0,13,1,61,,36144,26,0,11 12,1,10,,36122,26,0,10,1,20,,36149,26,0,17 18,1,9,,36153,26,,,1,61,,36150,26,0,17 18,1,10,,36123,26,0,10,1,19,,36151,26,0,17 18,1,13,,36137,26,0,11 12,1,64,,36115,26,0,10,1,30,,36146,26,0,13,1,70,,36116,26,0,10,1,30,,36138,26,0,11 12,1,70,,36117,26,0,10,1,30,,36139,26,0,11 12,1,70,,36118,26,0,10,1,30,,36140,26,0,11 12,1,9,,65431,26,,,1,61,,36119,26,0,10,1,30,,36141,26,0,11 12,1,70,,36120,26,0,10,1,30,,36142,26,0,11 12,1,70,,36121,26,0,10,1,30,,36143,26,0,11 12,1
100,'20260822',941,,36187,26,0,11 12,1,70,,36155,26,0,10,1,30,,36188,26,0,11 12,1,70,,36156,26,0,10,1,30,,36189,26,0,11 12,1,70,,36157,26,0,10,1,30,,36190,26,0,11 12,1,70,,36158,26,0,10,1,30,,36191,26,0,11 12,1,70,,36159,26,0,10,1,30,,36192,26,0,11 12,1,70,,36160,26,0,10,1,30,,36202,26,0,13,1,70,,36161,26,0,10,1,30,,36193,26,0,11 12,1,70,,36162,26,0,10,1,30,,36194,26,0,11 12,1,71,,36163,26,0,10,1,30,,36195,26,0,11 12,1,70,,36164,26,0,10,1,30,,36196,26,0,11 12,1,70,,36165,26,0,10,1,30,,36197,26,0,11 12,1,70,,36166,26,0,10,1,30,,36203,26,0,13,1,70,,36167,26,0,10,1,30,,36198,26,0,11 12,1,70,,36168,26,0,10,1,30,,36199,26,0,11 12,1,71,,36169,26,0,10,1,31,,36200,26,0,11 12,1,70,,36170,26,0,10,1,30,,36201,26,0,11 12,1
100,'20260823',941,,36240,26,0,11 12,1,70,,36208,26,0,10,1,30,,36241,26,0,11 12,1,70,,36209,26,0,10,1,30,,36242,26,0,11 12,1,70,,36210,26,0,10,1,30,,36243,26,0,11 12,1,70,,36211,26,0,10,1,30,,36244,26,0,11 12,1,70,,36212,26,0,10,1,30,,36245,26,0,11 12,1,70,,36213,26,0,10,1,30,,36255,26,0,13,1,70,,36214,26,0,10,1,30,,36246,26,0,11 12,1,70,,36215,26,0,10,1,30,,36247,26,0,11 12,1,71,,36216,26,0,10,1,30,,36248,26,0,11 12,1,70,,36217,26,0,10,1,30,,36249,26,0,11 12,1,70,,36218,26,0,10,1,30,,36250,26,0,11 12,1,70,,36219,26,0,10,1,30,,36256,26,0,13,1,70,,36220,26,0,10,1,30,,36251,26,0,11 12,1,70,,36221,26,0,10,1,30,,36252,26,0,11 12,1,71,,36222,26,0,10,1,31,,36253,26,0,11 12,1,70,,36223,26,0,10,1
100,'20260824',703,,64673,26,0,10,1,30,,64679,26,0,11 12,1,78,,64674,26,0,10,1,30,,64680,26,0,11 12,1,70,,64675,26,0,10,1,30,,36286,26,0,11 12,1,70,,36264,26,0,10,1,30,,36287,26,0,11 12,1,71,,36265,26,0,10,1,30,,36288,26,0,11 12,1,70,,36266,26,0,10,1,30,,64684,26,0,13,1,70,,36267,26,0,10,1,30,,36289,26,0,11 12,1,70,,36268,26,0,10,1,30,,36290,26,0,11 12,1,70,,36269,26,0,10,1,30,,64681,26,0,11 12,1,70,,36270,26,0,10,1,24,,64687,26,0,17 18,1,9,,64686,26,0,13,1,61,,64683,26,0,11 12,1,10,,64676,26,0,10,1,20,,64688,26,0,17 18,1,9,,36307,26,,,1,61,,64689,26,0,17 18,1,10,,64677,26,0,10,1,19,,64690,26,0,17 18,1,13,,36292,26,0,11 12,1,64,,36271,26,0,10,1,30,,64685,26,0,13,1,70,,36272,26,0,10,1,30,,36293,26,0,11 12,1,70,,36273,26,0,10,1,30,,64682,26,0,11 12,1,70,,36274,26,0,10,1,30,,36295,26,0,11 12,1,9,,65440,26,,,1,61,,36275,26,0,10,1,30,,36296,26,0,11 12,1,59,,64678,26,0,10,1,41,,36297,26,0,11 12,1
100,'20260825',703,,36309,26,0,10,1,30,,36332,26,0,11 12,1,78,,36310,26,0,10,1,30,,36333,26,0,11 12,1,70,,36311,26,0,10,1,30,,36334,26,0,11 12,1,70,,36312,26,0,10,1,30,,36335,26,0,11 12,1,71,,36313,26,0,10,1,30,,36336,26,0,11 12,1,70,,36314,26,0,10,1,30,,36347,26,0,13,1,70,,36315,26,0,10,1,30,,36337,26,0,11 12,1,70,,36316,26,0,10,1,30,,36338,26,0,11 12,1,70,,36317,26,0,10,1,30,,36339,26,0,11 12,1,70,,36318,26,0,10,1,24,,36350,26,0,17 18,1,9,,36349,26,0,13,1,61,,36346,26,0,11 12,1,10,,36324,26,0,10,1,20,,36351,26,0,17 18,1,9,,36355,26,,,1,61,,36352,26,0,17 18,1,10,,36325,26,0,10,1,19,,36353,26,0,17 18,1,13,,36340,26,0,11 12,1,64,,36319,26,0,10,1,30,,36348,26,0,13,1,70,,36320,26,0,10,1,30,,36341,26,0,11 12,1,70,,36321,26,0,10,1,30,,36342,26,0,11 12,1,70,,36322,26,0,10,1,30,,36343,26,0,11 12,1,9,,65443,26,,,1,61,,36323,26,0,10,1,30,,36344,26,0,11 12,1,59,,36328,26,0,10,1,41,,36345,26,0,11 12,1
100,'20260826',703,,36357,26,0,10,1,30,,36380,26,0,11 12,1,78,,36358,26,0,10,1,30,,36381,26,0,11 12,1,70,,36359,26,0,10,1,30,,36382,26,0,11 12,1,70,,36360,26,0,10,1,30,,36383,26,0,11 12,1,71,,36361,26,0,10,1,30,,36384,26,0,11 12,1,70,,36362,26,0,10,1,30,,36395,26,0,13,1,70,,36363,26,0,10,1,30,,36385,26,0,11 12,1,70,,36364,26,0,10,1,30,,36386,26,0,11 12,1,70,,36365,26,0,10,1,30,,36387,26,0,11 12,1,70,,36366,26,0,10,1,24,,36398,26,0,17 18,1,9,,36397,26,0,13,1,61,,36394,26,0,11 12,1,10,,36372,26,0,10,1,20,,36399,26,0,17 18,1,9,,36403,26,,,1,61,,36400,26,0,17 18,1,10,,36373,26,0,10,1,19,,36401,26,0,17 18,1,13,,36388,26,0,11 12,1,64,,36367,26,0,10,1,30,,36396,26,0,13,1,70,,36368,26,0,10,1,30,,36389,26,0,11 12,1,70,,36369,26,0,10,1,30,,36390,26,0,11 12,1,70,,36370,26,0,10,1,30,,36391,26,0,11 12,1,9,,65446,26,,,1,61,,36371,26,0,10,1,30,,36392,26,0,11 12,1,59,,36376,26,0,10,1,41,,36393,26,0,11 12,1
100,'20260827',703,,36405,26,0,10,1,30,,36428,26,0,11 12,1,78,,36406,26,0,10,1,30,,36429,26,0,11 12,1,70,,36407,26,0,10,1,30,,36430,26,0,11 12,1,70,,36408,26,0,10,1,30,,36431,26,0,11 12,1,71,,36409,26,0,10,1,30,,36432,26,0,11 12,1,70,,36410,26,0,10,1,30,,36443,26,0,13,1,70,,36411,26,0,10,1,30,,36433,26,0,11 12,1,70,,36412,26,0,10,1,30,,36434,26,0,11 12,1,70,,36413,26,0,10,1,30,,36435,26,0,11 12,1,70,,36414,26,0,10,1,24,,36446,26,0,17 18,1,9,,36445,26,0,13,1,61,,36442,26,0,11 12,1,10,,36420,26,0,10,1,20,,36447,26,0,17 18,1,9,,36451,26,,,1,61,,36448,26,0,17 18,1,10,,36421,26,0,10,1,19,,36449,26,0,17 18,1,13,,36436,26,0,11 12,1,64,,36415,26,0,10,1,30,,36444,26,0,13,1,70,,36416,26,0,10,1,30,,36437,26,0,11 12,1,70,,36417,26,0,10,1,30,,36438,26,0,11 12,1,70,,36418,26,0,10,1,30,,36439,26,0,11 12,1,9,,65449,26,,,1,61,,36419,26,0,10,1,30,,36440,26,0,11 12,1,59,,36424,26,0,10,1,41,,36441,26,0,11 12,1
100,'20260828',703,,36453,26,0,10,1,30,,36477,26,0,11 12,1,78,,36454,26,0,10,1,30,,36478,26,0,11 12,1,70,,36455,26,0,10,1,30,,36479,26,0,11 12,1,70,,36456,26,0,10,1,30,,36480,26,0,11 12,1,71,,36457,26,0,10,1,30,,36481,26,0,11 12,1,70,,36458,26,0,10,1,30,,36493,26,0,13,1,70,,36459,26,0,10,1,30,,36482,26,0,11 12,1,70,,36460,26,0,10,1,30,,36483,26,0,11 12,1,70,,36461,26,0,10,1,30,,36484,26,0,11 12,1,70,,36462,26,0,10,1,24,,36496,26,0,17 18,1,9,,36495,26,0,13,1,61,,36492,26,0,11 12,1,10,,36470,26,0,10,1,20,,36497,26,0,17 18,1,9,,36501,26,,,1,61,,36498,26,0,17 18,1,10,,36471,26,0,10,1,19,,36499,26,0,17 18,1,13,,36485,26,0,11 12,1,64,,36463,26,0,10,1,30,,36494,26,0,13,1,70,,36464,26,0,10,1,30,,36486,26,0,11 12,1,70,,36465,26,0,10,1,30,,36487,26,0,11 12,1,70,,36466,26,0,10,1,30,,36488,26,0,11 12,1,9,,65451,26,,,1,61,,36467,26,0,10,1,30,,36489,26,0,11 12,1,70,,36468,26,0,10,1,30,,36490,26,0,11 12,1,70,,36469,26,0,10,1,30,,36491,26,0,11 12,1
100,'20260829',941,,36535,26,0,11 12,1,70,,36503,26,0,10,1,30,,36536,26,0,11 12,1,70,,36504,26,0,10,1,30,,36537,26,0,11 12,1,70,,36505,26,0,10,1,30,,36538,26,0,11 12,1,70,,36506,26,0,10,1,30,,36539,26,0,11 12,1,70,,36507,26,0,10,1,30,,36540,26,0,11 12,1,70,,36508,26,0,10,1,30,,36550,26,0,13,1,70,,36509,26,0,10,1,30,,36541,26,0,11 12,1,70,,36510,26,0,10,1,30,,36542,26,0,11 12,1,71,,36511,26,0,10,1,30,,36543,26,0,11 12,1,70,,36512,26,0,10,1,30,,36544,26,0,11 12,1,70,,36513,26,0,10,1,30,,36545,26,0,11 12,1,70,,36514,26,0,10,1,30,,36551,26,0,13,1,70,,36515,26,0,10,1,30,,36546,26,0,11 12,1,70,,36516,26,0,10,1,30,,36547,26,0,11 12,1,71,,36517,26,0,10,1,31,,36548,26,0,11 12,1,70,,36518,26,0,10,1,30,,36549,26,0,11 12,1
100,'20260830',941,,36588,26,0,11 12,1,70,,36556,26,0,10,1,30,,36589,26,0,11 12,1,70,,36557,26,0,10,1,30,,36590,26,0,11 12,1,70,,36558,26,0,10,1,30,,36591,26,0,11 12,1,70,,36559,26,0,10,1,30,,36592,26,0,11 12,1,70,,36560,26,0,10,1,30,,36593,26,0,11 12,1,70,,36561,26,0,10,1,30,,36603,26,0,13,1,70,,36562,26,0,10,1,30,,36594,26,0,11 12,1,70,,36563,26,0,10,1,30,,36595,26,0,11 12,1,71,,36564,26,0,10,1,30,,36596,26,0,11 12,1,70,,36565,26,0,10,1,30,,36597,26,0,11 12,1,70,,36566,26,0,10,1,30,,36598,26,0,11 12,1,70,,36567,26,0,10,1,30,,36604,26,0,13,1,70,,36568,26,0,10,1,30,,36599,26,0,11 12,1,70,,36569,26,0,10,1,30,,36600,26,0,11 12,1,71,,36570,26,0,10,1,31,,36601,26,0,11 12,1,70,,36571,26,0,10,1
100,'20260831',703,,64692,26,0,10,1,30,,64698,26,0,11 12,1,78,,64693,26,0,10,1,30,,64699,26,0,11 12,1,70,,64694,26,0,10,1,30,,36634,26,0,11 12,1,70,,36612,26,0,10,1,30,,36635,26,0,11 12,1,71,,36613,26,0,10,1,30,,36636,26,0,11 12,1,70,,36614,26,0,10,1,30,,64703,26,0,13,1,70,,36615,26,0,10,1,30,,36637,26,0,11 12,1,70,,36616,26,0,10,1,30,,36638,26,0,11 12,1,70,,36617,26,0,10,1,30,,64700,26,0,11 12,1,70,,36618,26,0,10,1,24,,64706,26,0,17 18,1,9,,64705,26,0,13,1,61,,64702,26,0,11 12,1,10,,64695,26,0,10,1,20,,64707,26,0,17 18,1,9,,36655,26,,,1,61,,64708,26,0,17 18,1,10,,64696,26,0,10,1,19,,64709,26,0,17 18,1,13,,36640,26,0,11 12,1,64,,36619,26,0,10,1,30,,64704,26,0,13,1,70,,36620,26,0,10,1,30,,36641,26,0,11 12,1,70,,36621,26,0,10,1,30,,64701,26,0,11 12,1,70,,36622,26,0,10,1,30,,36643,26,0,11 12,1,9,,65460,26,,,1,61,,36623,26,0,10,1,30,,36644,26,0,11 12,1,59,,64697,26,0,10,1,41,,36645,26,0,11 12,1
100,'20260901',703,,36657,26,0,10,1,30,,36680,26,0,11 12,1,78,,36658,26,0,10,1,30,,36681,26,0,11 12,1,70,,36659,26,0,10,1,30,,36682,26,0,11 12,1,70,,36660,26,0,10,1,30,,36683,26,0,11 12,1,71,,36661,26,0,10,1,30,,36684,26,0,11 12,1,70,,36662,26,0,10,1,30,,36695,26,0,13,1,70,,36663,26,0,10,1,30,,36685,26,0,11 12,1,70,,36664,26,0,10,1,30,,36686,26,0,11 12,1,70,,36665,26,0,10,1,30,,36687,26,0,11 12,1,70,,36666,26,0,10,1,24,,36698,26,0,17 18,1,9,,36697,26,0,13,1,61,,36694,26,0,11 12,1,10,,36672,26,0,10,1,20,,36699,26,0,17 18,1,9,,36703,26,,,1,61,,36700,26,0,17 18,1,10,,36673,26,0,10,1,19,,36701,26,0,17 18,1,13,,36688,26,0,11 12,1,64,,36667,26,0,10,1,30,,36696,26,0,13,1,70,,36668,26,0,10,1,30,,36689,26,0,11 12,1,70,,36669,26,0,10,1,30,,36690,26,0,11 12,1,70,,36670,26,0,10,1,30,,36691,26,0,11 12,1,9,,65463,26,,,1,61,,36671,26,0,10,1,30,,36692,26,0,11 12,1,59,,36676,26,0,10,1,41,,36693,26,0,11 12,1
100,'20260902',703,,36705,26,0,10,1,30,,36728,26,0,11 12,1,78,,36706,26,0,10,1,30,,36729,26,0,11 12,1,70,,36707,26,0,10,1,30,,36730,26,0,11 12,1,70,,36708,26,0,10,1,30,,36731,26,0,11 12,1,71,,36709,26,0,10,1,30,,36732,26,0,11 12,1,70,,36710,26,0,10,1,30,,36743,26,0,13,1,70,,36711,26,0,10,1,30,,36733,26,0,11 12,1,70,,36712,26,0,10,1,30,,36734,26,0,11 12,1,70,,36713,26,0,10,1,30,,36735,26,0,11 12,1,70,,36714,26,0,10,1,24,,36746,26,0,17 18,1,9,,36745,26,0,13,1,61,,36742,26,0,11 12,1,10,,36720,26,0,10,1,20,,36747,26,0,17 18,1,9,,36751,26,,,1,61,,36748,26,0,17 18,1,10,,36721,26,0,10,1,19,,36749,26,0,17 18,1,13,,36736,26,0,11 12,1,64,,36715,26,0,10,1,30,,36744,26,0,13,1,70,,36716,26,0,10,1,30,,36737,26,0,11 12,1,70,,36717,26,0,10,1,30,,36738,26,0,11 12,1,70,,36718,26,0,10,1,30,,36739,26,0,11 12,1,9,,65466,26,,,1,61,,36719,26,0,10,1,30,,36740,26,0,11 12,1,59,,36724,26,0,10,1,41,,36741,26,0,11 12,1
100,'20260903',703,,36753,26,0,10,1,30,,36776,26,0,11 12,1,78,,36754,26,0,10,1,30,,36777,26,0,11 12,1,70,,36755,26,0,10,1,30,,36778,26,0,11 12,1,70,,36756,26,0,10,1,30,,36779,26,0,11 12,1,71,,36757,26,0,10,1,30,,36780,26,0,11 12,1,70,,36758,26,0,10,1,30,,36791,26,0,13,1,70,,36759,26,0,10,1,30,,36781,26,0,11 12,1,70,,36760,26,0,10,1,30,,36782,26,0,11 12,1,70,,36761,26,0,10,1,30,,36783,26,0,11 12,1,70,,36762,26,0,10,1,24,,36794,26,0,17 18,1,9,,36793,26,0,13,1,61,,36790,26,0,11 12,1,10,,36768,26,0,10,1,20,,36795,26,0,17 18,1,9,,36799,26,,,1,61,,36796,26,0,17 18,1,10,,36769,26,0,10,1,19,,36797,26,0,17 18,1,13,,36784,26,0,11 12,1,64,,36763,26,0,10,1,30,,36792,26,0,13,1,70,,36764,26,0,10,1,30,,36785,26,0,11 12,1,70,,36765,26,0,10,1,30,,36786,26,0,11 12,1,70,,36766,26,0,10,1,30,,36787,26,0,11 12,1,9,,65469,26,,,1,61,,36767,26,0,10,1,30,,36788,26,0,11 12,1,59,,36772,26,0,10,1,41,,36789,26,0,11 12,1
100,'20260904',703,,36801,26,0,10,1,30,,36825,26,0,11 12,1,78,,36802,26,0,10,1,30,,36826,26,0,11 12,1,70,,36803,26,0,10,1,30,,36827,26,0,11 12,1,70,,36804,26,0,10,1,30,,36828,26,0,11 12,1,71,,36805,26,0,10,1,30,,36829,26,0,11 12,1,70,,36806,26,0,10,1,30,,36841,26,0,13,1,70,,36807,26,0,10,1,30,,36830,26,0,11 12,1,70,,36808,26,0,10,1,30,,36831,26,0,11 12,1,70,,36809,26,0,10,1,30,,36832,26,0,11 12,1,70,,36810,26,0,10,1,24,,36844,26,0,17 18,1,9,,36843,26,0,13,1,61,,36840,26,0,11 12,1,10,,36818,26,0,10,1,20,,36845,26,0,17 18,1,9,,36849,26,,,1,61,,36846,26,0,17 18,1,10,,36819,26,0,10,1,19,,36847,26,0,17 18,1,13,,36833,26,0,11 12,1,64,,36811,26,0,10,1,30,,36842,26,0,13,1,70,,36812,26,0,10,1,30,,36834,26,0,11 12,1,70,,36813,26,0,10,1,30,,36835,26,0,11 12,1,70,,36814,26,0,10,1,30,,36836,26,0,11 12,1,9,,65471,26,,,1,61,,36815,26,0,10,1,30,,36837,26,0,11 12,1,70,,36816,26,0,10,1,30,,36838,26,0,11 12,1,70,,36817,26,0,10,1,30,,36839,26,0,11 12,1
101,'20260814',505,,40580,9,,,1,30,,40604,16,,,1,65,,40581,9,,,1,16,,40623,18,,,1,15,,40621,20,,,1,8,,40601,1,,,1,7,,40624,18,,,1,55,,40599,9,,,1,8,,40597,1,,,1,7,,40625,18,,,1,16,,40622,20,,,1,7,,40602,1,,,1,7,,40626,18,,,1,55,,40600,9,,,1,8,,40598,1,,,1,9,,40627,33,,,1,7,,40603,1,,,1,24,,40605,16,,,1,70,,40582,9,,,1,30,,40606,16,,,1,70,,40583,9,,,1,30,,40607,16,,,1,70,,40584,9,,,1,30,,40619,20,,,1,70,,40585,9,,,1,30,,40608,16,,,1,70,,40586,9,,,1,30,,40609,16,,,1,70,,40587,9,,,1,30,,40610,16,,,1,70,,40588,9,,,1,31,,40611,16,,,1,70,,40589,9,,,1,28,,40612,16,,,1,69,,40590,9,,,1,31,,40613,16,,,1,69,,40591,9,,,1,32,,40614,16,,,1,69,,40592,9,,,1,30,,40620,20,,,1,70,,40593,9,,,1,30,,40615,16,,,1,70,,40594,9,,,1,30,,40616,16,,,1,70,,40595,9,,,1,30,,40617,16,,,1,70,,40596,9,,,1,30,,40618,16,,,1
101,'20260815',723,,65472,3,,,1,25,,40675,20,,,1,70,,40630,9,,,1,30,,40676,20,,,1,70,,40631,9,,,1,30,,40677,20,,,1,70,,40632,9,,,1,30,,40663,16,,,1,70,,40633,9,,,1,30,,40678,20,,,1,70,,40634,9,,,1,30,,40664,16,,,1,70,,40635,9,,,1,30,,40665,16,,,1,70,,40636,9,,,1,30,,40666,16,,,1,70,,40637,9,,,1,30,,40667,16,,,1,70,,40638,9,,,1,30,,40668,16,,,1,70,,40639,9,,,1,30,,40669,16,,,1,70,,40640,9,,,1,30,,40670,16,,,1,70,,40641,9,,,1,30,,40679,20,,,1,70,,40642,9,,,1,30,,40671,16,,,1,70,,40643,9,,,1,30,,40672,16,,,1,70,,40644,9,,,1,30,,40673,16,,,1,70,,40645,9,,,1,30,,40674,16,,,1
101,'20260816',653,,65490,3,,,1,95,,40729,20,,,1,70,,40684,9,,,1,30,,40730,20,,,1,70,,40685,9,,,1,30,,40731,20,,,1,70,,40686,9,,,1,30,,40717,16,,,1,70,,40687,9,,,1,30,,40732,20,,,1,70,,40688,9,,,1,30,,40718,16,,,1,70,,40689,9,,,1,30,,40719,16,,,1,70,,40690,9,,,1,30,,40720,16,,,1,70,,40691,9,,,1,30,,40721,16,,,1,70,,40692,9,,,1,30,,40722,16,,,1,70,,40693,9,,,1,30,,40723,16,,,1,70,,40694,9,,,1,30,,40724,16,,,1,70,,40695,9,,,1,30,,40733,20,,,1,70,,40696,9,,,1,30,,40725,16,,,1,70,,40697,9,,,1,30,,40726,16,,,1,70,,40698,9,,,1,30,,40727,16,,,1,70,,40699,9,,,1
101,'20260817',505,,64732,9,,,1,30,,64741,16,,,1,70,,64733,9,,,1,11,,64746,18,,,1,15,,64744,20,,,1,8,,64738,1,,,1,7,,64747,18,,,1,55,,64736,9,,,1,8,,64734,1,,,1,7,,64748,18,,,1,16,,64745,20,,,1,7,,64739,1,,,1,7,,64749,18,,,1,55,,64737,9,,,1,8,,64735,1,,,1,9,,64750,33,,,1,7,,64740,1,,,1,24,,64742,16,,,1,70,,40740,9,,,1,30,,64743,16,,,1,70,,40741,9,,,1,30,,40765,16,,,1,70,,40742,9,,,1,30,,40775,20,,,1,70,,40743,9,,,1,30,,40766,16,,,1,70,,40744,9,,,1,30,,40767,16,,,1,70,,40745,9,,,1,30,,40768,16,,,1,70,,40746,9,,,1,31,,40769,16,,,1,70,,40747,9,,,1,28,,40770,16,,,1,69,,40748,9,,,1,31,,40771,16,,,1,69,,40749,9,,,1,32,,40772,16,,,1,69,,40750,9,,,1,30,,40776,20,,,1,70,,40751,9,,,1,30,,40773,16,,,1,70,,40752,9,,,1,30,,40774,16,,,1,70,,40753,9,,,1,100,,40754,9,,,1
101,'20260818',505,,40786,9,,,1,30,,40810,16,,,1,70,,40787,9,,,1,11,,40827,18,,,1,15,,40825,20,,,1,8,,40807,1,,,1,7,,40828,18,,,1,55,,40805,9,,,1,8,,40803,1,,,1,7,,40829,18,,,1,16,,40826,20,,,1,7,,40808,1,,,1,7,,40830,18,,,1,55,,40806,9,,,1,8,,40804,1,,,1,9,,40831,33,,,1,7,,40809,1,,,1,24,,40811,16,,,1,70,,40788,9,,,1,30,,40812,16,,,1,70,,40789,9,,,1,30,,40813,16,,,1,70,,40790,9,,,1,30,,40823,20,,,1,70,,40791,9,,,1,30,,40814,16,,,1,70,,40792,9,,,1,30,,40815,16,,,1,70,,40793,9,,,1,30,,40816,16,,,1,70,,40794,9,,,1,31,,40817,16,,,1,70,,40795,9,,,1,28,,40818,16,,,1,69,,40796,9,,,1,31,,40819,16,,,1,69,,40797,9,,,1,32,,40820,16,,,1,69,,40798,9,,,1,30,,40824,20,,,1,70,,40799,9,,,1,30,,40821,16,,,1,70,,40800,9,,,1,30,,40822,16,,,1,70,,40801,9,,,1,100,,40802,9,,,1
101,'20260819',505,,40834,9,,,1,30,,40858,16,,,1,70,,40835,9,,,1,11,,40875,18,,,1,15,,40873,20,,,1,8,,40855,1,,,1,7,,40876,18,,,1,55,,40853,9,,,1,8,,40851,1,,,1,7,,40877,18,,,1,16,,40874,20,,,1,7,,40856,1,,,1,7,,40878,18,,,1,55,,40854,9,,,1,8,,40852,1,,,1,9,,40879,33,,,1,7,,40857,1,,,1,24,,40859,16,,,1,70,,40836,9,,,1,30,,40860,16,,,1,70,,40837,9,,,1,30,,40861,16,,,1,70,,40838,9,,,1,30,,40871,20,,,1,70,,40839,9,,,1,30,,40862,16,,,1,70,,40840,9,,,1,30,,40863,16,,,1,70,,40841,9,,,1,30,,40864,16,,,1,70,,40842,9,,,1,31,,40865,16,,,1,70,,40843,9,,,1,28,,40866,16,,,1,69,,40844,9,,,1,31,,40867,16,,,1,69,,40845,9,,,1,32,,40868,16,,,1,69,,40846,9,,,1,30,,40872,20,,,1,70,,40847,9,,,1,30,,40869,16,,,1,70,,40848,9,,,1,30,,40870,16,,,1,70,,40849,9,,,1,100,,40850,9,,,1
101,'20260820',505,,40882,9,,,1,30,,40906,16,,,1,70,,40883,9,,,1,11,,40923,18,,,1,15,,40921,20,,,1,8,,40903,1,,,1,7,,40924,18,,,1,55,,40901,9,,,1,8,,40899,1,,,1,7,,40925,18,,,1,16,,40922,20,,,1,7,,40904,1,,,1,7,,40926,18,,,1,55,,40902,9,,,1,8,,40900,1,,,1,9,,40927,33,,,1,7,,40905,1,,,1,24,,40907,16,,,1,70,,40884,9,,,1,30,,40908,16,,,1,70,,40885,9,,,1,30,,40909,16,,,1,70,,40886,9,,,1,30,,40919,20,,,1,70,,40887,9,,,1,30,,40910,16,,,1,70,,40888,9,,,1,30,,40911,16,,,1,70,,40889,9,,,1,30,,40912,16,,,1,70,,40890,9,,,1,31,,40913,16,,,1,70,,40891,9,,,1,28,,40914,16,,,1,69,,40892,9,,,1,31,,40915,16,,,1,69,,40893,9,,,1,32,,40916,16,,,1,69,,40894,9,,,1,30,,40920,20,,,1,70,,40895,9,,,1,30,,40917,16,,,1,70,,40896,9,,,1,30,,40918,16,,,1,70,,40897,9,,,1,100,,40898,9,,,1
101,'20260821',505,,40930,9,,,1,30,,40954,16,,,1,70,,40931,9,,,1,11,,40973,18,,,1,15,,40971,20,,,1,8,,40951,1,,,1,7,,40974,18,,,1,55,,40949,9,,,1,8,,40947,1,,,1,7,,40975,18,,,1,16,,40972,20,,,1,7,,40952,1,,,1,7,,40976,18,,,1,55,,40950,9,,,1,8,,40948,1,,,1,9,,40977,33,,,1,7,,40953,1,,,1,24,,40955,16,,,1,69,,40932,9,,,1,30,,40956,16,,,1,70,,40933,9,,,1,30,,40957,16,,,1,70,,40934,9,,,1,30,,40969,20,,,1,70,,40935,9,,,1,30,,40958,16,,,1,70,,40936,9,,,1,30,,40959,16,,,1,70,,40937,9,,,1,30,,40960,16,,,1,70,,40938,9,,,1,31,,40961,16,,,1,70,,40939,9,,,1,29,,40962,16,,,1,68,,40940,9,,,1,32,,40963,16,,,1,69,,40941,9,,,1,32,,40964,16,,,1,69,,40942,9,,,1,30,,40970,20,,,1,70,,40943,9,,,1,30,,40965,16,,,1,70,,40944,9,,,1,30,,40966,16,,,1,70,,40945,9,,,1,30,,40967,16,,,1,70,,40946,9,,,1,30,,40968,16,,,1
101,'20260822',748,,41025,20,,,1,70,,40980,9,,,1,30,,41026,20,,,1,70,,40981,9,,,1,30,,41027,20,,,1,70,,40982,9,,,1,30,,41013,16,,,1,70,,40983,9,,,1,30,,41028,20,,,1,70,,40984,9,,,1,30,,41014,16,,,1,70,,40985,9,,,1,30,,41015,16,,,1,70,,40986,9,,,1,30,,41016,16,,,1,70,,40987,9,,,1,30,,41017,16,,,1,70,,40988,9,,,1,30,,41018,16,,,1,70,,40989,9,,,1,30,,41019,16,,,1,70,,40990,9,,,1,30,,41020,16,,,1,70,,40991,9,,,1,30,,41029,20,,,1,70,,40992,9,,,1,30,,41021,16,,,1,70,,40993,9,,,1,30,,41022,16,,,1,70,,40994,9,,,1,30,,41023,16,,,1,70,,40995,9,,,1,30,,41024,16,,,1
101,'20260823',748,,41079,20,,,1,70,,41034,9,,,1,30,,41080,20,,,1,70,,41035,9,,,1,30,,41081,20,,,1,70,,41036,9,,,1,30,,41067,16,,,1,70,,41037,9,,,1,30,,41082,20,,,1,70,,41038,9,,,1,30,,41068,16,,,1,70,,41039,9,,,1,30,,41069,16,,,1,70,,41040,9,,,1,30,,41070,16,,,1,70,,41041,9,,,1,30,,41071,16,,,1,70,,41042,9,,,1,30,,41072,16,,,1,70,,41043,9,,,1,30,,41073,16,,,1,70,,41044,9,,,1,30,,41074,16,,,1,70,,41045,9,,,1,30,,41083,20,,,1,70,,41046,9,,,1,30,,41075,16,,,1,70,,41047,9,,,1,30,,41076,16,,,1,70,,41048,9,,,1,30,,41077,16,,,1,70,,41049,9,,,1
101,'20260824',505,,64753,9,,,1,30,,64762,16,,,1,70,,64754,9,,,1,11,,64767,18,,,1,15,,64765,20,,,1,8,,64759,1,,,1,7,,64768,18,,,1,55,,64757,9,,,1,8,,64755,1,,,1,7,,64769,18,,,1,16,,64766,20,,,1,7,,64760,1,,,1,7,,64770,18,,,1,55,,64758,9,,,1,8,,64756,1,,,1,9,,64771,33,,,1,7,,64761,1,,,1,24,,64763,16,,,1,69,,41090,9,,,1,30,,64764,16,,,1,70,,41091,9,,,1,30,,41115,16,,,1,70,,41092,9,,,1,30,,41125,20,,,1,70,,41093,9,,,1,30,,41116,16,,,1,70,,41094,9,,,1,30,,41117,16,,,1,70,,41095,9,,,1,30,,41118,16,,,1,70,,41096,9,,,1,31,,41119,16,,,1,70,,41097,9,,,1,29,,41120,16,,,1,68,,41098,9,,,1,32,,41121,16,,,1,69,,41099,9,,,1,32,,41122,16,,,1,69,,41100,9,,,1,30,,41126,20,,,1,70,,41101,9,,,1,30,,41123,16,,,1,70,,41102,9,,,1,30,,41124,16,,,1,70,,41103,9,,,1,30,,65501,16,,,1,70,,41104,9,,,1
101,'20260825',505,,41136,9,,,1,30,,41160,16,,,1,70,,41137,9,,,1,11,,41177,18,,,1,15,,41175,20,,,1,8,,41157,1,,,1,7,,41178,18,,,1,55,,41155,9,,,1,8,,41153,1,,,1,7,,41179,18,,,1,16,,41176,20,,,1,7,,41158,1,,,1,7,,41180,18,,,1,55,,41156,9,,,1,8,,41154,1,,,1,9,,41181,33,,,1,7,,41159,1,,,1,24,,41161,16,,,1,69,,41138,9,,,1,30,,41162,16,,,1,70,,41139,9,,,1,30,,41163,16,,,1,70,,41140,9,,,1,30,,41173,20,,,1,70,,41141,9,,,1,30,,41164,16,,,1,70,,41142,9,,,1,30,,41165,16,,,1,70,,41143,9,,,1,30,,41166,16,,,1,70,,41144,9,,,1,31,,41167,16,,,1,70,,41145,9,,,1,29,,41168,16,,,1,68,,41146,9,,,1,32,,41169,16,,,1,69,,41147,9,,,1,32,,41170,16,,,1,69,,41148,9,,,1,30,,41174,20,,,1,70,,41149,9,,,1,30,,41171,16,,,1,70,,41150,9,,,1,30,,41172,16,,,1,70,,41151,9,,,1,30,,65509,16,,,1,70,,41152,9,,,1
101,'20260826',505,,41184,9,,,1,30,,41208,16,,,1,70,,41185,9,,,1,11,,41225,18,,,1,15,,41223,20,,,1,8,,41205,1,,,1,7,,41226,18,,,1,55,,41203,9,,,1,8,,41201,1,,,1,7,,41227,18,,,1,16,,41224,20,,,1,7,,41206,1,,,1,7,,41228,18,,,1,55,,41204,9,,,1,8,,41202,1,,,1,9,,41229,33,,,1,7,,41207,1,,,1,24,,41209,16,,,1,69,,41186,9,,,1,30,,41210,16,,,1,70,,41187,9,,,1,30,,41211,16,,,1,70,,41188,9,,,1,30,,41221,20,,,1,70,,41189,9,,,1,30,,41212,16,,,1,70,,41190,9,,,1,30,,41213,16,,,1,70,,41191,9,,,1,30,,41214,16,,,1,70,,41192,9,,,1,31,,41215,16,,,1,70,,41193,9,,,1,29,,41216,16,,,1,68,,41194,9,,,1,32,,41217,16,,,1,69,,41195,9,,,1,32,,41218,16,,,1,69,,41196,9,,,1,30,,41222,20,,,1,70,,41197,9,,,1,30,,41219,16,,,1,70,,41198,9,,,1,30,,41220,16,,,1,70,,41199,9,,,1,30,,65517,16,,,1,70,,41200,9,,,1
101,'20260827',505,,41232,9,,,1,30,,41256,16,,,1,70,,41233,9,,,1,11,,41273,18,,,1,15,,41271,20,,,1,8,,41253,1,,,1,7,,41274,18,,,1,55,,41251,9,,,1,8,,41249,1,,,1,7,,41275,18,,,1,16,,41272,20,,,1,7,,41254,1,,,1,7,,41276,18,,,1,55,,41252,9,,,1,8,,41250,1,,,1,9,,41277,33,,,1,7,,41255,1,,,1,24,,41257,16,,,1,69,,41234,9,,,1,30,,41258,16,,,1,70,,41235,9,,,1,30,,41259,16,,,1,70,,41236,9,,,1,30,,41269,20,,,1,70,,41237,9,,,1,30,,41260,16,,,1,70,,41238,9,,,1,30,,41261,16,,,1,70,,41239,9,,,1,30,,41262,16,,,1,70,,41240,9,,,1,31,,41263,16,,,1,70,,41241,9,,,1,29,,41264,16,,,1,68,,41242,9,,,1,32,,41265,16,,,1,69,,41243,9,,,1,32,,41266,16,,,1,69,,41244,9,,,1,30,,41270,20,,,1,70,,41245,9,,,1,30,,41267,16,,,1,70,,41246,9,,,1,30,,41268,16,,,1,70,,41247,9,,,1,30,,65525,16,,,1,70,,41248,9,,,1
101,'20260828',505,,41280,9,,,1,30,,41304,16,,,1,70,,41281,9,,,1,11,,41323,18,,,1,15,,41321,20,,,1,8,,41301,1,,,1,7,,41324,18,,,1,55,,41299,9,,,1,8,,41297,1,,,1,7,,41325,18,,,1,16,,41322,20,,,1,7,,41302,1,,,1,7,,41326,18,,,1,55,,41300,9,,,1,8,,41298,1,,,1,9,,41327,33,,,1,7,,41303,1,,,1,24,,41305,16,,,1,69,,41282,9,,,1,30,,41306,16,,,1,70,,41283,9,,,1,30,,41307,16,,,1,70,,41284,9,,,1,30,,41319,20,,,1,70,,41285,9,,,1,30,,41308,16,,,1,70,,41286,9,,,1,30,,41309,16,,,1,70,,41287,9,,,1,30,,41310,16,,,1,70,,41288,9,,,1,31,,41311,16,,,1,70,,41289,9,,,1,29,,41312,16,,,1,68,,41290,9,,,1,32,,41313,16,,,1,69,,41291,9,,,1,32,,41314,16,,,1,69,,41292,9,,,1,30,,41320,20,,,1,70,,41293,9,,,1,30,,41315,16,,,1,70,,41294,9,,,1,30,,41316,16,,,1,70,,41295,9,,,1,30,,41317,16,,,1,70,,41296,9,,,1,30,,41318,16,,,1
101,'20260829',748,,41375,20,,,1,70,,41330,9,,,1,30,,41376,20,,,1,70,,41331,9,,,1,30,,41377,20,,,1,70,,41332,9,,,1,30,,41363,16,,,1,70,,41333,9,,,1,30,,41378,20,,,1,70,,41334,9,,,1,30,,41364,16,,,1,70,,41335,9,,,1,30,,41365,16,,,1,70,,41336,9,,,1,30,,41366,16,,,1,70,,41337,9,,,1,30,,41367,16,,,1,70,,41338,9,,,1,30,,41368,16,,,1,70,,41339,9,,,1,30,,41369,16,,,1,70,,41340,9,,,1,30,,41370,16,,,1,70,,41341,9,,,1,30,,41379,20,,,1,70,,41342,9,,,1,30,,41371,16,,,1,70,,41343,9,,,1,30,,41372,16,,,1,70,,41344,9,,,1,30,,41373,16,,,1,70,,41345,9,,,1,30,,41374,16,,,1
101,'20260830',748,,41429,20,,,1,70,,41384,9,,,1,30,,41430,20,,,1,70,,41385,9,,,1,30,,41431,20,,,1,70,,41386,9,,,1,30,,41417,16,,,1,70,,41387,9,,,1,30,,41432,20,,,1,70,,41388,9,,,1,30,,41418,16,,,1,70,,41389,9,,,1,30,,41419,16,,,1,70,,41390,9,,,1,30,,41420,16,,,1,70,,41391,9,,,1,30,,41421,16,,,1,70,,41392,9,,,1,30,,41422,16,,,1,70,,41393,9,,,1,30,,41423,16,,,1,70,,41394,9,,,1,30,,41424,16,,,1,70,,41395,9,,,1,30,,41433,20,,,1,70,,41396,9,,,1,30,,41425,16,,,1,70,,41397,9,,,1,30,,41426,16,,,1,70,,41398,9,,,1,30,,41427,16,,,1,70,,41399,9,,,1
101,'20260831',505,,64774,9,,,1,30,,64783,16,,,1,70,,64775,9,,,1,11,,64788,18,,,1,15,,64786,20,,,1,8,,64780,1,,,1,7,,64789,18,,,1,55,,64778,9,,,1,8,,64776,1,,,1,7,,64790,18,,,1,16,,64787,20,,,1,7,,64781,1,,,1,7,,64791,18,,,1,55,,64779,9,,,1,8,,64777,1,,,1,9,,64792,33,,,1,7,,64782,1,,,1,24,,64784,16,,,1,69,,41440,9,,,1,30,,64785,16,,,1,70,,41441,9,,,1,30,,41465,16,,,1,70,,41442,9,,,1,30,,41475,20,,,1,70,,41443,9,,,1,30,,41466,16,,,1,70,,41444,9,,,1,30,,41467,16,,,1,70,,41445,9,,,1,30,,41468,16,,,1,70,,41446,9,,,1,31,,41469,16,,,1,70,,41447,9,,,1,29,,41470,16,,,1,68,,41448,9,,,1,32,,41471,16,,,1,69,,41449,9,,,1,32,,41472,16,,,1,69,,41450,9,,,1,30,,41476,20,,,1,70,,41451,9,,,1,30,,41473,16,,,1,70,,41452,9,,,1,30,,41474,16,,,1,70,,41453,9,,,1,30,,65542,16,,,1,70,,41454,9,,,1
101,'20260901',505,,41486,9,,,1,30,,41510,16,,,1,70,,41487,9,,,1,11,,41527,18,,,1,15,,41525,20,,,1,8,,41507,1,,,1,7,,41528,18,,,1,55,,41505,9,,,1,8,,41503,1,,,1,7,,41529,18,,,1,16,,41526,20,,,1,7,,41508,1,,,1,7,,41530,18,,,1,55,,41506,9,,,1,8,,41504,1,,,1,9,,41531,33,,,1,7,,41509,1,,,1,24,,41511,16,,,1,69,,41488,9,,,1,30,,41512,16,,,1,70,,41489,9,,,1,30,,41513,16,,,1,70,,41490,9,,,1,30,,41523,20,,,1,70,,41491,9,,,1,30,,41514,16,,,1,70,,41492,9,,,1,30,,41515,16,,,1,70,,41493,9,,,1,30,,41516,16,,,1,70,,41494,9,,,1,31,,41517,16,,,1,70,,41495,9,,,1,29,,41518,16,,,1,68,,41496,9,,,1,32,,41519,16,,,1,69,,41497,9,,,1,32,,41520,16,,,1,69,,41498,9,,,1,30,,41524,20,,,1,70,,41499,9,,,1,30,,41521,16,,,1,70,,41500,9,,,1,30,,41522,16,,,1,70,,41501,9,,,1,30,,65550,16,,,1,70,,41502,9,,,1
101,'20260902',505,,41534,9,,,1,30,,41558,16,,,1,70,,41535,9,,,1,11,,41575,18,,,1,15,,41573,20,,,1,8,,41555,1,,,1,7,,41576,18,,,1,55,,41553,9,,,1,8,,41551,1,,,1,7,,41577,18,,,1,16,,41574,20,,,1,7,,41556,1,,,1,7,,41578,18,,,1,55,,41554,9,,,1,8,,41552,1,,,1,9,,41579,33,,,1,7,,41557,1,,,1,24,,41559,16,,,1,69,,41536,9,,,1,30,,41560,16,,,1,70,,41537,9,,,1,30,,41561,16,,,1,70,,41538,9,,,1,30,,41571,20,,,1,70,,41539,9,,,1,30,,41562,16,,,1,70,,41540,9,,,1,30,,41563,16,,,1,70,,41541,9,,,1,30,,41564,16,,,1,70,,41542,9,,,1,31,,41565,16,,,1,70,,41543,9,,,1,29,,41566,16,,,1,68,,41544,9,,,1,32,,41567,16,,,1,69,,41545,9,,,1,32,,41568,16,,,1,69,,41546,9,,,1,30,,41572,20,,,1,70,,41547,9,,,1,30,,41569,16,,,1,70,,41548,9,,,1,30,,41570,16,,,1,70,,41549,9,,,1,30,,65558,16,,,1,70,,41550,9,,,1
101,'20260903',505,,41582,9,,,1,30,,41606,16,,,1,70,,41583,9,,,1,11,,41623,18,,,1,15,,41621,20,,,1,8,,41603,1,,,1,7,,41624,18,,,1,55,,41601,9,,,1,8,,41599,1,,,1,7,,41625,18,,,1,16,,41622,20,,,1,7,,41604,1,,,1,7,,41626,18,,,1,55,,41602,9,,,1,8,,41600,1,,,1,9,,41627,33,,,1,7,,41605,1,,,1,24,,41607,16,,,1,69,,41584,9,,,1,30,,41608,16,,,1,70,,41585,9,,,1,30,,41609,16,,,1,70,,41586,9,,,1,30,,41619,20,,,1,70,,41587,9,,,1,30,,41610,16,,,1,70,,41588,9,,,1,30,,41611,16,,,1,70,,41589,9,,,1,30,,41612,16,,,1,70,,41590,9,,,1,31,,41613,16,,,1,70,,41591,9,,,1,29,,41614,16,,,1,68,,41592,9,,,1,32,,41615,16,,,1,69,,41593,9,,,1,32,,41616,16,,,1,69,,41594,9,,,1,30,,41620,20,,,1,70,,41595,9,,,1,30,,41617,16,,,1,70,,41596,9,,,1,30,,41618,16,,,1,70,,41597,9,,,1,30,,65566,16,,,1,70,,41598,9,,,1
101,'20260904',505,,41630,9,,,1,30,,41654,16,,,1,70,,41631,9,,,1,11,,41673,18,,,1,15,,41671,20,,,1,8,,41651,1,,,1,7,,41674,18,,,1,55,,41649,9,,,1,8,,41647,1,,,1,7,,41675,18,,,1,16,,41672,20,,,1,7,,41652,1,,,1,7,,41676,18,,,1,55,,41650,9,,,1,8,,41648,1,,,1,9,,41677,33,,,1,7,,41653,1,,,1,24,,41655,16,,,1,69,,41632,9,,,1,30,,41656,16,,,1,70,,41633,9,,,1,30,,41657,16,,,1,70,,41634,9,,,1,30,,41669,20,,,1,70,,41635,9,,,1,30,,41658,16,,,1,70,,41636,9,,,1,30,,41659,16,,,1,70,,41637,9,,,1,30,,41660,16,,,1,70,,41638,9,,,1,31,,41661,16,,,1,70,,41639,9,,,1,29,,41662,16,,,1,68,,41640,9,,,1,32,,41663,16,,,1,69,,41641,9,,,1,32,,41664,16,,,1,69,,41642,9,,,1,30,,41670,20,,,1,70,,41643,9,,,1,30,,41665,16,,,1,70,,41644,9,,,1,30,,41666,16,,,1,70,,41645,9,,,1,30,,41667,16,,,1,70,,41646,9,,,1,30,,41668,16,,,1
