500,'20260819',1058,,49974,25,,,1,444,,49975,25,,,1,104,,49970,25,0,9,1,52,,49976,25,,,1,85,,49973,25,,,1,70,,49971,25,,,1,15,,49972,25,,,1,30,,49977,25,,,1,201,,65582,25,,,1
500,'20260820',1058,,49991,25,,,1,444,,49992,25,,,1,104,,49987,25,0,9,1,52,,49993,25,,,1,85,,49990,25,,,1,70,,49988,25,,,1,15,,49989,25,,,1,30,,49994,25,,,1,201,,65583,25,,,1
500,'20260821',1047,,50008,25,,,1,411,,50009,25,,,1,147,,50004,25,0,9,1,50,,50010,25,,,1,85,,50007,25,,,1,70,,50005,25,,,1,15,,50006,25,,,1,30,,50011,25,,,1,445,,50012,25,,,1,53,,50013,25,,,1
500,'20260822',946,,50023,25,,,1,302,,50024,25,,,1,300,,50025,25,,,1,299,,50026,25,,,1,311,,50027,25,,,1,143,,50022,25,0,9,1,51,,50028,25,,,1
500,'20260823',946,,50038,25,,,1,302,,50039,25,,,1,300,,50040,25,,,1,299,,50041,25,,,1,311,,50042,25,,,1,143,,50037,25,0,9,1,51,,50043,25,,,1
500,'20260824',1047,,65153,25,,,1,411,,65154,25,,,1,147,,65149,25,0,9,1,50,,65155,25,,,1,85,,65152,25,,,1,70,,65150,25,,,1,15,,65151,25,,,1,30,,50058,25,,,1,445,,65156,25,,,1,53,,50060,25,,,1
500,'20260825',1047,,50072,25,,,1,411,,50073,25,,,1,147,,50068,25,0,9,1,50,,50074,25,,,1,85,,50071,25,,,1,70,,50069,25,,,1,15,,50070,25,,,1,30,,50075,25,,,1,445,,50076,25,,,1,53,,50077,25,,,1
500,'20260826',1047,,50089,25,,,1,411,,50090,25,,,1,147,,50085,25,0,9,1,50,,50091,25,,,1,85,,50088,25,,,1,70,,50086,25,,,1,15,,50087,25,,,1,30,,50092,25,,,1,445,,50093,25,,,1,53,,50094,25,,,1
500,'20260827',1047,,50106,25,,,1,411,,50107,25,,,1,147,,50102,25,0,9,1,50,,50108,25,,,1,85,,50105,25,,,1,70,,50103,25,,,1,15,,50104,25,,,1,30,,50109,25,,,1,445,,50110,25,,,1,53,,50111,25,,,1
500,'20260828',1047,,50123,25,,,1,411,,50124,25,,,1,147,,50119,25,0,9,1,50,,50125,25,,,1,85,,50122,25,,,1,70,,50120,25,,,1,15,,50121,25,,,1,30,,50126,25,,,1,445,,50127,25,,,1,53,,50128,25,,,1
500,'20260829',950,,50138,25,,,1,302,,50139,25,,,1,300,,50140,25,,,1,300,,50141,25,,,1,304,,50142,25,,,1,103,,50137,25,0,9,1,93,,50143,25,,,1
500,'20260830',950,,50153,25,,,1,302,,50154,25,,,1,300,,50155,25,,,1,300,,50156,25,,,1,304,,50157,25,,,1,103,,50152,25,0,9,1,93,,50158,25,,,1
500,'20260831',1052,,65163,25,,,1,407,,65164,25,,,1,144,,65159,25,0,9,1,52,,65165,25,,,1,85,,65162,25,,,1,70,,65160,25,,,1,15,,65161,25,,,1,30,,50173,25,,,1,445,,65166,25,,,1,53,,50175,25,,,1
500,'20260901',1052,,50187,25,,,1,407,,50188,25,,,1,144,,50183,25,0,9,1,52,,50189,25,,,1,85,,50186,25,,,1,70,,50184,25,,,1,15,,50185,25,,,1,30,,50190,25,,,1,445,,50191,25,,,1,53,,50192,25,,,1
500,'20260902',1052,,50204,25,,,1,407,,50205,25,,,1,144,,50200,25,0,9,1,52,,50206,25,,,1,85,,50203,25,,,1,70,,50201,25,,,1,15,,50202,25,,,1,30,,50207,25,,,1,445,,50208,25,,,1,53,,50209,25,,,1
500,'20260903',1052,,50221,25,,,1,407,,50222,25,,,1,144,,50217,25,0,9,1,52,,50223,25,,,1,85,,50220,25,,,1,70,,50218,25,,,1,15,,50219,25,,,1,30,,50224,25,,,1,445,,50225,25,,,1,53,,50226,25,,,1
500,'20260904',1052,,50238,25,,,1,407,,50239,25,,,1,144,,50234,25,0,9,1,52,,50240,25,,,1,85,,50237,25,,,1,70,,50235,25,,,1,15,,50236,25,,,1,30,,50241,25,,,1,445,,50242,25,,,1,53,,50243,25,,,1
501,'20260819',525,,51382,4,,,1,28,,51383,11,,,1,70,,51385,11,,,1,30,,51384,11,,,1,80,,51386,11,,,1,15,,51387,11,,,1,94,,51388,11,,,1,100,,51389,11,,,1,407,,51390,11,,,1
501,'20260820',525,,51399,4,,,1,28,,51400,11,,,1,70,,51402,11,,,1,30,,51401,11,,,1,80,,51403,11,,,1,15,,51404,11,,,1,94,,51405,11,,,1,100,,51406,11,,,1,407,,51407,11,,,1
501,'20260821',527,,51416,4,,,1,28,,51417,11,,,1,70,,51419,11,,,1,30,,51418,11,,,1,80,,51420,11,,,1,15,,51421,11,,,1,94,,51422,11,,,1,95,,51423,11,,,1,412,,51424,11,,,1,803,,51425,11,,,1
501,'20260822',742,,51435,11,,,1,97,,51436,11,,,1,303,,51437,11,,,1,300,,51438,11,,,1,300,,51439,11,,,1,309,,51440,11,,,1
501,'20260823',742,,51450,11,,,1,97,,51451,11,,,1,303,,51452,11,,,1,300,,51453,11,,,1,300,,51454,11,,,1,309,,51455,11,,,1
501,'20260824',527,,65195,4,,,1,28,,65196,11,,,1,70,,65198,11,,,1,30,,65197,11,,,1,80,,51467,11,,,1,15,,65199,11,,,1,94,,51469,11,,,1,95,,65200,11,,,1,412,,65201,11,,,1,803,,65202,11,,,1
501,'20260825',527,,51480,4,,,1,28,,51481,11,,,1,70,,51483,11,,,1,30,,51482,11,,,1,80,,51484,11,,,1,15,,51485,11,,,1,94,,51486,11,,,1,95,,51487,11,,,1,412,,51488,11,,,1,803,,51489,11,,,1
501,'20260826',527,,51497,4,,,1,28,,51498,11,,,1,70,,51500,11,,,1,30,,51499,11,,,1,80,,51501,11,,,1,15,,51502,11,,,1,94,,51503,11,,,1,95,,51504,11,,,1,412,,51505,11,,,1,803,,51506,11,,,1
501,'20260827',527,,51514,4,,,1,28,,51515,11,,,1,70,,51517,11,,,1,30,,51516,11,,,1,80,,51518,11,,,1,15,,51519,11,,,1,94,,51520,11,,,1,95,,51521,11,,,1,412,,51522,11,,,1,803,,51523,11,,,1
501,'20260828',527,,51531,4,,,1,28,,51532,11,,,1,70,,51534,11,,,1,30,,51533,11,,,1,80,,51535,11,,,1,15,,51536,11,,,1,94,,51537,11,,,1,95,,51538,11,,,1,412,,51539,11,,,1,803,,51540,11,,,1
501,'20260829',744,,51550,11,,,1,100,,51551,11,,,1,304,,51552,11,,,1,300,,51553,11,,,1,300,,51554,11,,,1,303,,51555,11,,,1
501,'20260830',744,,51565,11,,,1,100,,51566,11,,,1,304,,51567,11,,,1,300,,51568,11,,,1,300,,51569,11,,,1,303,,51570,11,,,1
501,'20260831',529,,65207,4,,,1,28,,65208,11,,,1,70,,65210,11,,,1,30,,65209,11,,,1,80,,51582,11,,,1,15,,65211,11,,,1,94,,51584,11,,,1,100,,65212,11,,,1,407,,65213,11,,,1,801,,65214,11,,,1
501,'20260901',529,,51595,4,,,1,28,,51596,11,,,1,70,,51598,11,,,1,30,,51597,11,,,1,80,,51599,11,,,1,15,,51600,11,,,1,94,,51601,11,,,1,100,,51602,11,,,1,407,,51603,11,,,1,801,,51604,11,,,1
501,'20260902',529,,51612,4,,,1,28,,51613,11,,,1,70,,51615,11,,,1,30,,51614,11,,,1,80,,51616,11,,,1,15,,51617,11,,,1,94,,51618,11,,,1,100,,51619,11,,,1,407,,51620,11,,,1,801,,51621,11,,,1
501,'20260903',529,,51629,4,,,1,28,,51630,11,,,1,70,,51632,11,,,1,30,,51631,11,,,1,80,,51633,11,,,1,15,,51634,11,,,1,94,,51635,11,,,1,100,,51636,11,,,1,407,,51637,11,,,1,801,,51638,11,,,1
501,'20260904',529,,51646,4,,,1,28,,51647,11,,,1,70,,51649,11,,,1,30,,51648,11,,,1,80,,51650,11,,,1,15,,51651,11,,,1,94,,51652,11,,,1,100,,51653,11,,,1,407,,51654,11,,,1,801,,51655,11,,,1
