700,'20260910',934,,82943,17,0,23 24,1,100,,82944,17,0,23 24,1,100,,82945,17,0,23 24,1,100,,82946,17,0,23 24,1,100,,82947,17,0,23 24,1,100,,82948,17,0,23 24,1,100,,82951,17,,,1,72,,82941,17,0,25,1,28,,82952,17,,,1,70,,82955,17,,,1,20,,82942,17,0,25,1,10,,82953,17,,,1,72,,82956,17,,,1,43,,82949,17,0,23 24,1,85,,82950,17,0,23 24,1,100,,82954,17,,,1,270,,82957,17,,,1
700,'20260911',934,,82960,17,0,23 24,1,100,,82961,17,0,23 24,1,100,,82962,17,0,23 24,1,100,,82963,17,0,23 24,1,100,,82964,17,0,23 24,1,100,,82965,17,0,23 24,1,100,,82968,17,,,1,72,,82958,17,0,25,1,28,,82969,17,,,1,70,,82972,17,,,1,20,,82959,17,0,25,1,10,,82970,17,,,1,72,,82973,17,,,1,43,,82966,17,0,23 24,1,85,,82967,17,0,23 24,1,100,,82971,17,,,1,270,,82974,17,,,1
700,'20260912',1634,,82975,17,0,23 24,1,200,,82976,17,0,23 24,1,200,,82977,17,0,23 24,1,200,,82978,17,,,1
700,'20260913',1634,,82979,17,0,23 24,1,200,,82980,17,0,23 24,1,200,,82981,17,0,23 24,1,200,,82982,17,,,1
700,'20260914',934,,82985,17,0,23 24,1,100,,82986,17,0,23 24,1,100,,82987,17,0,23 24,1,100,,82988,17,0,23 24,1,100,,82989,17,0,23 24,1,100,,82990,17,0,23 24,1,100,,82993,17,,,1,72,,82983,17,0,25,1,28,,82994,17,,,1,70,,82997,17,,,1,20,,82984,17,0,25,1,10,,82995,17,,,1,72,,82998,17,,,1,43,,82991,17,0,23 24,1,85,,82992,17,0,23 24,1,100,,82996,17,,,1,270,,82999,17,,,1
700,'20260915',934,,83002,17,0,23 24,1,100,,83003,17,0,23 24,1,100,,83004,17,0,23 24,1,100,,83005,17,0,23 24,1,100,,83006,17,0,23 24,1,100,,83007,17,0,23 24,1,100,,83010,17,,,1,72,,83000,17,0,25,1,28,,83011,17,,,1,70,,83014,17,,,1,20,,83001,17,0,25,1,10,,83012,17,,,1,72,,83015,17,,,1,43,,83008,17,0,23 24,1,85,,83009,17,0,23 24,1,100,,83013,17,,,1,270,,83016,17,,,1
700,'20260916',934,,83019,17,0,23 24,1,100,,83020,17,0,23 24,1,100,,83021,17,0,23 24,1,100,,83022,17,0,23 24,1,100,,83023,17,0,23 24,1,100,,83024,17,0,23 24,1,100,,83027,17,,,1,72,,83017,17,0,25,1,28,,83028,17,,,1,70,,83031,17,,,1,20,,83018,17,0,25,1,10,,83029,17,,,1,72,,83032,17,,,1,43,,83025,17,0,23 24,1,85,,83026,17,0,23 24,1,100,,83030,17,,,1,270,,83033,17,,,1
700,'20260917',934,,83036,17,0,23 24,1,100,,83037,17,0,23 24,1,100,,83038,17,0,23 24,1,100,,83039,17,0,23 24,1,100,,83040,17,0,23 24,1,100,,83041,17,0,23 24,1,100,,83044,17,,,1,72,,83034,17,0,25,1,28,,83045,17,,,1,70,,83048,17,,,1,20,,83035,17,0,25,1,10,,83046,17,,,1,72,,83049,17,,,1,43,,83042,17,0,23 24,1,85,,83043,17,0,23 24,1,100,,83047,17,,,1,270,,83050,17,,,1
700,'20260918',934,,83053,17,0,23 24,1,100,,83054,17,0,23 24,1,100,,83055,17,0,23 24,1,100,,83056,17,0,23 24,1,100,,83057,17,0,23 24,1,100,,83058,17,0,23 24,1,100,,83061,17,,,1,72,,83051,17,0,25,1,28,,83062,17,,,1,70,,83065,17,,,1,20,,83052,17,0,25,1,10,,83063,17,,,1,72,,83066,17,,,1,43,,83059,17,0,23 24,1,85,,83060,17,0,23 24,1,100,,83064,17,,,1,270,,83067,17,,,1
700,'20260919',1634,,83068,17,0,23 24,1,200,,83069,17,0,23 24,1,200,,83070,17,0,23 24,1,200,,83071,17,,,1
700,'20260920',1634,,83072,17,0,23 24,1,200,,83073,17,0,23 24,1,200,,83074,17,0,23 24,1,200,,83075,17,,,1
700,'20260921',934,,83078,17,0,23 24,1,100,,83079,17,0,23 24,1,100,,83080,17,0,23 24,1,100,,83081,17,0,23 24,1,100,,83082,17,0,23 24,1,100,,83083,17,0,23 24,1,100,,83086,17,,,1,72,,83076,17,0,25,1,28,,83087,17,,,1,70,,83090,17,,,1,20,,83077,17,0,25,1,10,,83088,17,,,1,72,,83091,17,,,1,43,,83084,17,0,23 24,1,85,,83085,17,0,23 24,1,100,,83089,17,,,1,270,,83092,17,,,1
700,'20260922',934,,83095,17,0,23 24,1,100,,83096,17,0,23 24,1,100,,83097,17,0,23 24,1,100,,83098,17,0,23 24,1,100,,83099,17,0,23 24,1,100,,83100,17,0,23 24,1,100,,83103,17,,,1,72,,83093,17,0,25,1,28,,83104,17,,,1,70,,83107,17,,,1,20,,83094,17,0,25,1,10,,83105,17,,,1,72,,83108,17,,,1,43,,83101,17,0,23 24,1,85,,83102,17,0,23 24,1,100,,83106,17,,,1,270,,83109,17,,,1
700,'20260923',934,,83112,17,0,23 24,1,100,,83113,17,0,23 24,1,100,,83114,17,0,23 24,1,100,,83115,17,0,23 24,1,100,,83116,17,0,23 24,1,100,,83117,17,0,23 24,1,100,,83120,17,,,1,72,,83110,17,0,25,1,28,,83121,17,,,1,70,,83124,17,,,1,20,,83111,17,0,25,1,10,,83122,17,,,1,72,,83125,17,,,1,43,,83118,17,0,23 24,1,85,,83119,17,0,23 24,1,100,,83123,17,,,1,270,,83126,17,,,1
700,'20260924',934,,83129,17,0,23 24,1,100,,83130,17,0,23 24,1,100,,83131,17,0,23 24,1,100,,83132,17,0,23 24,1,100,,83133,17,0,23 24,1,100,,83134,17,0,23 24,1,100,,83137,17,,,1,72,,83127,17,0,25,1,28,,83138,17,,,1,70,,83141,17,,,1,20,,83128,17,0,25,1,10,,83139,17,,,1,72,,83142,17,,,1,43,,83135,17,0,23 24,1,85,,83136,17,0,23 24,1,100,,83140,17,,,1,270,,83143,17,,,1
700,'20260925',934,,83146,17,0,23 24,1,100,,83147,17,0,23 24,1,100,,83148,17,0,23 24,1,100,,83149,17,0,23 24,1,100,,83150,17,0,23 24,1,100,,83151,17,0,23 24,1,100,,83154,17,,,1,72,,83144,17,0,25,1,28,,83155,17,,,1,70,,83158,17,,,1,20,,83145,17,0,25,1,10,,83156,17,,,1,72,,83159,17,,,1,43,,83152,17,0,23 24,1,85,,83153,17,0,23 24,1,100,,83157,17,,,1,270,,83160,17,,,1
700,'20260928',934,,83171,17,0,23 24,1,100,,83172,17,0,23 24,1,100,,83173,17,0,23 24,1,100,,83174,17,0,23 24,1,100,,83175,17,0,23 24,1,100,,83176,17,0,23 24,1,100,,83179,17,,,1,72,,83169,17,0,25,1,28,,83180,17,,,1,70,,83183,17,,,1,20,,83170,17,0,25,1,10,,83181,17,,,1,72,,83184,17,,,1,43,,83177,17,0,23 24,1,85,,83178,17,0,23 24,1,100,,83182,17,,,1,270,,83185,17,,,1
700,'20260929',934,,83188,17,0,23 24,1,100,,83189,17,0,23 24,1,100,,83190,17,0,23 24,1,100,,83191,17,0,23 24,1,100,,83192,17,0,23 24,1,100,,83193,17,0,23 24,1,100,,83196,17,,,1,72,,83186,17,0,25,1,28,,83197,17,,,1,70,,83200,17,,,1,20,,83187,17,0,25,1,10,,83198,17,,,1,72,,83201,17,,,1,43,,83194,17,0,23 24,1,85,,83195,17,0,23 24,1,100,,83199,17,,,1,270,,83202,17,,,1
700,'20260930',934,,83205,17,0,23 24,1,100,,83206,17,0,23 24,1,100,,83207,17,0,23 24,1,100,,83208,17,0,23 24,1,100,,83209,17,0,23 24,1,100,,83210,17,0,23 24,1,100,,83213,17,,,1,72,,83203,17,0,25,1,28,,83214,17,,,1,70,,83217,17,,,1,20,,83204,17,0,25,1,10,,83215,17,,,1,72,,83218,17,,,1,43,,83211,17,0,23 24,1,85,,83212,17,0,23 24,1,100,,83216,17,,,1,270,,83219,17,,,1
700,'20261001',934,,83222,17,0,23 24,1,100,,83223,17,0,23 24,1,100,,83224,17,0,23 24,1,100,,83225,17,0,23 24,1,100,,83226,17,0,23 24,1,100,,83227,17,0,23 24,1,100,,83230,17,,,1,72,,83220,17,0,25,1,28,,83231,17,,,1,70,,83234,17,,,1,20,,83221,17,0,25,1,10,,83232,17,,,1,72,,83235,17,,,1,43,,83228,17,0,23 24,1,85,,83229,17,0,23 24,1,100,,83233,17,,,1,270,,83236,17,,,1
700,'20261002',934,,83239,17,0,23 24,1,100,,83240,17,0,23 24,1,100,,83241,17,0,23 24,1,100,,83242,17,0,23 24,1,100,,83243,17,0,23 24,1,100,,83244,17,0,23 24,1,100,,83247,17,,,1,72,,83237,17,0,25,1,28,,83248,17,,,1,70,,83251,17,,,1,20,,83238,17,0,25,1,10,,83249,17,,,1,72,,83252,17,,,1,43,,83245,17,0,23 24,1,85,,83246,17,0,23 24,1,100,,83250,17,,,1,270,,83253,17,,,1
700,'20261003',1634,,83254,17,0,23 24,1,200,,83255,17,0,23 24,1,200,,83256,17,0,23 24,1,200,,83257,17,,,1
700,'20261005',934,,83264,17,0,23 24,1,100,,83265,17,0,23 24,1,100,,83266,17,0,23 24,1,100,,83267,17,0,23 24,1,100,,83268,17,0,23 24,1,100,,83269,17,0,23 24,1,100,,83272,17,,,1,72,,83262,17,0,25,1,28,,83273,17,,,1,70,,83276,17,,,1,20,,83263,17,0,25,1,10,,83274,17,,,1,72,,83277,17,,,1,43,,83270,17,0,23 24,1,85,,83271,17,0,23 24,1,100,,83275,17,,,1,270,,83278,17,,,1
700,'20261006',934,,83281,17,0,23 24,1,100,,83282,17,0,23 24,1,100,,83283,17,0,23 24,1,100,,83284,17,0,23 24,1,100,,83285,17,0,23 24,1,100,,83286,17,0,23 24,1,100,,83289,17,,,1,72,,83279,17,0,25,1,28,,83290,17,,,1,70,,83293,17,,,1,20,,83280,17,0,25,1,10,,83291,17,,,1,72,,83294,17,,,1,43,,83287,17,0,23 24,1,85,,83288,17,0,23 24,1,100,,83292,17,,,1,270,,83295,17,,,1
700,'20261007',934,,83298,17,0,23 24,1,100,,83299,17,0,23 24,1,100,,83300,17,0,23 24,1,100,,83301,17,0,23 24,1,100,,83302,17,0,23 24,1,100,,83303,17,0,23 24,1,100,,83306,17,,,1,72,,83296,17,0,25,1,28,,83307,17,,,1,70,,83310,17,,,1,20,,83297,17,0,25,1,10,,83308,17,,,1,72,,83311,17,,,1,43,,83304,17,0,23 24,1,85,,83305,17,0,23 24,1,100,,83309,17,,,1,270,,83312,17,,,1
700,'20261008',934,,83315,17,0,23 24,1,100,,83316,17,0,23 24,1,100,,83317,17,0,23 24,1,100,,83318,17,0,23 24,1,100,,83319,17,0,23 24,1,100,,83320,17,0,23 24,1,100,,83323,17,,,1,72,,83313,17,0,25,1,28,,83324,17,,,1,70,,83327,17,,,1,20,,83314,17,0,25,1,10,,83325,17,,,1,72,,83328,17,,,1,43,,83321,17,0,23 24,1,85,,83322,17,0,23 24,1,100,,83326,17,,,1,270,,83329,17,,,1
700,'20261009',934,,83332,17,0,23 24,1,100,,83333,17,0,23 24,1,100,,83334,17,0,23 24,1,100,,83335,17,0,23 24,1,100,,83336,17,0,23 24,1,100,,83337,17,0,23 24,1,100,,83340,17,,,1,72,,83330,17,0,25,1,28,,83341,17,,,1,70,,83344,17,,,1,20,,83331,17,0,25,1,10,,83342,17,,,1,72,,83345,17,,,1,43,,83338,17,0,23 24,1,85,,83339,17,0,23 24,1,100,,83343,17,,,1,270,,83346,17,,,1
700,'20261010',1634,,83347,17,0,23 24,1,200,,83348,17,0,23 24,1,200,,83349,17,0,23 24,1,200,,83350,17,,,1
700,'20261012',934,,83357,17,0,23 24,1,100,,83358,17,0,23 24,1,100,,83359,17,0,23 24,1,100,,83360,17,0,23 24,1,100,,83361,17,0,23 24,1,100,,83362,17,0,23 24,1,100,,83365,17,,,1,72,,83355,17,0,25,1,28,,83366,17,,,1,70,,83369,17,,,1,20,,83356,17,0,25,1,10,,83367,17,,,1,72,,83370,17,,,1,43,,83363,17,0,23 24,1,85,,83364,17,0,23 24,1,100,,83368,17,,,1,270,,83371,17,,,1
700,'20261013',934,,83374,17,0,23 24,1,100,,83375,17,0,23 24,1,100,,83376,17,0,23 24,1,100,,83377,17,0,23 24,1,100,,83378,17,0,23 24,1,100,,83379,17,0,23 24,1,100,,83382,17,,,1,72,,83372,17,0,25,1,28,,83383,17,,,1,70,,83386,17,,,1,20,,83373,17,0,25,1,10,,83384,17,,,1,72,,83387,17,,,1,43,,83380,17,0,23 24,1,85,,83381,17,0,23 24,1,100,,83385,17,,,1,270,,83388,17,,,1
700,'20261014',934,,83391,17,0,23 24,1,100,,83392,17,0,23 24,1,100,,83393,17,0,23 24,1,100,,83394,17,0,23 24,1,100,,83395,17,0,23 24,1,100,,83396,17,0,23 24,1,100,,83399,17,,,1,72,,83389,17,0,25,1,28,,83400,17,,,1,70,,83403,17,,,1,20,,83390,17,0,25,1,10,,83401,17,,,1,72,,83404,17,,,1,43,,83397,17,0,23 24,1,85,,83398,17,0,23 24,1,100,,83402,17,,,1,270,,83405,17,,,1
700,'20261015',934,,83408,17,0,23 24,1,100,,83409,17,0,23 24,1,100,,83410,17,0,23 24,1,100,,83411,17,0,23 24,1,100,,83412,17,0,23 24,1,100,,83413,17,0,23 24,1,100,,83416,17,,,1,72,,83406,17,0,25,1,28,,83417,17,,,1,70,,83420,17,,,1,20,,83407,17,0,25,1,10,,83418,17,,,1,72,,83421,17,,,1,43,,83414,17,0,23 24,1,85,,83415,17,0,23 24,1,100,,83419,17,,,1,270,,83422,17,,,1
700,'20261016',934,,83425,17,0,23 24,1,100,,83426,17,0,23 24,1,100,,83427,17,0,23 24,1,100,,83428,17,0,23 24,1,100,,83429,17,0,23 24,1,100,,83430,17,0,23 24,1,100,,83433,17,,,1,72,,83423,17,0,25,1,28,,83434,17,,,1,70,,83437,17,,,1,20,,83424,17,0,25,1,10,,83435,17,,,1,72,,83438,17,,,1,43,,83431,17,0,23 24,1,85,,83432,17,0,23 24,1,100,,83436,17,,,1,270,,83439,17,,,1
700,'20261017',1634,,83440,17,0,23 24,1,200,,83441,17,0,23 24,1,200,,83442,17,0,23 24,1,200,,83443,17,,,1
700,'20261019',934,,83450,17,0,23 24,1,100,,83451,17,0,23 24,1,100,,83452,17,0,23 24,1,100,,83453,17,0,23 24,1,100,,83454,17,0,23 24,1,100,,83455,17,0,23 24,1,100,,83458,17,,,1,72,,83448,17,0,25,1,28,,83459,17,,,1,70,,83462,17,,,1,20,,83449,17,0,25,1,10,,83460,17,,,1,72,,83463,17,,,1,43,,83456,17,0,23 24,1,85,,83457,17,0,23 24,1,100,,83461,17,,,1,270,,83464,17,,,1
700,'20261020',934,,83467,17,0,23 24,1,100,,83468,17,0,23 24,1,100,,83469,17,0,23 24,1,100,,83470,17,0,23 24,1,100,,83471,17,0,23 24,1,100,,83472,17,0,23 24,1,100,,83475,17,,,1,72,,83465,17,0,25,1,28,,83476,17,,,1,70,,83479,17,,,1,20,,83466,17,0,25,1,10,,83477,17,,,1,72,,83480,17,,,1,43,,83473,17,0,23 24,1,85,,83474,17,0,23 24,1,100,,83478,17,,,1,270,,83481,17,,,1
700,'20261021',934,,83484,17,0,23 24,1,100,,83485,17,0,23 24,1,100,,83486,17,0,23 24,1,100,,83487,17,0,23 24,1,100,,83488,17,0,23 24,1,100,,83489,17,0,23 24,1,100,,83492,17,,,1,72,,83482,17,0,25,1,28,,83493,17,,,1,70,,83496,17,,,1,20,,83483,17,0,25,1,10,,83494,17,,,1,72,,83497,17,,,1,43,,83490,17,0,23 24,1,85,,83491,17,0,23 24,1,100,,83495,17,,,1,270,,83498,17,,,1
700,'20261022',934,,83501,17,0,23 24,1,100,,83502,17,0,23 24,1,100,,83503,17,0,23 24,1,100,,83504,17,0,23 24,1,100,,83505,17,0,23 24,1,100,,83506,17,0,23 24,1,100,,83509,17,,,1,72,,83499,17,0,25,1,28,,83510,17,,,1,70,,83513,17,,,1,20,,83500,17,0,25,1,10,,83511,17,,,1,72,,83514,17,,,1,43,,83507,17,0,23 24,1,85,,83508,17,0,23 24,1,100,,83512,17,,,1,270,,83515,17,,,1
700,'20261023',934,,83518,17,0,23 24,1,100,,83519,17,0,23 24,1,100,,83520,17,0,23 24,1,100,,83521,17,0,23 24,1,100,,83522,17,0,23 24,1,100,,83523,17,0,23 24,1,100,,83526,17,,,1,72,,83516,17,0,25,1,28,,83527,17,,,1,70,,83530,17,,,1,20,,83517,17,0,25,1,10,,83528,17,,,1,72,,83531,17,,,1,43,,83524,17,0,23 24,1,85,,83525,17,0,23 24,1,100,,83529,17,,,1,270,,83532,17,,,1
700,'20261024',1634,,83533,17,0,23 24,1,200,,83534,17,0,23 24,1,200,,83535,17,0,23 24,1,200,,83536,17,,,1
700,'20261026',934,,83543,17,0,23 24,1,100,,83544,17,0,23 24,1,100,,83545,17,0,23 24,1,100,,83546,17,0,23 24,1,100,,83547,17,0,23 24,1,100,,83548,17,0,23 24,1,100,,83551,17,,,1,72,,83541,17,0,25,1,28,,83552,17,,,1,70,,83555,17,,,1,20,,83542,17,0,25,1,10,,83553,17,,,1,72,,83556,17,,,1,43,,83549,17,0,23 24,1,85,,83550,17,0,23 24,1,100,,83554,17,,,1,270,,83557,17,,,1
700,'20261027',934,,83560,17,0,23 24,1,100,,83561,17,0,23 24,1,100,,83562,17,0,23 24,1,100,,83563,17,0,23 24,1,100,,83564,17,0,23 24,1,100,,83565,17,0,23 24,1,100,,83568,17,,,1,72,,83558,17,0,25,1,28,,83569,17,,,1,70,,83572,17,,,1,20,,83559,17,0,25,1,10,,83570,17,,,1,72,,83573,17,,,1,43,,83566,17,0,23 24,1,85,,83567,17,0,23 24,1,100,,83571,17,,,1,270,,83574,17,,,1
700,'20261028',934,,83577,17,0,23 24,1,100,,83578,17,0,23 24,1,100,,83579,17,0,23 24,1,100,,83580,17,0,23 24,1,100,,83581,17,0,23 24,1,100,,83582,17,0,23 24,1,100,,83585,17,,,1,72,,83575,17,0,25,1,28,,83586,17,,,1,70,,83589,17,,,1,20,,83576,17,0,25,1,10,,83587,17,,,1,72,,83590,17,,,1,43,,83583,17,0,23 24,1,85,,83584,17,0,23 24,1,100,,83588,17,,,1,270,,83591,17,,,1
700,'20261029',934,,83594,17,0,23 24,1,100,,83595,17,0,23 24,1,100,,83596,17,0,23 24,1,100,,83597,17,0,23 24,1,100,,83598,17,0,23 24,1,100,,83599,17,0,23 24,1,100,,83602,17,,,1,72,,83592,17,0,25,1,28,,83603,17,,,1,70,,83606,17,,,1,20,,83593,17,0,25,1,10,,83604,17,,,1,72,,83607,17,,,1,43,,83600,17,0,23 24,1,85,,83601,17,0,23 24,1,100,,83605,17,,,1,270,,83608,17,,,1
700,'20261030',934,,83611,17,0,23 24,1,100,,83612,17,0,23 24,1,100,,83613,17,0,23 24,1,100,,83614,17,0,23 24,1,100,,83615,17,0,23 24,1,100,,83616,17,0,23 24,1,100,,83619,17,,,1,72,,83609,17,0,25,1,28,,83620,17,,,1,70,,83623,17,,,1,20,,83610,17,0,25,1,10,,83621,17,,,1,72,,83624,17,,,1,43,,83617,17,0,23 24,1,85,,83618,17,0,23 24,1,100,,83622,17,,,1,270,,83625,17,,,1
700,'20261031',1634,,83626,17,0,23 24,1,200,,83627,17,0,23 24,1,200,,83628,17,0,23 24,1,200,,83629,17,,,1
700,'20261102',934,,83636,17,0,23 24,1,100,,83637,17,0,23 24,1,100,,83638,17,0,23 24,1,100,,83639,17,0,23 24,1,100,,83640,17,0,23 24,1,100,,83641,17,0,23 24,1,100,,83644,17,,,1,72,,83634,17,0,25,1,28,,83645,17,,,1,70,,83648,17,,,1,20,,83635,17,0,25,1,10,,83646,17,,,1,72,,83649,17,,,1,43,,83642,17,0,23 24,1,85,,83643,17,0,23 24,1,100,,83647,17,,,1,270,,83650,17,,,1
700,'20261103',934,,83653,17,0,23 24,1,100,,83654,17,0,23 24,1,100,,83655,17,0,23 24,1,100,,83656,17,0,23 24,1,100,,83657,17,0,23 24,1,100,,83658,17,0,23 24,1,100,,83661,17,,,1,72,,83651,17,0,25,1,28,,83662,17,,,1,70,,83665,17,,,1,20,,83652,17,0,25,1,10,,83663,17,,,1,72,,83666,17,,,1,43,,83659,17,0,23 24,1,85,,83660,17,0,23 24,1,100,,83664,17,,,1,270,,83667,17,,,1
700,'20261104',934,,83670,17,0,23 24,1,100,,83671,17,0,23 24,1,100,,83672,17,0,23 24,1,100,,83673,17,0,23 24,1,100,,83674,17,0,23 24,1,100,,83675,17,0,23 24,1,100,,83678,17,,,1,72,,83668,17,0,25,1,28,,83679,17,,,1,70,,83682,17,,,1,20,,83669,17,0,25,1,10,,83680,17,,,1,72,,83683,17,,,1,43,,83676,17,0,23 24,1,85,,83677,17,0,23 24,1,100,,83681,17,,,1,270,,83684,17,,,1
700,'20261105',934,,83687,17,0,23 24,1,100,,83688,17,0,23 24,1,100,,83689,17,0,23 24,1,100,,83690,17,0,23 24,1,100,,83691,17,0,23 24,1,100,,83692,17,0,23 24,1,100,,83695,17,,,1,72,,83685,17,0,25,1,28,,83696,17,,,1,70,,83699,17,,,1,20,,83686,17,0,25,1,10,,83697,17,,,1,72,,83700,17,,,1,43,,83693,17,0,23 24,1,85,,83694,17,0,23 24,1,100,,83698,17,,,1,270,,83701,17,,,1
700,'20261106',934,,83704,17,0,23 24,1,100,,83705,17,0,23 24,1,100,,83706,17,0,23 24,1,100,,83707,17,0,23 24,1,100,,83708,17,0,23 24,1,100,,83709,17,0,23 24,1,100,,83712,17,,,1,72,,83702,17,0,25,1,28,,83713,17,,,1,70,,83716,17,,,1,20,,83703,17,0,25,1,10,,83714,17,,,1,72,,83717,17,,,1,43,,83710,17,0,23 24,1,85,,83711,17,0,23 24,1,100,,83715,17,,,1,270,,83718,17,,,1
700,'20261107',1634,,83719,17,0,23 24,1,200,,83720,17,0,23 24,1,200,,83721,17,0,23 24,1,200,,83722,17,,,1
700,'20261109',934,,83729,17,0,23 24,1,100,,83730,17,0,23 24,1,100,,83731,17,0,23 24,1,100,,83732,17,0,23 24,1,100,,83733,17,0,23 24,1,100,,83734,17,0,23 24,1,100,,83737,17,,,1,72,,83727,17,0,25,1,28,,83738,17,,,1,70,,83741,17,,,1,20,,83728,17,0,25,1,10,,83739,17,,,1,72,,83742,17,,,1,43,,83735,17,0,23 24,1,85,,83736,17,0,23 24,1,100,,83740,17,,,1,270,,83743,17,,,1
700,'20261110',934,,83746,17,0,23 24,1,100,,83747,17,0,23 24,1,100,,83748,17,0,23 24,1,100,,83749,17,0,23 24,1,100,,83750,17,0,23 24,1,100,,83751,17,0,23 24,1,100,,83754,17,,,1,72,,83744,17,0,25,1,28,,83755,17,,,1,70,,83758,17,,,1,20,,83745,17,0,25,1,10,,83756,17,,,1,72,,83759,17,,,1,43,,83752,17,0,23 24,1,85,,83753,17,0,23 24,1,100,,83757,17,,,1,270,,83760,17,,,1
700,'20261111',934,,83763,17,0,23 24,1,100,,83764,17,0,23 24,1,100,,83765,17,0,23 24,1,100,,83766,17,0,23 24,1,100,,83767,17,0,23 24,1,100,,83768,17,0,23 24,1,100,,83771,17,,,1,72,,83761,17,0,25,1,28,,83772,17,,,1,70,,83775,17,,,1,20,,83762,17,0,25,1,10,,83773,17,,,1,72,,83776,17,,,1,43,,83769,17,0,23 24,1,85,,83770,17,0,23 24,1,100,,83774,17,,,1,270,,83777,17,,,1
700,'20261112',934,,83780,17,0,23 24,1,100,,83781,17,0,23 24,1,100,,83782,17,0,23 24,1,100,,83783,17,0,23 24,1,100,,83784,17,0,23 24,1,100,,83785,17,0,23 24,1,100,,83788,17,,,1,72,,83778,17,0,25,1,28,,83789,17,,,1,70,,83792,17,,,1,20,,83779,17,0,25,1,10,,83790,17,,,1,72,,83793,17,,,1,43,,83786,17,0,23 24,1,85,,83787,17,0,23 24,1,100,,83791,17,,,1,270,,83794,17,,,1
700,'20261113',934,,83797,17,0,23 24,1,100,,83798,17,0,23 24,1,100,,83799,17,0,23 24,1,100,,83800,17,0,23 24,1,100,,83801,17,0,23 24,1,100,,83802,17,0,23 24,1,100,,83805,17,,,1,72,,83795,17,0,25,1,28,,83806,17,,,1,70,,83809,17,,,1,20,,83796,17,0,25,1,10,,83807,17,,,1,72,,83810,17,,,1,43,,83803,17,0,23 24,1,85,,83804,17,0,23 24,1,100,,83808,17,,,1,270,,83811,17,,,1
700,'20261114',1634,,83812,17,0,23 24,1,200,,83813,17,0,23 24,1,200,,83814,17,0,23 24,1,200,,83815,17,,,1
700,'20261116',934,,83822,17,0,23 24,1,100,,83823,17,0,23 24,1,100,,83824,17,0,23 24,1,100,,83825,17,0,23 24,1,100,,83826,17,0,23 24,1,100,,83827,17,0,23 24,1,100,,83830,17,,,1,72,,83820,17,0,25,1,28,,83831,17,,,1,70,,83834,17,,,1,20,,83821,17,0,25,1,10,,83832,17,,,1,72,,83835,17,,,1,43,,83828,17,0,23 24,1,85,,83829,17,0,23 24,1,100,,83833,17,,,1,270,,83836,17,,,1
700,'20261117',934,,83839,17,0,23 24,1,100,,83840,17,0,23 24,1,100,,83841,17,0,23 24,1,100,,83842,17,0,23 24,1,100,,83843,17,0,23 24,1,100,,83844,17,0,23 24,1,100,,83847,17,,,1,72,,83837,17,0,25,1,28,,83848,17,,,1,70,,83851,17,,,1,20,,83838,17,0,25,1,10,,83849,17,,,1,72,,83852,17,,,1,43,,83845,17,0,23 24,1,85,,83846,17,0,23 24,1,100,,83850,17,,,1,270,,83853,17,,,1
700,'20261118',934,,83856,17,0,23 24,1,100,,83857,17,0,23 24,1,100,,83858,17,0,23 24,1,100,,83859,17,0,23 24,1,100,,83860,17,0,23 24,1,100,,83861,17,0,23 24,1,100,,83864,17,,,1,72,,83854,17,0,25,1,28,,83865,17,,,1,70,,83868,17,,,1,20,,83855,17,0,25,1,10,,83866,17,,,1,72,,83869,17,,,1,43,,83862,17,0,23 24,1,85,,83863,17,0,23 24,1,100,,83867,17,,,1,270,,83870,17,,,1
700,'20261119',934,,83873,17,0,23 24,1,100,,83874,17,0,23 24,1,100,,83875,17,0,23 24,1,100,,83876,17,0,23 24,1,100,,83877,17,0,23 24,1,100,,83878,17,0,23 24,1,100,,83881,17,,,1,72,,83871,17,0,25,1,28,,83882,17,,,1,70,,83885,17,,,1,20,,83872,17,0,25,1,10,,83883,17,,,1,72,,83886,17,,,1,43,,83879,17,0,23 24,1,85,,83880,17,0,23 24,1,100,,83884,17,,,1,270,,83887,17,,,1
700,'20261120',934,,83890,17,0,23 24,1,100,,83891,17,0,23 24,1,100,,83892,17,0,23 24,1,100,,83893,17,0,23 24,1,100,,83894,17,0,23 24,1,100,,83895,17,0,23 24,1,100,,83898,17,,,1,72,,83888,17,0,25,1,28,,83899,17,,,1,70,,83902,17,,,1,20,,83889,17,0,25,1,10,,83900,17,,,1,72,,83903,17,,,1,43,,83896,17,0,23 24,1,85,,83897,17,0,23 24,1,100,,83901,17,,,1,270,,83904,17,,,1
700,'20261121',1634,,83905,17,0,23 24,1,200,,83906,17,0,23 24,1,200,,83907,17,0,23 24,1,200,,83908,17,,,1
700,'20261123',934,,83915,17,0,23 24,1,100,,83916,17,0,23 24,1,100,,83917,17,0,23 24,1,100,,83918,17,0,23 24,1,100,,83919,17,0,23 24,1,100,,83920,17,0,23 24,1,100,,83923,17,,,1,72,,83913,17,0,25,1,28,,83924,17,,,1,70,,83927,17,,,1,20,,83914,17,0,25,1,10,,83925,17,,,1,72,,83928,17,,,1,43,,83921,17,0,23 24,1,85,,83922,17,0,23 24,1,100,,83926,17,,,1,270,,83929,17,,,1
700,'20261124',934,,83932,17,0,23 24,1,100,,83933,17,0,23 24,1,100,,83934,17,0,23 24,1,100,,83935,17,0,23 24,1,100,,83936,17,0,23 24,1,100,,83937,17,0,23 24,1,100,,83940,17,,,1,72,,83930,17,0,25,1,28,,83941,17,,,1,70,,83944,17,,,1,20,,83931,17,0,25,1,10,,83942,17,,,1,72,,83945,17,,,1,43,,83938,17,0,23 24,1,85,,83939,17,0,23 24,1,100,,83943,17,,,1,270,,83946,17,,,1
700,'20261125',934,,83949,17,0,23 24,1,100,,83950,17,0,23 24,1,100,,83951,17,0,23 24,1,100,,83952,17,0,23 24,1,100,,83953,17,0,23 24,1,100,,83954,17,0,23 24,1,100,,83957,17,,,1,72,,83947,17,0,25,1,28,,83958,17,,,1,70,,83961,17,,,1,20,,83948,17,0,25,1,10,,83959,17,,,1,72,,83962,17,,,1,43,,83955,17,0,23 24,1,85,,83956,17,0,23 24,1,100,,83960,17,,,1,270,,83963,17,,,1
700,'20261126',934,,83966,17,0,23 24,1,100,,83967,17,0,23 24,1,100,,83968,17,0,23 24,1,100,,83969,17,0,23 24,1,100,,83970,17,0,23 24,1,100,,83971,17,0,23 24,1,100,,83974,17,,,1,72,,83964,17,0,25,1,28,,83975,17,,,1,70,,83978,17,,,1,20,,83965,17,0,25,1,10,,83976,17,,,1,72,,83979,17,,,1,43,,83972,17,0,23 24,1,85,,83973,17,0,23 24,1,100,,83977,17,,,1,270,,83980,17,,,1
700,'20261127',934,,83983,17,0,23 24,1,100,,83984,17,0,23 24,1,100,,83985,17,0,23 24,1,100,,83986,17,0,23 24,1,100,,83987,17,0,23 24,1,100,,83988,17,0,23 24,1,100,,83991,17,,,1,72,,83981,17,0,25,1,28,,83992,17,,,1,70,,83995,17,,,1,20,,83982,17,0,25,1,10,,83993,17,,,1,72,,83996,17,,,1,43,,83989,17,0,23 24,1,85,,83990,17,0,23 24,1,100,,83994,17,,,1,270,,83997,17,,,1
701,'20260910',545,,84087,12,,,1,100,,84088,12,,,1,70,,84092,12,,,1,30,,84089,12,,,1,60,,84078,4,,,1,10,,84093,12,,,1,30,,84090,12,,,1,100,,84091,12,,,1,100,,84079,9,,,1,100,,84080,9,,,1,100,,84081,9,,,1,100,,84082,9,,,1,100,,84083,9,,,1,100,,84084,9,,,1,200,,84077,4,,,1,200,,84085,9,,,1,100,,84086,9,,,1
701,'20260911',545,,84104,12,,,1,100,,84105,12,,,1,70,,84109,12,,,1,30,,84106,12,,,1,60,,84095,4,,,1,10,,84110,12,,,1,30,,84107,12,,,1,100,,84108,12,,,1,100,,84096,9,,,1,100,,84097,9,,,1,100,,84098,9,,,1,100,,84099,9,,,1,100,,84100,9,,,1,100,,84101,9,,,1,200,,84094,4,,,1,200,,84102,9,,,1,100,,84103,9,,,1
701,'20260912',1545,,84114,12,,,1,200,,84111,9,,,1,200,,84112,9,,,1,200,,84113,9,,,1
701,'20260913',1545,,84118,12,,,1,200,,84115,9,,,1,200,,84116,9,,,1,200,,84117,9,,,1
701,'20260914',545,,84129,12,,,1,100,,84130,12,,,1,70,,84134,12,,,1,30,,84131,12,,,1,60,,84120,4,,,1,10,,84135,12,,,1,30,,84132,12,,,1,100,,84133,12,,,1,100,,84121,9,,,1,100,,84122,9,,,1,100,,84123,9,,,1,100,,84124,9,,,1,100,,84125,9,,,1,100,,84126,9,,,1,200,,84119,4,,,1,200,,84127,9,,,1,100,,84128,9,,,1
701,'20260915',545,,84146,12,,,1,100,,84147,12,,,1,70,,84151,12,,,1,30,,84148,12,,,1,60,,84137,4,,,1,10,,84152,12,,,1,30,,84149,12,,,1,100,,84150,12,,,1,100,,84138,9,,,1,100,,84139,9,,,1,100,,84140,9,,,1,100,,84141,9,,,1,100,,84142,9,,,1,100,,84143,9,,,1,200,,84136,4,,,1,200,,84144,9,,,1,100,,84145,9,,,1
701,'20260916',545,,84163,12,,,1,100,,84164,12,,,1,70,,84168,12,,,1,30,,84165,12,,,1,60,,84154,4,,,1,10,,84169,12,,,1,30,,84166,12,,,1,100,,84167,12,,,1,100,,84155,9,,,1,100,,84156,9,,,1,100,,84157,9,,,1,100,,84158,9,,,1,100,,84159,9,,,1,100,,84160,9,,,1,200,,84153,4,,,1,200,,84161,9,,,1,100,,84162,9,,,1
701,'20260917',545,,84180,12,,,1,100,,84181,12,,,1,70,,84185,12,,,1,30,,84182,12,,,1,60,,84171,4,,,1,10,,84186,12,,,1,30,,84183,12,,,1,100,,84184,12,,,1,100,,84172,9,,,1,100,,84173,9,,,1,100,,84174,9,,,1,100,,84175,9,,,1,100,,84176,9,,,1,100,,84177,9,,,1,200,,84170,4,,,1,200,,84178,9,,,1,100,,84179,9,,,1
701,'20260918',545,,84197,12,,,1,100,,84198,12,,,1,70,,84202,12,,,1,30,,84199,12,,,1,60,,84188,4,,,1,10,,84203,12,,,1,30,,84200,12,,,1,100,,84201,12,,,1,100,,84189,9,,,1,100,,84190,9,,,1,100,,84191,9,,,1,100,,84192,9,,,1,100,,84193,9,,,1,100,,84194,9,,,1,200,,84187,4,,,1,200,,84195,9,,,1,100,,84196,9,,,1
701,'20260919',1545,,84207,12,,,1,200,,84204,9,,,1,200,,84205,9,,,1,200,,84206,9,,,1
701,'20260920',1545,,84211,12,,,1,200,,84208,9,,,1,200,,84209,9,,,1,200,,84210,9,,,1
701,'20260921',545,,84222,12,,,1,100,,84223,12,,,1,70,,84227,12,,,1,30,,84224,12,,,1,60,,84213,4,,,1,10,,84228,12,,,1,30,,84225,12,,,1,100,,84226,12,,,1,100,,84214,9,,,1,100,,84215,9,,,1,100,,84216,9,,,1,100,,84217,9,,,1,100,,84218,9,,,1,100,,84219,9,,,1,200,,84212,4,,,1,200,,84220,9,,,1,100,,84221,9,,,1
701,'20260922',545,,84239,12,,,1,100,,84240,12,,,1,70,,84244,12,,,1,30,,84241,12,,,1,60,,84230,4,,,1,10,,84245,12,,,1,30,,84242,12,,,1,100,,84243,12,,,1,100,,84231,9,,,1,100,,84232,9,,,1,100,,84233,9,,,1,100,,84234,9,,,1,100,,84235,9,,,1,100,,84236,9,,,1,200,,84229,4,,,1,200,,84237,9,,,1,100,,84238,9,,,1
701,'20260923',545,,84256,12,,,1,100,,84257,12,,,1,70,,84261,12,,,1,30,,84258,12,,,1,60,,84247,4,,,1,10,,84262,12,,,1,30,,84259,12,,,1,100,,84260,12,,,1,100,,84248,9,,,1,100,,84249,9,,,1,100,,84250,9,,,1,100,,84251,9,,,1,100,,84252,9,,,1,100,,84253,9,,,1,200,,84246,4,,,1,200,,84254,9,,,1,100,,84255,9,,,1
701,'20260924',545,,84273,12,,,1,100,,84274,12,,,1,70,,84278,12,,,1,30,,84275,12,,,1,60,,84264,4,,,1,10,,84279,12,,,1,30,,84276,12,,,1,100,,84277,12,,,1,100,,84265,9,,,1,100,,84266,9,,,1,100,,84267,9,,,1,100,,84268,9,,,1,100,,84269,9,,,1,100,,84270,9,,,1,200,,84263,4,,,1,200,,84271,9,,,1,100,,84272,9,,,1
701,'20260925',545,,84290,12,,,1,100,,84291,12,,,1,70,,84295,12,,,1,30,,84292,12,,,1,60,,84281,4,,,1,10,,84296,12,,,1,30,,84293,12,,,1,100,,84294,12,,,1,100,,84282,9,,,1,100,,84283,9,,,1,100,,84284,9,,,1,100,,84285,9,,,1,100,,84286,9,,,1,100,,84287,9,,,1,200,,84280,4,,,1,200,,84288,9,,,1,100,,84289,9,,,1
701,'20260928',545,,84315,12,,,1,100,,84316,12,,,1,70,,84320,12,,,1,30,,84317,12,,,1,60,,84306,4,,,1,10,,84321,12,,,1,30,,84318,12,,,1,100,,84319,12,,,1,100,,84307,9,,,1,100,,84308,9,,,1,100,,84309,9,,,1,100,,84310,9,,,1,100,,84311,9,,,1,100,,84312,9,,,1,200,,84305,4,,,1,200,,84313,9,,,1,100,,84314,9,,,1
701,'20260929',545,,84332,12,,,1,100,,84333,12,,,1,70,,84337,12,,,1,30,,84334,12,,,1,60,,84323,4,,,1,10,,84338,12,,,1,30,,84335,12,,,1,100,,84336,12,,,1,100,,84324,9,,,1,100,,84325,9,,,1,100,,84326,9,,,1,100,,84327,9,,,1,100,,84328,9,,,1,100,,84329,9,,,1,200,,84322,4,,,1,200,,84330,9,,,1,100,,84331,9,,,1
701,'20260930',545,,84349,12,,,1,100,,84350,12,,,1,70,,84354,12,,,1,30,,84351,12,,,1,60,,84340,4,,,1,10,,84355,12,,,1,30,,84352,12,,,1,100,,84353,12,,,1,100,,84341,9,,,1,100,,84342,9,,,1,100,,84343,9,,,1,100,,84344,9,,,1,100,,84345,9,,,1,100,,84346,9,,,1,200,,84339,4,,,1,200,,84347,9,,,1,100,,84348,9,,,1
701,'20261001',545,,84366,12,,,1,100,,84367,12,,,1,70,,84371,12,,,1,30,,84368,12,,,1,60,,84357,4,,,1,10,,84372,12,,,1,30,,84369,12,,,1,100,,84370,12,,,1,100,,84358,9,,,1,100,,84359,9,,,1,100,,84360,9,,,1,100,,84361,9,,,1,100,,84362,9,,,1,100,,84363,9,,,1,200,,84356,4,,,1,200,,84364,9,,,1,100,,84365,9,,,1
701,'20261002',545,,84383,12,,,1,100,,84384,12,,,1,70,,84388,12,,,1,30,,84385,12,,,1,60,,84374,4,,,1,10,,84389,12,,,1,30,,84386,12,,,1,100,,84387,12,,,1,100,,84375,9,,,1,100,,84376,9,,,1,100,,84377,9,,,1,100,,84378,9,,,1,100,,84379,9,,,1,100,,84380,9,,,1,200,,84373,4,,,1,200,,84381,9,,,1,100,,84382,9,,,1
701,'20261003',1545,,84393,12,,,1,200,,84390,9,,,1,200,,84391,9,,,1,200,,84392,9,,,1
701,'20261005',545,,84408,12,,,1,100,,84409,12,,,1,70,,84413,12,,,1,30,,84410,12,,,1,60,,84399,4,,,1,10,,84414,12,,,1,30,,84411,12,,,1,100,,84412,12,,,1,100,,84400,9,,,1,100,,84401,9,,,1,100,,84402,9,,,1,100,,84403,9,,,1,100,,84404,9,,,1,100,,84405,9,,,1,200,,84398,4,,,1,200,,84406,9,,,1,100,,84407,9,,,1
701,'20261006',545,,84425,12,,,1,100,,84426,12,,,1,70,,84430,12,,,1,30,,84427,12,,,1,60,,84416,4,,,1,10,,84431,12,,,1,30,,84428,12,,,1,100,,84429,12,,,1,100,,84417,9,,,1,100,,84418,9,,,1,100,,84419,9,,,1,100,,84420,9,,,1,100,,84421,9,,,1,100,,84422,9,,,1,200,,84415,4,,,1,200,,84423,9,,,1,100,,84424,9,,,1
701,'20261007',545,,84442,12,,,1,100,,84443,12,,,1,70,,84447,12,,,1,30,,84444,12,,,1,60,,84433,4,,,1,10,,84448,12,,,1,30,,84445,12,,,1,100,,84446,12,,,1,100,,84434,9,,,1,100,,84435,9,,,1,100,,84436,9,,,1,100,,84437,9,,,1,100,,84438,9,,,1,100,,84439,9,,,1,200,,84432,4,,,1,200,,84440,9,,,1,100,,84441,9,,,1
701,'20261008',545,,84459,12,,,1,100,,84460,12,,,1,70,,84464,12,,,1,30,,84461,12,,,1,60,,84450,4,,,1,10,,84465,12,,,1,30,,84462,12,,,1,100,,84463,12,,,1,100,,84451,9,,,1,100,,84452,9,,,1,100,,84453,9,,,1,100,,84454,9,,,1,100,,84455,9,,,1,100,,84456,9,,,1,200,,84449,4,,,1,200,,84457,9,,,1,100,,84458,9,,,1
701,'20261009',545,,84476,12,,,1,100,,84477,12,,,1,70,,84481,12,,,1,30,,84478,12,,,1,60,,84467,4,,,1,10,,84482,12,,,1,30,,84479,12,,,1,100,,84480,12,,,1,100,,84468,9,,,1,100,,84469,9,,,1,100,,84470,9,,,1,100,,84471,9,,,1,100,,84472,9,,,1,100,,84473,9,,,1,200,,84466,4,,,1,200,,84474,9,,,1,100,,84475,9,,,1
701,'20261010',1545,,84486,12,,,1,200,,84483,9,,,1,200,,84484,9,,,1,200,,84485,9,,,1
701,'20261012',545,,84501,12,,,1,100,,84502,12,,,1,70,,84506,12,,,1,30,,84503,12,,,1,60,,84492,4,,,1,10,,84507,12,,,1,30,,84504,12,,,1,100,,84505,12,,,1,100,,84493,9,,,1,100,,84494,9,,,1,100,,84495,9,,,1,100,,84496,9,,,1,100,,84497,9,,,1,100,,84498,9,,,1,200,,84491,4,,,1,200,,84499,9,,,1,100,,84500,9,,,1
701,'20261013',545,,84518,12,,,1,100,,84519,12,,,1,70,,84523,12,,,1,30,,84520,12,,,1,60,,84509,4,,,1,10,,84524,12,,,1,30,,84521,12,,,1,100,,84522,12,,,1,100,,84510,9,,,1,100,,84511,9,,,1,100,,84512,9,,,1,100,,84513,9,,,1,100,,84514,9,,,1,100,,84515,9,,,1,200,,84508,4,,,1,200,,84516,9,,,1,100,,84517,9,,,1
701,'20261014',545,,84535,12,,,1,100,,84536,12,,,1,70,,84540,12,,,1,30,,84537,12,,,1,60,,84526,4,,,1,10,,84541,12,,,1,30,,84538,12,,,1,100,,84539,12,,,1,100,,84527,9,,,1,100,,84528,9,,,1,100,,84529,9,,,1,100,,84530,9,,,1,100,,84531,9,,,1,100,,84532,9,,,1,200,,84525,4,,,1,200,,84533,9,,,1,100,,84534,9,,,1
701,'20261015',545,,84552,12,,,1,100,,84553,12,,,1,70,,84557,12,,,1,30,,84554,12,,,1,60,,84543,4,,,1,10,,84558,12,,,1,30,,84555,12,,,1,100,,84556,12,,,1,100,,84544,9,,,1,100,,84545,9,,,1,100,,84546,9,,,1,100,,84547,9,,,1,100,,84548,9,,,1,100,,84549,9,,,1,200,,84542,4,,,1,200,,84550,9,,,1,100,,84551,9,,,1
701,'20261016',545,,84569,12,,,1,100,,84570,12,,,1,70,,84574,12,,,1,30,,84571,12,,,1,60,,84560,4,,,1,10,,84575,12,,,1,30,,84572,12,,,1,100,,84573,12,,,1,100,,84561,9,,,1,100,,84562,9,,,1,100,,84563,9,,,1,100,,84564,9,,,1,100,,84565,9,,,1,100,,84566,9,,,1,200,,84559,4,,,1,200,,84567,9,,,1,100,,84568,9,,,1
701,'20261017',1545,,84579,12,,,1,200,,84576,9,,,1,200,,84577,9,,,1,200,,84578,9,,,1
701,'20261019',545,,84594,12,,,1,100,,84595,12,,,1,70,,84599,12,,,1,30,,84596,12,,,1,60,,84585,4,,,1,10,,84600,12,,,1,30,,84597,12,,,1,100,,84598,12,,,1,100,,84586,9,,,1,100,,84587,9,,,1,100,,84588,9,,,1,100,,84589,9,,,1,100,,84590,9,,,1,100,,84591,9,,,1,200,,84584,4,,,1,200,,84592,9,,,1,100,,84593,9,,,1
701,'20261020',545,,84611,12,,,1,100,,84612,12,,,1,70,,84616,12,,,1,30,,84613,12,,,1,60,,84602,4,,,1,10,,84617,12,,,1,30,,84614,12,,,1,100,,84615,12,,,1,100,,84603,9,,,1,100,,84604,9,,,1,100,,84605,9,,,1,100,,84606,9,,,1,100,,84607,9,,,1,100,,84608,9,,,1,200,,84601,4,,,1,200,,84609,9,,,1,100,,84610,9,,,1
701,'20261021',545,,84628,12,,,1,100,,84629,12,,,1,70,,84633,12,,,1,30,,84630,12,,,1,60,,84619,4,,,1,10,,84634,12,,,1,30,,84631,12,,,1,100,,84632,12,,,1,100,,84620,9,,,1,100,,84621,9,,,1,100,,84622,9,,,1,100,,84623,9,,,1,100,,84624,9,,,1,100,,84625,9,,,1,200,,84618,4,,,1,200,,84626,9,,,1,100,,84627,9,,,1
701,'20261022',545,,84645,12,,,1,100,,84646,12,,,1,70,,84650,12,,,1,30,,84647,12,,,1,60,,84636,4,,,1,10,,84651,12,,,1,30,,84648,12,,,1,100,,84649,12,,,1,100,,84637,9,,,1,100,,84638,9,,,1,100,,84639,9,,,1,100,,84640,9,,,1,100,,84641,9,,,1,100,,84642,9,,,1,200,,84635,4,,,1,200,,84643,9,,,1,100,,84644,9,,,1
701,'20261023',545,,84662,12,,,1,100,,84663,12,,,1,70,,84667,12,,,1,30,,84664,12,,,1,60,,84653,4,,,1,10,,84668,12,,,1,30,,84665,12,,,1,100,,84666,12,,,1,100,,84654,9,,,1,100,,84655,9,,,1,100,,84656,9,,,1,100,,84657,9,,,1,100,,84658,9,,,1,100,,84659,9,,,1,200,,84652,4,,,1,200,,84660,9,,,1,100,,84661,9,,,1
701,'20261024',1545,,84672,12,,,1,200,,84669,9,,,1,200,,84670,9,,,1,200,,84671,9,,,1
701,'20261026',545,,84687,12,,,1,100,,84688,12,,,1,70,,84692,12,,,1,30,,84689,12,,,1,60,,84678,4,,,1,10,,84693,12,,,1,30,,84690,12,,,1,100,,84691,12,,,1,100,,84679,9,,,1,100,,84680,9,,,1,100,,84681,9,,,1,100,,84682,9,,,1,100,,84683,9,,,1,100,,84684,9,,,1,200,,84677,4,,,1,200,,84685,9,,,1,100,,84686,9,,,1
701,'20261027',545,,84704,12,,,1,100,,84705,12,,,1,70,,84709,12,,,1,30,,84706,12,,,1,60,,84695,4,,,1,10,,84710,12,,,1,30,,84707,12,,,1,100,,84708,12,,,1,100,,84696,9,,,1,100,,84697,9,,,1,100,,84698,9,,,1,100,,84699,9,,,1,100,,84700,9,,,1,100,,84701,9,,,1,200,,84694,4,,,1,200,,84702,9,,,1,100,,84703,9,,,1
701,'20261028',545,,84721,12,,,1,100,,84722,12,,,1,70,,84726,12,,,1,30,,84723,12,,,1,60,,84712,4,,,1,10,,84727,12,,,1,30,,84724,12,,,1,100,,84725,12,,,1,100,,84713,9,,,1,100,,84714,9,,,1,100,,84715,9,,,1,100,,84716,9,,,1,100,,84717,9,,,1,100,,84718,9,,,1,200,,84711,4,,,1,200,,84719,9,,,1,100,,84720,9,,,1
701,'20261029',545,,84738,12,,,1,100,,84739,12,,,1,70,,84743,12,,,1,30,,84740,12,,,1,60,,84729,4,,,1,10,,84744,12,,,1,30,,84741,12,,,1,100,,84742,12,,,1,100,,84730,9,,,1,100,,84731,9,,,1,100,,84732,9,,,1,100,,84733,9,,,1,100,,84734,9,,,1,100,,84735,9,,,1,200,,84728,4,,,1,200,,84736,9,,,1,100,,84737,9,,,1
701,'20261030',545,,84755,12,,,1,100,,84756,12,,,1,70,,84760,12,,,1,30,,84757,12,,,1,60,,84746,4,,,1,10,,84761,12,,,1,30,,84758,12,,,1,100,,84759,12,,,1,100,,84747,9,,,1,100,,84748,9,,,1,100,,84749,9,,,1,100,,84750,9,,,1,100,,84751,9,,,1,100,,84752,9,,,1,200,,84745,4,,,1,200,,84753,9,,,1,100,,84754,9,,,1
701,'20261031',1545,,84765,12,,,1,200,,84762,9,,,1,200,,84763,9,,,1,200,,84764,9,,,1
701,'20261102',545,,84780,12,,,1,100,,84781,12,,,1,70,,84785,12,,,1,30,,84782,12,,,1,60,,84771,4,,,1,10,,84786,12,,,1,30,,84783,12,,,1,100,,84784,12,,,1,100,,84772,9,,,1,100,,84773,9,,,1,100,,84774,9,,,1,100,,84775,9,,,1,100,,84776,9,,,1,100,,84777,9,,,1,200,,84770,4,,,1,200,,84778,9,,,1,100,,84779,9,,,1
701,'20261103',545,,84797,12,,,1,100,,84798,12,,,1,70,,84802,12,,,1,30,,84799,12,,,1,60,,84788,4,,,1,10,,84803,12,,,1,30,,84800,12,,,1,100,,84801,12,,,1,100,,84789,9,,,1,100,,84790,9,,,1,100,,84791,9,,,1,100,,84792,9,,,1,100,,84793,9,,,1,100,,84794,9,,,1,200,,84787,4,,,1,200,,84795,9,,,1,100,,84796,9,,,1
701,'20261104',545,,84814,12,,,1,100,,84815,12,,,1,70,,84819,12,,,1,30,,84816,12,,,1,60,,84805,4,,,1,10,,84820,12,,,1,30,,84817,12,,,1,100,,84818,12,,,1,100,,84806,9,,,1,100,,84807,9,,,1,100,,84808,9,,,1,100,,84809,9,,,1,100,,84810,9,,,1,100,,84811,9,,,1,200,,84804,4,,,1,200,,84812,9,,,1,100,,84813,9,,,1
701,'20261105',545,,84831,12,,,1,100,,84832,12,,,1,70,,84836,12,,,1,30,,84833,12,,,1,60,,84822,4,,,1,10,,84837,12,,,1,30,,84834,12,,,1,100,,84835,12,,,1,100,,84823,9,,,1,100,,84824,9,,,1,100,,84825,9,,,1,100,,84826,9,,,1,100,,84827,9,,,1,100,,84828,9,,,1,200,,84821,4,,,1,200,,84829,9,,,1,100,,84830,9,,,1
701,'20261106',545,,84848,12,,,1,100,,84849,12,,,1,70,,84853,12,,,1,30,,84850,12,,,1,60,,84839,4,,,1,10,,84854,12,,,1,30,,84851,12,,,1,100,,84852,12,,,1,100,,84840,9,,,1,100,,84841,9,,,1,100,,84842,9,,,1,100,,84843,9,,,1,100,,84844,9,,,1,100,,84845,9,,,1,200,,84838,4,,,1,200,,84846,9,,,1,100,,84847,9,,,1
701,'20261107',1545,,84858,12,,,1,200,,84855,9,,,1,200,,84856,9,,,1,200,,84857,9,,,1
701,'20261109',545,,84873,12,,,1,100,,84874,12,,,1,70,,84878,12,,,1,30,,84875,12,,,1,60,,84864,4,,,1,10,,84879,12,,,1,30,,84876,12,,,1,100,,84877,12,,,1,100,,84865,9,,,1,100,,84866,9,,,1,100,,84867,9,,,1,100,,84868,9,,,1,100,,84869,9,,,1,100,,84870,9,,,1,200,,84863,4,,,1,200,,84871,9,,,1,100,,84872,9,,,1
701,'20261110',545,,84890,12,,,1,100,,84891,12,,,1,70,,84895,12,,,1,30,,84892,12,,,1,60,,84881,4,,,1,10,,84896,12,,,1,30,,84893,12,,,1,100,,84894,12,,,1,100,,84882,9,,,1,100,,84883,9,,,1,100,,84884,9,,,1,100,,84885,9,,,1,100,,84886,9,,,1,100,,84887,9,,,1,200,,84880,4,,,1,200,,84888,9,,,1,100,,84889,9,,,1
701,'20261111',545,,84907,12,,,1,100,,84908,12,,,1,70,,84912,12,,,1,30,,84909,12,,,1,60,,84898,4,,,1,10,,84913,12,,,1,30,,84910,12,,,1,100,,84911,12,,,1,100,,84899,9,,,1,100,,84900,9,,,1,100,,84901,9,,,1,100,,84902,9,,,1,100,,84903,9,,,1,100,,84904,9,,,1,200,,84897,4,,,1,200,,84905,9,,,1,100,,84906,9,,,1
701,'20261112',545,,84924,12,,,1,100,,84925,12,,,1,70,,84929,12,,,1,30,,84926,12,,,1,60,,84915,4,,,1,10,,84930,12,,,1,30,,84927,12,,,1,100,,84928,12,,,1,100,,84916,9,,,1,100,,84917,9,,,1,100,,84918,9,,,1,100,,84919,9,,,1,100,,84920,9,,,1,100,,84921,9,,,1,200,,84914,4,,,1,200,,84922,9,,,1,100,,84923,9,,,1
701,'20261113',545,,84941,12,,,1,100,,84942,12,,,1,70,,84946,12,,,1,30,,84943,12,,,1,60,,84932,4,,,1,10,,84947,12,,,1,30,,84944,12,,,1,100,,84945,12,,,1,100,,84933,9,,,1,100,,84934,9,,,1,100,,84935,9,,,1,100,,84936,9,,,1,100,,84937,9,,,1,100,,84938,9,,,1,200,,84931,4,,,1,200,,84939,9,,,1,100,,84940,9,,,1
701,'20261114',1545,,84951,12,,,1,200,,84948,9,,,1,200,,84949,9,,,1,200,,84950,9,,,1
701,'20261116',545,,84966,12,,,1,100,,84967,12,,,1,70,,84971,12,,,1,30,,84968,12,,,1,60,,84957,4,,,1,10,,84972,12,,,1,30,,84969,12,,,1,100,,84970,12,,,1,100,,84958,9,,,1,100,,84959,9,,,1,100,,84960,9,,,1,100,,84961,9,,,1,100,,84962,9,,,1,100,,84963,9,,,1,200,,84956,4,,,1,200,,84964,9,,,1,100,,84965,9,,,1
701,'20261117',545,,84983,12,,,1,100,,84984,12,,,1,70,,84988,12,,,1,30,,84985,12,,,1,60,,84974,4,,,1,10,,84989,12,,,1,30,,84986,12,,,1,100,,84987,12,,,1,100,,84975,9,,,1,100,,84976,9,,,1,100,,84977,9,,,1,100,,84978,9,,,1,100,,84979,9,,,1,100,,84980,9,,,1,200,,84973,4,,,1,200,,84981,9,,,1,100,,84982,9,,,1
701,'20261118',545,,85000,12,,,1,100,,85001,12,,,1,70,,85005,12,,,1,30,,85002,12,,,1,60,,84991,4,,,1,10,,85006,12,,,1,30,,85003,12,,,1,100,,85004,12,,,1,100,,84992,9,,,1,100,,84993,9,,,1,100,,84994,9,,,1,100,,84995,9,,,1,100,,84996,9,,,1,100,,84997,9,,,1,200,,84990,4,,,1,200,,84998,9,,,1,100,,84999,9,,,1
701,'20261119',545,,85017,12,,,1,100,,85018,12,,,1,70,,85022,12,,,1,30,,85019,12,,,1,60,,85008,4,,,1,10,,85023,12,,,1,30,,85020,12,,,1,100,,85021,12,,,1,100,,85009,9,,,1,100,,85010,9,,,1,100,,85011,9,,,1,100,,85012,9,,,1,100,,85013,9,,,1,100,,85014,9,,,1,200,,85007,4,,,1,200,,85015,9,,,1,100,,85016,9,,,1
701,'20261120',545,,85034,12,,,1,100,,85035,12,,,1,70,,85039,12,,,1,30,,85036,12,,,1,60,,85025,4,,,1,10,,85040,12,,,1,30,,85037,12,,,1,100,,85038,12,,,1,100,,85026,9,,,1,100,,85027,9,,,1,100,,85028,9,,,1,100,,85029,9,,,1,100,,85030,9,,,1,100,,85031,9,,,1,200,,85024,4,,,1,200,,85032,9,,,1,100,,85033,9,,,1
701,'20261121',1545,,85044,12,,,1,200,,85041,9,,,1,200,,85042,9,,,1,200,,85043,9,,,1
701,'20261123',545,,85059,12,,,1,100,,85060,12,,,1,70,,85064,12,,,1,30,,85061,12,,,1,60,,85050,4,,,1,10,,85065,12,,,1,30,,85062,12,,,1,100,,85063,12,,,1,100,,85051,9,,,1,100,,85052,9,,,1,100,,85053,9,,,1,100,,85054,9,,,1,100,,85055,9,,,1,100,,85056,9,,,1,200,,85049,4,,,1,200,,85057,9,,,1,100,,85058,9,,,1
701,'20261124',545,,85076,12,,,1,100,,85077,12,,,1,70,,85081,12,,,1,30,,85078,12,,,1,60,,85067,4,,,1,10,,85082,12,,,1,30,,85079,12,,,1,100,,85080,12,,,1,100,,85068,9,,,1,100,,85069,9,,,1,100,,85070,9,,,1,100,,85071,9,,,1,100,,85072,9,,,1,100,,85073,9,,,1,200,,85066,4,,,1,200,,85074,9,,,1,100,,85075,9,,,1
701,'20261125',545,,85093,12,,,1,100,,85094,12,,,1,70,,85098,12,,,1,30,,85095,12,,,1,60,,85084,4,,,1,10,,85099,12,,,1,30,,85096,12,,,1,100,,85097,12,,,1,100,,85085,9,,,1,100,,85086,9,,,1,100,,85087,9,,,1,100,,85088,9,,,1,100,,85089,9,,,1,100,,85090,9,,,1,200,,85083,4,,,1,200,,85091,9,,,1,100,,85092,9,,,1
701,'20261126',545,,85110,12,,,1,100,,85111,12,,,1,70,,85115,12,,,1,30,,85112,12,,,1,60,,85101,4,,,1,10,,85116,12,,,1,30,,85113,12,,,1,100,,85114,12,,,1,100,,85102,9,,,1,100,,85103,9,,,1,100,,85104,9,,,1,100,,85105,9,,,1,100,,85106,9,,,1,100,,85107,9,,,1,200,,85100,4,,,1,200,,85108,9,,,1,100,,85109,9,,,1
701,'20261127',545,,85127,12,,,1,100,,85128,12,,,1,70,,85132,12,,,1,30,,85129,12,,,1,60,,85118,4,,,1,10,,85133,12,,,1,30,,85130,12,,,1,100,,85131,12,,,1,100,,85119,9,,,1,100,,85120,9,,,1,100,,85121,9,,,1,100,,85122,9,,,1,100,,85123,9,,,1,100,,85124,9,,,1,200,,85117,4,,,1,200,,85125,9,,,1,100,,85126,9,,,1
