700,'20260821',1613,,53476,28,4,,1,100,,53477,28,4,,1,30,,53481,28,4,,1,70,,53478,28,4,,1,32,,53482,28,4,,1,567,,53479,28,4,,1,100,,53480,28,4,,1
700,'20260822',2212,,53495,28,4,,1,100,,53496,28,4,,1,100,,53497,28,4,,1
700,'20260823',2212,,53510,28,4,,1,100,,53511,28,4,,1,100,,53512,28,4,,1
700,'20260824',1613,,65275,28,4,,1,100,,65276,28,4,,1,30,,65279,28,4,,1,70,,65277,28,4,,1,32,,65280,28,4,,1,567,,53529,28,4,,1,100,,65278,28,4,,1
700,'20260825',1613,,53546,28,4,,1,100,,53547,28,4,,1,30,,53551,28,4,,1,70,,53548,28,4,,1,32,,53552,28,4,,1,567,,53549,28,4,,1,100,,53550,28,4,,1
700,'20260826',1613,,53566,28,4,,1,100,,53567,28,4,,1,30,,53571,28,4,,1,70,,53568,28,4,,1,32,,53572,28,4,,1,567,,53569,28,4,,1,100,,53570,28,4,,1
700,'20260827',1613,,53586,28,4,,1,100,,53587,28,4,,1,30,,53591,28,4,,1,70,,53588,28,4,,1,32,,53592,28,4,,1,567,,53589,28,4,,1,100,,53590,28,4,,1
700,'20260828',1613,,53606,28,4,,1,100,,53607,28,4,,1,30,,53611,28,4,,1,70,,53608,28,4,,1,32,,53612,28,4,,1,567,,53609,28,4,,1,100,,53610,28,4,,1
700,'20260829',2212,,53625,28,4,,1,100,,53626,28,4,,1,100,,53627,28,4,,1
700,'20260830',2212,,53640,28,4,,1,100,,53641,28,4,,1,100,,53642,28,4,,1
700,'20260831',1613,,65285,28,4,,1,100,,65286,28,4,,1,30,,65289,28,4,,1,70,,65287,28,4,,1,32,,65290,28,4,,1,567,,53659,28,4,,1,100,,65288,28,4,,1
700,'20260901',1613,,53676,28,4,,1,100,,53677,28,4,,1,30,,53681,28,4,,1,70,,53678,28,4,,1,32,,53682,28,4,,1,567,,53679,28,4,,1,100,,53680,28,4,,1
700,'20260902',1613,,53696,28,4,,1,100,,53697,28,4,,1,30,,53701,28,4,,1,70,,53698,28,4,,1,32,,53702,28,4,,1,567,,53699,28,4,,1,100,,53700,28,4,,1
700,'20260903',1613,,53716,28,4,,1,100,,53717,28,4,,1,30,,53721,28,4,,1,70,,53718,28,4,,1,32,,53722,28,4,,1,567,,53719,28,4,,1,100,,53720,28,4,,1
700,'20260904',1613,,53736,28,4,,1,100,,53737,28,4,,1,30,,53741,28,4,,1,70,,53738,28,4,,1,32,,53742,28,4,,1,567,,53739,28,4,,1,100,,53740,28,4,,1
701,'20260821',508,,54999,1,,,1,100,,55000,1,,,1,30,,55004,1,,,1,70,,55001,1,,,1,30,,55005,1,,,1,70,,55002,1,,,1,100,,55003,1,,,1
701,'20260822',709,,55018,1,,,1,100,,55019,1,,,1,100,,55020,1,,,1
701,'20260823',709,,55033,1,,,1,100,,55034,1,,,1,100,,55035,1,,,1
701,'20260824',508,,65308,1,,,1,100,,65309,1,,,1,30,,65310,1,,,1,70,,55050,1,,,1,30,,65311,1,,,1,70,,55051,1,,,1,100,,55052,1,,,1
701,'20260825',508,,55067,1,,,1,100,,55068,1,,,1,30,,55072,1,,,1,70,,55069,1,,,1,30,,55073,1,,,1,70,,55070,1,,,1,100,,55071,1,,,1
701,'20260826',508,,55086,1,,,1,100,,55087,1,,,1,30,,55091,1,,,1,70,,55088,1,,,1,30,,55092,1,,,1,70,,55089,1,,,1,100,,55090,1,,,1
701,'20260827',508,,55105,1,,,1,100,,55106,1,,,1,30,,55110,1,,,1,70,,55107,1,,,1,30,,55111,1,,,1,70,,55108,1,,,1,100,,55109,1,,,1
701,'20260828',508,,55124,1,,,1,100,,55125,1,,,1,30,,55129,1,,,1,70,,55126,1,,,1,30,,55130,1,,,1,70,,55127,1,,,1,100,,55128,1,,,1
701,'20260829',709,,55143,1,,,1,100,,55144,1,,,1,100,,55145,1,,,1
701,'20260830',709,,55158,1,,,1,100,,55159,1,,,1,100,,55160,1,,,1
701,'20260831',508,,65315,1,,,1,100,,65316,1,,,1,30,,65317,1,,,1,70,,55175,1,,,1,30,,65318,1,,,1,70,,55176,1,,,1,100,,55177,1,,,1
701,'20260901',508,,55192,1,,,1,100,,55193,1,,,1,30,,55197,1,,,1,70,,55194,1,,,1,30,,55198,1,,,1,70,,55195,1,,,1,100,,55196,1,,,1
701,'20260902',508,,55211,1,,,1,100,,55212,1,,,1,30,,55216,1,,,1,70,,55213,1,,,1,30,,55217,1,,,1,70,,55214,1,,,1,100,,55215,1,,,1
701,'20260903',508,,55230,1,,,1,100,,55231,1,,,1,30,,55235,1,,,1,70,,55232,1,,,1,30,,55236,1,,,1,70,,55233,1,,,1,100,,55234,1,,,1
701,'20260904',508,,55249,1,,,1,100,,55250,1,,,1,30,,55254,1,,,1,70,,55251,1,,,1,30,,55255,1,,,1,70,,55252,1,,,1,100,,55253,1,,,1
