200,'20261005',1558,,73267,17,,,1,70,,73268,17,,,1,15,,73269,17,,,1,15,,73270,17,,,1,55,,73271,17,,,1,15,,73272,17,,,1,15,,73273,17,,,1,70,,73274,17,,,1,30,,73275,17,,,1,85,,73276,17,,,1
200,'20261006',1558,,73277,17,,,1,70,,73278,17,,,1,15,,73279,17,,,1,15,,73280,17,,,1,55,,73281,17,,,1,15,,73282,17,,,1,15,,73283,17,,,1,70,,73284,17,,,1,30,,73285,17,,,1,85,,73286,17,,,1
200,'20261007',1558,,73287,17,,,1,70,,73288,17,,,1,15,,73289,17,,,1,15,,73290,17,,,1,55,,73291,17,,,1,15,,73292,17,,,1,15,,73293,17,,,1,70,,73294,17,,,1,30,,73295,17,,,1,85,,73296,17,,,1
200,'20261008',1558,,73297,17,,,1,70,,73298,17,,,1,15,,73299,17,,,1,15,,73300,17,,,1,55,,73301,17,,,1,15,,73302,17,,,1,15,,73303,17,,,1,70,,73304,17,,,1,30,,73305,17,,,1,85,,73306,17,,,1
200,'20261009',1558,,73307,17,,,1,70,,73308,17,,,1,15,,73309,17,,,1,15,,73310,17,,,1,55,,73311,17,,,1,15,,73312,17,,,1,15,,73313,17,,,1,70,,73314,17,,,1,30,,73315,17,,,1,85,,73316,17,,,1
200,'20261013',1558,,73327,17,,,1,70,,73328,17,,,1,15,,73329,17,,,1,15,,73330,17,,,1,55,,73331,17,,,1,15,,73332,17,,,1,15,,73333,17,,,1,70,,73334,17,,,1,30,,73335,17,,,1,85,,73336,17,,,1
200,'20261014',1558,,73337,17,,,1,70,,73338,17,,,1,15,,73339,17,,,1,15,,73340,17,,,1,55,,73341,17,,,1,15,,73342,17,,,1,15,,73343,17,,,1,70,,73344,17,,,1,30,,73345,17,,,1,85,,73346,17,,,1
200,'20261015',1558,,73347,17,,,1,70,,73348,17,,,1,15,,73349,17,,,1,15,,73350,17,,,1,55,,73351,17,,,1,15,,73352,17,,,1,15,,73353,17,,,1,70,,73354,17,,,1,30,,73355,17,,,1,85,,73356,17,,,1
200,'20261016',1558,,73357,17,,,1,70,,73358,17,,,1,15,,73359,17,,,1,15,,73360,17,,,1,55,,73361,17,,,1,15,,73362,17,,,1,15,,73363,17,,,1,70,,73364,17,,,1,30,,73365,17,,,1,85,,73366,17,,,1
200,'20261019',1558,,73367,17,,,1,70,,73368,17,,,1,15,,73369,17,,,1,15,,73370,17,,,1,55,,73371,17,,,1,15,,73372,17,,,1,15,,73373,17,,,1,70,,73374,17,,,1,30,,73375,17,,,1,85,,73376,17,,,1
200,'20261020',1558,,73377,17,,,1,70,,73378,17,,,1,15,,73379,17,,,1,15,,73380,17,,,1,55,,73381,17,,,1,15,,73382,17,,,1,15,,73383,17,,,1,70,,73384,17,,,1,30,,73385,17,,,1,85,,73386,17,,,1
200,'20261021',1558,,73387,17,,,1,70,,73388,17,,,1,15,,73389,17,,,1,15,,73390,17,,,1,55,,73391,17,,,1,15,,73392,17,,,1,15,,73393,17,,,1,70,,73394,17,,,1,30,,73395,17,,,1,85,,73396,17,,,1
200,'20261022',1558,,73397,17,,,1,70,,73398,17,,,1,15,,73399,17,,,1,15,,73400,17,,,1,55,,73401,17,,,1,15,,73402,17,,,1,15,,73403,17,,,1,70,,73404,17,,,1,30,,73405,17,,,1,85,,73406,17,,,1
200,'20261023',1558,,73407,17,,,1,70,,73408,17,,,1,15,,73409,17,,,1,15,,73410,17,,,1,55,,73411,17,,,1,15,,73412,17,,,1,15,,73413,17,,,1,70,,73414,17,,,1,30,,73415,17,,,1,85,,73416,17,,,1
200,'20261026',1558,,73417,17,,,1,70,,73418,17,,,1,15,,73419,17,,,1,15,,73420,17,,,1,55,,73421,17,,,1,15,,73422,17,,,1,15,,73423,17,,,1,70,,73424,17,,,1,30,,73425,17,,,1,85,,73426,17,,,1
200,'20261027',1558,,73427,17,,,1,70,,73428,17,,,1,15,,73429,17,,,1,15,,73430,17,,,1,55,,73431,17,,,1,15,,73432,17,,,1,15,,73433,17,,,1,70,,73434,17,,,1,30,,73435,17,,,1,85,,73436,17,,,1
200,'20261028',1558,,73437,17,,,1,70,,73438,17,,,1,15,,73439,17,,,1,15,,73440,17,,,1,55,,73441,17,,,1,15,,73442,17,,,1,15,,73443,17,,,1,70,,73444,17,,,1,30,,73445,17,,,1,85,,73446,17,,,1
200,'20261029',1558,,73447,17,,,1,70,,73448,17,,,1,15,,73449,17,,,1,15,,73450,17,,,1,55,,73451,17,,,1,15,,73452,17,,,1,15,,73453,17,,,1,70,,73454,17,,,1,30,,73455,17,,,1,85,,73456,17,,,1
200,'20261030',1558,,73457,17,,,1,70,,73458,17,,,1,15,,73459,17,,,1,15,,73460,17,,,1,55,,73461,17,,,1,15,,73462,17,,,1,15,,73463,17,,,1,70,,73464,17,,,1,30,,73465,17,,,1,85,,73466,17,,,1
200,'20261102',1558,,73467,17,,,1,70,,73468,17,,,1,15,,73469,17,,,1,15,,73470,17,,,1,55,,73471,17,,,1,15,,73472,17,,,1,15,,73473,17,,,1,70,,73474,17,,,1,30,,73475,17,,,1,85,,73476,17,,,1
200,'20261103',1558,,73477,17,,,1,70,,73478,17,,,1,15,,73479,17,,,1,15,,73480,17,,,1,55,,73481,17,,,1,15,,73482,17,,,1,15,,73483,17,,,1,70,,73484,17,,,1,30,,73485,17,,,1,85,,73486,17,,,1
200,'20261104',1558,,73487,17,,,1,70,,73488,17,,,1,15,,73489,17,,,1,15,,73490,17,,,1,55,,73491,17,,,1,15,,73492,17,,,1,15,,73493,17,,,1,70,,73494,17,,,1,30,,73495,17,,,1,85,,73496,17,,,1
200,'20261105',1558,,73497,17,,,1,70,,73498,17,,,1,15,,73499,17,,,1,15,,73500,17,,,1,55,,73501,17,,,1,15,,73502,17,,,1,15,,73503,17,,,1,70,,73504,17,,,1,30,,73505,17,,,1,85,,73506,17,,,1
200,'20261106',1558,,73507,17,,,1,70,,73508,17,,,1,15,,73509,17,,,1,15,,73510,17,,,1,55,,73511,17,,,1,15,,73512,17,,,1,15,,73513,17,,,1,70,,73514,17,,,1,30,,73515,17,,,1,85,,73516,17,,,1
200,'20261109',1558,,73517,17,,,1,70,,73518,17,,,1,15,,73519,17,,,1,15,,73520,17,,,1,55,,73521,17,,,1,15,,73522,17,,,1,15,,73523,17,,,1,70,,73524,17,,,1,30,,73525,17,,,1,85,,73526,17,,,1
200,'20261110',1558,,73527,17,,,1,70,,73528,17,,,1,15,,73529,17,,,1,15,,73530,17,,,1,55,,73531,17,,,1,15,,73532,17,,,1,15,,73533,17,,,1,70,,73534,17,,,1,30,,73535,17,,,1,85,,73536,17,,,1
200,'20261111',1558,,73537,17,,,1,70,,73538,17,,,1,15,,73539,17,,,1,15,,73540,17,,,1,55,,73541,17,,,1,15,,73542,17,,,1,15,,73543,17,,,1,70,,73544,17,,,1,30,,73545,17,,,1,85,,73546,17,,,1
200,'20261112',1558,,73547,17,,,1,70,,73548,17,,,1,15,,73549,17,,,1,15,,73550,17,,,1,55,,73551,17,,,1,15,,73552,17,,,1,15,,73553,17,,,1,70,,73554,17,,,1,30,,73555,17,,,1,85,,73556,17,,,1
200,'20261113',1558,,73557,17,,,1,70,,73558,17,,,1,15,,73559,17,,,1,15,,73560,17,,,1,55,,73561,17,,,1,15,,73562,17,,,1,15,,73563,17,,,1,70,,73564,17,,,1,30,,73565,17,,,1,85,,73566,17,,,1
200,'20261116',1558,,73567,17,,,1,70,,73568,17,,,1,15,,73569,17,,,1,15,,73570,17,,,1,55,,73571,17,,,1,15,,73572,17,,,1,15,,73573,17,,,1,70,,73574,17,,,1,30,,73575,17,,,1,85,,73576,17,,,1
200,'20261117',1558,,73577,17,,,1,70,,73578,17,,,1,15,,73579,17,,,1,15,,73580,17,,,1,55,,73581,17,,,1,15,,73582,17,,,1,15,,73583,17,,,1,70,,73584,17,,,1,30,,73585,17,,,1,85,,73586,17,,,1
200,'20261118',1558,,73587,17,,,1,70,,73588,17,,,1,15,,73589,17,,,1,15,,73590,17,,,1,55,,73591,17,,,1,15,,73592,17,,,1,15,,73593,17,,,1,70,,73594,17,,,1,30,,73595,17,,,1,85,,73596,17,,,1
200,'20261119',1558,,73597,17,,,1,70,,73598,17,,,1,15,,73599,17,,,1,15,,73600,17,,,1,55,,73601,17,,,1,15,,73602,17,,,1,15,,73603,17,,,1,70,,73604,17,,,1,30,,73605,17,,,1,85,,73606,17,,,1
200,'20261120',1558,,73607,17,,,1,70,,73608,17,,,1,15,,73609,17,,,1,15,,73610,17,,,1,55,,73611,17,,,1,15,,73612,17,,,1,15,,73613,17,,,1,70,,73614,17,,,1,30,,73615,17,,,1,85,,73616,17,,,1
200,'20261123',1558,,73617,17,,,1,70,,73618,17,,,1,15,,73619,17,,,1,15,,73620,17,,,1,55,,73621,17,,,1,15,,73622,17,,,1,15,,73623,17,,,1,70,,73624,17,,,1,30,,73625,17,,,1,85,,73626,17,,,1
200,'20261124',1558,,73627,17,,,1,70,,73628,17,,,1,15,,73629,17,,,1,15,,73630,17,,,1,55,,73631,17,,,1,15,,73632,17,,,1,15,,73633,17,,,1,70,,73634,17,,,1,30,,73635,17,,,1,85,,73636,17,,,1
200,'20261125',1558,,73637,17,,,1,70,,73638,17,,,1,15,,73639,17,,,1,15,,73640,17,,,1,55,,73641,17,,,1,15,,73642,17,,,1,15,,73643,17,,,1,70,,73644,17,,,1,30,,73645,17,,,1,85,,73646,17,,,1
200,'20261126',1558,,73647,17,,,1,70,,73648,17,,,1,15,,73649,17,,,1,15,,73650,17,,,1,55,,73651,17,,,1,15,,73652,17,,,1,15,,73653,17,,,1,70,,73654,17,,,1,30,,73655,17,,,1,85,,73656,17,,,1
200,'20261127',1558,,73657,17,,,1,70,,73658,17,,,1,15,,73659,17,,,1,15,,73660,17,,,1,55,,73661,17,,,1,15,,73662,17,,,1,15,,73663,17,,,1,70,,73664,17,,,1,30,,73665,17,,,1,85,,73666,17,,,1
201,'20261005',643,,73857,19,,,1,70,,73858,19,,,1,15,,73859,19,,,1,15,,73860,19,,,1,15,,73861,19,,,1,55,,73862,19,,,1,15,,73863,19,,,1,15,,73864,19,,,1,15,,73865,19,,,1,55,,73866,19,,,1
201,'20261006',643,,73867,19,,,1,70,,73868,19,,,1,15,,73869,19,,,1,15,,73870,19,,,1,15,,73871,19,,,1,55,,73872,19,,,1,15,,73873,19,,,1,15,,73874,19,,,1,15,,73875,19,,,1,55,,73876,19,,,1
201,'20261007',643,,73877,19,,,1,70,,73878,19,,,1,15,,73879,19,,,1,15,,73880,19,,,1,15,,73881,19,,,1,55,,73882,19,,,1,15,,73883,19,,,1,15,,73884,19,,,1,15,,73885,19,,,1,55,,73886,19,,,1
201,'20261008',643,,73887,19,,,1,70,,73888,19,,,1,15,,73889,19,,,1,15,,73890,19,,,1,15,,73891,19,,,1,55,,73892,19,,,1,15,,73893,19,,,1,15,,73894,19,,,1,15,,73895,19,,,1,55,,73896,19,,,1
201,'20261009',643,,73897,19,,,1,70,,73898,19,,,1,15,,73899,19,,,1,15,,73900,19,,,1,15,,73901,19,,,1,55,,73902,19,,,1,15,,73903,19,,,1,15,,73904,19,,,1,15,,73905,19,,,1,55,,73906,19,,,1
201,'20261013',643,,73917,19,,,1,70,,73918,19,,,1,15,,73919,19,,,1,15,,73920,19,,,1,15,,73921,19,,,1,55,,73922,19,,,1,15,,73923,19,,,1,15,,73924,19,,,1,15,,73925,19,,,1,55,,73926,19,,,1
201,'20261014',643,,73927,19,,,1,70,,73928,19,,,1,15,,73929,19,,,1,15,,73930,19,,,1,15,,73931,19,,,1,55,,73932,19,,,1,15,,73933,19,,,1,15,,73934,19,,,1,15,,73935,19,,,1,55,,73936,19,,,1
201,'20261015',643,,73937,19,,,1,70,,73938,19,,,1,15,,73939,19,,,1,15,,73940,19,,,1,15,,73941,19,,,1,55,,73942,19,,,1,15,,73943,19,,,1,15,,73944,19,,,1,15,,73945,19,,,1,55,,73946,19,,,1
201,'20261016',643,,73947,19,,,1,70,,73948,19,,,1,15,,73949,19,,,1,15,,73950,19,,,1,15,,73951,19,,,1,55,,73952,19,,,1,15,,73953,19,,,1,15,,73954,19,,,1,15,,73955,19,,,1,55,,73956,19,,,1
201,'20261019',643,,73957,19,,,1,70,,73958,19,,,1,15,,73959,19,,,1,15,,73960,19,,,1,15,,73961,19,,,1,55,,73962,19,,,1,15,,73963,19,,,1,15,,73964,19,,,1,15,,73965,19,,,1,55,,73966,19,,,1
201,'20261020',643,,73967,19,,,1,70,,73968,19,,,1,15,,73969,19,,,1,15,,73970,19,,,1,15,,73971,19,,,1,55,,73972,19,,,1,15,,73973,19,,,1,15,,73974,19,,,1,15,,73975,19,,,1,55,,73976,19,,,1
201,'20261021',643,,73977,19,,,1,70,,73978,19,,,1,15,,73979,19,,,1,15,,73980,19,,,1,15,,73981,19,,,1,55,,73982,19,,,1,15,,73983,19,,,1,15,,73984,19,,,1,15,,73985,19,,,1,55,,73986,19,,,1
201,'20261022',643,,73987,19,,,1,70,,73988,19,,,1,15,,73989,19,,,1,15,,73990,19,,,1,15,,73991,19,,,1,55,,73992,19,,,1,15,,73993,19,,,1,15,,73994,19,,,1,15,,73995,19,,,1,55,,73996,19,,,1
201,'20261023',643,,73997,19,,,1,70,,73998,19,,,1,15,,73999,19,,,1,15,,74000,19,,,1,15,,74001,19,,,1,55,,74002,19,,,1,15,,74003,19,,,1,15,,74004,19,,,1,15,,74005,19,,,1,55,,74006,19,,,1
201,'20261026',643,,74007,19,,,1,70,,74008,19,,,1,15,,74009,19,,,1,15,,74010,19,,,1,15,,74011,19,,,1,55,,74012,19,,,1,15,,74013,19,,,1,15,,74014,19,,,1,15,,74015,19,,,1,55,,74016,19,,,1
201,'20261027',643,,74017,19,,,1,70,,74018,19,,,1,15,,74019,19,,,1,15,,74020,19,,,1,15,,74021,19,,,1,55,,74022,19,,,1,15,,74023,19,,,1,15,,74024,19,,,1,15,,74025,19,,,1,55,,74026,19,,,1
201,'20261028',643,,74027,19,,,1,70,,74028,19,,,1,15,,74029,19,,,1,15,,74030,19,,,1,15,,74031,19,,,1,55,,74032,19,,,1,15,,74033,19,,,1,15,,74034,19,,,1,15,,74035,19,,,1,55,,74036,19,,,1
201,'20261029',643,,74037,19,,,1,70,,74038,19,,,1,15,,74039,19,,,1,15,,74040,19,,,1,15,,74041,19,,,1,55,,74042,19,,,1,15,,74043,19,,,1,15,,74044,19,,,1,15,,74045,19,,,1,55,,74046,19,,,1
201,'20261030',643,,74047,19,,,1,70,,74048,19,,,1,15,,74049,19,,,1,15,,74050,19,,,1,15,,74051,19,,,1,55,,74052,19,,,1,15,,74053,19,,,1,15,,74054,19,,,1,15,,74055,19,,,1,55,,74056,19,,,1
201,'20261102',643,,74057,19,,,1,70,,74058,19,,,1,15,,74059,19,,,1,15,,74060,19,,,1,15,,74061,19,,,1,55,,74062,19,,,1,15,,74063,19,,,1,15,,74064,19,,,1,15,,74065,19,,,1,55,,74066,19,,,1
201,'20261103',643,,74067,19,,,1,70,,74068,19,,,1,15,,74069,19,,,1,15,,74070,19,,,1,15,,74071,19,,,1,55,,74072,19,,,1,15,,74073,19,,,1,15,,74074,19,,,1,15,,74075,19,,,1,55,,74076,19,,,1
201,'20261104',643,,74077,19,,,1,70,,74078,19,,,1,15,,74079,19,,,1,15,,74080,19,,,1,15,,74081,19,,,1,55,,74082,19,,,1,15,,74083,19,,,1,15,,74084,19,,,1,15,,74085,19,,,1,55,,74086,19,,,1
201,'20261105',643,,74087,19,,,1,70,,74088,19,,,1,15,,74089,19,,,1,15,,74090,19,,,1,15,,74091,19,,,1,55,,74092,19,,,1,15,,74093,19,,,1,15,,74094,19,,,1,15,,74095,19,,,1,55,,74096,19,,,1
201,'20261106',643,,74097,19,,,1,70,,74098,19,,,1,15,,74099,19,,,1,15,,74100,19,,,1,15,,74101,19,,,1,55,,74102,19,,,1,15,,74103,19,,,1,15,,74104,19,,,1,15,,74105,19,,,1,55,,74106,19,,,1
201,'20261109',643,,74107,19,,,1,70,,74108,19,,,1,15,,74109,19,,,1,15,,74110,19,,,1,15,,74111,19,,,1,55,,74112,19,,,1,15,,74113,19,,,1,15,,74114,19,,,1,15,,74115,19,,,1,55,,74116,19,,,1
201,'20261110',643,,74117,19,,,1,70,,74118,19,,,1,15,,74119,19,,,1,15,,74120,19,,,1,15,,74121,19,,,1,55,,74122,19,,,1,15,,74123,19,,,1,15,,74124,19,,,1,15,,74125,19,,,1,55,,74126,19,,,1
201,'20261111',643,,74127,19,,,1,70,,74128,19,,,1,15,,74129,19,,,1,15,,74130,19,,,1,15,,74131,19,,,1,55,,74132,19,,,1,15,,74133,19,,,1,15,,74134,19,,,1,15,,74135,19,,,1,55,,74136,19,,,1
201,'20261112',643,,74137,19,,,1,70,,74138,19,,,1,15,,74139,19,,,1,15,,74140,19,,,1,15,,74141,19,,,1,55,,74142,19,,,1,15,,74143,19,,,1,15,,74144,19,,,1,15,,74145,19,,,1,55,,74146,19,,,1
201,'20261113',643,,74147,19,,,1,70,,74148,19,,,1,15,,74149,19,,,1,15,,74150,19,,,1,15,,74151,19,,,1,55,,74152,19,,,1,15,,74153,19,,,1,15,,74154,19,,,1,15,,74155,19,,,1,55,,74156,19,,,1
201,'20261116',643,,74157,19,,,1,70,,74158,19,,,1,15,,74159,19,,,1,15,,74160,19,,,1,15,,74161,19,,,1,55,,74162,19,,,1,15,,74163,19,,,1,15,,74164,19,,,1,15,,74165,19,,,1,55,,74166,19,,,1
201,'20261117',643,,74167,19,,,1,70,,74168,19,,,1,15,,74169,19,,,1,15,,74170,19,,,1,15,,74171,19,,,1,55,,74172,19,,,1,15,,74173,19,,,1,15,,74174,19,,,1,15,,74175,19,,,1,55,,74176,19,,,1
201,'20261118',643,,74177,19,,,1,70,,74178,19,,,1,15,,74179,19,,,1,15,,74180,19,,,1,15,,74181,19,,,1,55,,74182,19,,,1,15,,74183,19,,,1,15,,74184,19,,,1,15,,74185,19,,,1,55,,74186,19,,,1
201,'20261119',643,,74187,19,,,1,70,,74188,19,,,1,15,,74189,19,,,1,15,,74190,19,,,1,15,,74191,19,,,1,55,,74192,19,,,1,15,,74193,19,,,1,15,,74194,19,,,1,15,,74195,19,,,1,55,,74196,19,,,1
201,'20261120',643,,74197,19,,,1,70,,74198,19,,,1,15,,74199,19,,,1,15,,74200,19,,,1,15,,74201,19,,,1,55,,74202,19,,,1,15,,74203,19,,,1,15,,74204,19,,,1,15,,74205,19,,,1,55,,74206,19,,,1
201,'20261123',643,,74207,19,,,1,70,,74208,19,,,1,15,,74209,19,,,1,15,,74210,19,,,1,15,,74211,19,,,1,55,,74212,19,,,1,15,,74213,19,,,1,15,,74214,19,,,1,15,,74215,19,,,1,55,,74216,19,,,1
201,'20261124',643,,74217,19,,,1,70,,74218,19,,,1,15,,74219,19,,,1,15,,74220,19,,,1,15,,74221,19,,,1,55,,74222,19,,,1,15,,74223,19,,,1,15,,74224,19,,,1,15,,74225,19,,,1,55,,74226,19,,,1
201,'20261125',643,,74227,19,,,1,70,,74228,19,,,1,15,,74229,19,,,1,15,,74230,19,,,1,15,,74231,19,,,1,55,,74232,19,,,1,15,,74233,19,,,1,15,,74234,19,,,1,15,,74235,19,,,1,55,,74236,19,,,1
201,'20261126',643,,74237,19,,,1,70,,74238,19,,,1,15,,74239,19,,,1,15,,74240,19,,,1,15,,74241,19,,,1,55,,74242,19,,,1,15,,74243,19,,,1,15,,74244,19,,,1,15,,74245,19,,,1,55,,74246,19,,,1
201,'20261127',643,,74247,19,,,1,70,,74248,19,,,1,15,,74249,19,,,1,15,,74250,19,,,1,15,,74251,19,,,1,55,,74252,19,,,1,15,,74253,19,,,1,15,,74254,19,,,1,15,,74255,19,,,1,55,,74256,19,,,1
