300,'20260917',1007,,74683,34,0,35,1,98,,74678,36,0,35,1,303,,74679,36,0,35,1,298,,74680,36,0,35,1,41,,74675,36,0,35,1,69,,74685,36,,,1,31,,74676,36,0,35,1,71,,74684,36,0,35,1,26,,74677,36,0,35,1,362,,74681,36,0,35,1,102,,74682,36,0,35,1
300,'20260918',1007,,74723,34,0,35,1,98,,74718,36,0,35,1,303,,74719,36,0,35,1,298,,74720,36,0,35,1,41,,74715,36,0,35,1,69,,74725,36,,,1,31,,74716,36,0,35,1,71,,74724,36,0,35,1,26,,74717,36,0,35,1,464,,74722,36,0,35,1
300,'20260921',1006,,74815,34,0,35,1,99,,74810,36,0,35,1,301,,74811,36,0,35,1,299,,74812,36,0,35,1,39,,74807,36,0,35,1,71,,74817,36,,,1,31,,74808,36,0,35,1,71,,74816,36,0,35,1,26,,74809,36,0,35,1,362,,74813,36,0,35,1,100,,74814,36,0,35,1
300,'20260922',1005,,74855,34,0,35,1,100,,74850,36,0,35,1,300,,74851,36,0,35,1,300,,74852,36,0,35,1,39,,74847,36,0,35,1,71,,74857,36,,,1,30,,74848,36,0,35,1,71,,74856,36,0,35,1,27,,74849,36,0,35,1,362,,74853,36,0,35,1,100,,74854,36,0,35,1
300,'20260923',1005,,74895,34,0,35,1,100,,74890,36,0,35,1,300,,74891,36,0,35,1,300,,74892,36,0,35,1,39,,74887,36,0,35,1,71,,74897,36,,,1,30,,74888,36,0,35,1,71,,74896,36,0,35,1,27,,74889,36,0,35,1,362,,74893,36,0,35,1,100,,74894,36,0,35,1
300,'20260924',1005,,74935,34,0,35,1,100,,74930,36,0,35,1,300,,74931,36,0,35,1,300,,74932,36,0,35,1,39,,74927,36,0,35,1,71,,74937,36,,,1,30,,74928,36,0,35,1,71,,74936,36,0,35,1,27,,74929,36,0,35,1,362,,74933,36,0,35,1,100,,74934,36,0,35,1
300,'20260925',1005,,74975,34,0,35,1,100,,74970,36,0,35,1,300,,74971,36,0,35,1,300,,74972,36,0,35,1,39,,74967,36,0,35,1,71,,74977,36,,,1,30,,74968,36,0,35,1,71,,74976,36,0,35,1,27,,74969,36,0,35,1,362,,74973,36,0,35,1,100,,74974,36,0,35,1
300,'20260926',1005,,75003,34,,,1,813,,75001,36,0,35,1,600,,75002,36,0,35,1
300,'20260927',1005,,75029,34,,,1,813,,75027,36,0,35,1,600,,75028,36,0,35,1
300,'20260928',1005,,75067,34,0,35,1,100,,75062,36,0,35,1,300,,75063,36,0,35,1,300,,75064,36,0,35,1,39,,75059,36,0,35,1,71,,75069,36,,,1,30,,75060,36,0,35,1,71,,75068,36,0,35,1,27,,75061,36,0,35,1,362,,75065,36,0,35,1,100,,75066,36,0,35,1
300,'20260929',1005,,75107,34,0,35,1,100,,75102,36,0,35,1,300,,75103,36,0,35,1,300,,75104,36,0,35,1,39,,75099,36,0,35,1,71,,75109,36,,,1,30,,75100,36,0,35,1,71,,75108,36,0,35,1,27,,75101,36,0,35,1,362,,75105,36,0,35,1,100,,75106,36,0,35,1
300,'20260930',1005,,75147,34,0,35,1,100,,75142,36,0,35,1,300,,75143,36,0,35,1,300,,75144,36,0,35,1,39,,75139,36,0,35,1,71,,75149,36,,,1,30,,75140,36,0,35,1,71,,75148,36,0,35,1,27,,75141,36,0,35,1,362,,75145,36,0,35,1,100,,75146,36,0,35,1
300,'20261001',1005,,75187,34,0,35,1,100,,75182,36,0,35,1,300,,75183,36,0,35,1,300,,75184,36,0,35,1,39,,75179,36,0,35,1,71,,75189,36,,,1,30,,75180,36,0,35,1,71,,75188,36,0,35,1,27,,75181,36,0,35,1,362,,75185,36,0,35,1,100,,75186,36,0,35,1
300,'20261002',1005,,75227,34,0,35,1,100,,75222,36,0,35,1,300,,75223,36,0,35,1,300,,75224,36,0,35,1,39,,75219,36,0,35,1,71,,75229,36,,,1,30,,75220,36,0,35,1,71,,75228,36,0,35,1,27,,75221,36,0,35,1,462,,75226,36,0,35,1
300,'20261005',1005,,75319,34,0,35,1,100,,75314,36,0,35,1,300,,75315,36,0,35,1,300,,75316,36,0,35,1,39,,75311,36,0,35,1,71,,75321,36,,,1,30,,75312,36,0,35,1,71,,75320,36,0,35,1,27,,75313,36,0,35,1,362,,75317,36,0,35,1,100,,75318,36,0,35,1
300,'20261006',1005,,75359,34,0,35,1,100,,75354,36,0,35,1,300,,75355,36,0,35,1,300,,75356,36,0,35,1,39,,75351,36,0,35,1,71,,75361,36,,,1,30,,75352,36,0,35,1,71,,75360,36,0,35,1,27,,75353,36,0,35,1,362,,75357,36,0,35,1,100,,75358,36,0,35,1
300,'20261007',1005,,75399,34,0,35,1,100,,75394,36,0,35,1,300,,75395,36,0,35,1,300,,75396,36,0,35,1,39,,75391,36,0,35,1,71,,75401,36,,,1,30,,75392,36,0,35,1,71,,75400,36,0,35,1,27,,75393,36,0,35,1,362,,75397,36,0,35,1,100,,75398,36,0,35,1
300,'20261008',1005,,75439,34,0,35,1,100,,75434,36,0,35,1,300,,75435,36,0,35,1,300,,75436,36,0,35,1,39,,75431,36,0,35,1,71,,75441,36,,,1,30,,75432,36,0,35,1,71,,75440,36,0,35,1,27,,75433,36,0,35,1,362,,75437,36,0,35,1,100,,75438,36,0,35,1
300,'20261009',1005,,75479,34,0,35,1,100,,75474,36,0,35,1,300,,75475,36,0,35,1,300,,75476,36,0,35,1,39,,75471,36,0,35,1,71,,75481,36,,,1,30,,75472,36,0,35,1,71,,75480,36,0,35,1,27,,75473,36,0,35,1,362,,75477,36,0,35,1,100,,75478,36,0,35,1
300,'20261010',1005,,75507,34,,,1,813,,75505,36,0,35,1,600,,75506,36,0,35,1
300,'20261011',1005,,75533,34,,,1,813,,75531,36,0,35,1,600,,75532,36,0,35,1
300,'20261012',1005,,75571,34,0,35,1,100,,75566,36,0,35,1,300,,75567,36,0,35,1,300,,75568,36,0,35,1,39,,75563,36,0,35,1,71,,75573,36,,,1,30,,75564,36,0,35,1,71,,75572,36,0,35,1,27,,75565,36,0,35,1,362,,75569,36,0,35,1,100,,75570,36,0,35,1
300,'20261013',1005,,75611,34,0,35,1,100,,75606,36,0,35,1,300,,75607,36,0,35,1,300,,75608,36,0,35,1,39,,75603,36,0,35,1,71,,75613,36,,,1,30,,75604,36,0,35,1,71,,75612,36,0,35,1,27,,75605,36,0,35,1,362,,75609,36,0,35,1,100,,75610,36,0,35,1
300,'20261014',1005,,75651,34,0,35,1,100,,75646,36,0,35,1,300,,75647,36,0,35,1,300,,75648,36,0,35,1,39,,75643,36,0,35,1,71,,75653,36,,,1,30,,75644,36,0,35,1,71,,75652,36,0,35,1,27,,75645,36,0,35,1,362,,75649,36,0,35,1,100,,75650,36,0,35,1
300,'20261015',1005,,75691,34,0,35,1,100,,75686,36,0,35,1,300,,75687,36,0,35,1,300,,75688,36,0,35,1,39,,75683,36,0,35,1,71,,75693,36,,,1,30,,75684,36,0,35,1,71,,75692,36,0,35,1,27,,75685,36,0,35,1,362,,75689,36,0,35,1,100,,75690,36,0,35,1
300,'20261016',1005,,75731,34,0,35,1,100,,75726,36,0,35,1,300,,75727,36,0,35,1,300,,75728,36,0,35,1,39,,75723,36,0,35,1,71,,75733,36,,,1,30,,75724,36,0,35,1,71,,75732,36,0,35,1,27,,75725,36,0,35,1,362,,75729,36,0,35,1,100,,75730,36,0,35,1
300,'20261017',1005,,75759,34,,,1,813,,75757,36,0,35,1,600,,75758,36,0,35,1
300,'20261018',1005,,75785,34,,,1,813,,75783,36,0,35,1,600,,75784,36,0,35,1
300,'20261019',1005,,75823,34,0,35,1,100,,75818,36,0,35,1,300,,75819,36,0,35,1,300,,75820,36,0,35,1,39,,75815,36,0,35,1,71,,75825,36,,,1,30,,75816,36,0,35,1,71,,75824,36,0,35,1,27,,75817,36,0,35,1,362,,75821,36,0,35,1,100,,75822,36,0,35,1
300,'20261020',1005,,75863,34,0,35,1,100,,75858,36,0,35,1,300,,75859,36,0,35,1,300,,75860,36,0,35,1,39,,75855,36,0,35,1,71,,75865,36,,,1,30,,75856,36,0,35,1,71,,75864,36,0,35,1,27,,75857,36,0,35,1,362,,75861,36,0,35,1,100,,75862,36,0,35,1
300,'20261021',1005,,75903,34,0,35,1,100,,75898,36,0,35,1,300,,75899,36,0,35,1,300,,75900,36,0,35,1,39,,75895,36,0,35,1,71,,75905,36,,,1,30,,75896,36,0,35,1,71,,75904,36,0,35,1,27,,75897,36,0,35,1,362,,75901,36,0,35,1,100,,75902,36,0,35,1
300,'20261022',1005,,75943,34,0,35,1,100,,75938,36,0,35,1,300,,75939,36,0,35,1,300,,75940,36,0,35,1,39,,75935,36,0,35,1,71,,75945,36,,,1,30,,75936,36,0,35,1,71,,75944,36,0,35,1,27,,75937,36,0,35,1,362,,75941,36,0,35,1,100,,75942,36,0,35,1
300,'20261023',1005,,75983,34,0,35,1,100,,75978,36,0,35,1,300,,75979,36,0,35,1,300,,75980,36,0,35,1,39,,75975,36,0,35,1,71,,75985,36,,,1,30,,75976,36,0,35,1,71,,75984,36,0,35,1,27,,75977,36,0,35,1,362,,75981,36,0,35,1,100,,75982,36,0,35,1
300,'20261024',1005,,76011,34,,,1,813,,76009,36,0,35,1,600,,76010,36,0,35,1
300,'20261025',1005,,76037,34,,,1,813,,76035,36,0,35,1,600,,76036,36,0,35,1
300,'20261026',1005,,76075,34,0,35,1,100,,76070,36,0,35,1,300,,76071,36,0,35,1,300,,76072,36,0,35,1,39,,76067,36,0,35,1,71,,76077,36,,,1,30,,76068,36,0,35,1,71,,76076,36,0,35,1,27,,76069,36,0,35,1,362,,76073,36,0,35,1,100,,76074,36,0,35,1
300,'20261027',1005,,76115,34,0,35,1,100,,76110,36,0,35,1,300,,76111,36,0,35,1,300,,76112,36,0,35,1,39,,76107,36,0,35,1,71,,76117,36,,,1,30,,76108,36,0,35,1,71,,76116,36,0,35,1,27,,76109,36,0,35,1,362,,76113,36,0,35,1,100,,76114,36,0,35,1
300,'20261028',1005,,76155,34,0,35,1,100,,76150,36,0,35,1,300,,76151,36,0,35,1,300,,76152,36,0,35,1,39,,76147,36,0,35,1,71,,76157,36,,,1,30,,76148,36,0,35,1,71,,76156,36,0,35,1,27,,76149,36,0,35,1,362,,76153,36,0,35,1,100,,76154,36,0,35,1
300,'20261029',1005,,76195,34,0,35,1,100,,76190,36,0,35,1,300,,76191,36,0,35,1,300,,76192,36,0,35,1,39,,76187,36,0,35,1,71,,76197,36,,,1,30,,76188,36,0,35,1,71,,76196,36,0,35,1,27,,76189,36,0,35,1,362,,76193,36,0,35,1,100,,76194,36,0,35,1
300,'20261030',1005,,76235,34,0,35,1,100,,76230,36,0,35,1,300,,76231,36,0,35,1,300,,76232,36,0,35,1,39,,76227,36,0,35,1,71,,76237,36,,,1,30,,76228,36,0,35,1,71,,76236,36,0,35,1,27,,76229,36,0,35,1,362,,76233,36,0,35,1,100,,76234,36,0,35,1
300,'20261031',1005,,76263,34,,,1,813,,76261,36,0,35,1,600,,76262,36,0,35,1
300,'20261101',1005,,76289,34,,,1,813,,76287,36,0,35,1,600,,76288,36,0,35,1
300,'20261102',1005,,76327,34,0,35,1,100,,76322,36,0,35,1,300,,76323,36,0,35,1,300,,76324,36,0,35,1,39,,76319,36,0,35,1,71,,76329,36,,,1,30,,76320,36,0,35,1,71,,76328,36,0,35,1,27,,76321,36,0,35,1,362,,76325,36,0,35,1,100,,76326,36,0,35,1
300,'20261103',1005,,76367,34,0,35,1,100,,76362,36,0,35,1,300,,76363,36,0,35,1,300,,76364,36,0,35,1,39,,76359,36,0,35,1,71,,76369,36,,,1,30,,76360,36,0,35,1,71,,76368,36,0,35,1,27,,76361,36,0,35,1,362,,76365,36,0,35,1,100,,76366,36,0,35,1
300,'20261104',1005,,76407,34,0,35,1,100,,76402,36,0,35,1,300,,76403,36,0,35,1,300,,76404,36,0,35,1,39,,76399,36,0,35,1,71,,76409,36,,,1,30,,76400,36,0,35,1,71,,76408,36,0,35,1,27,,76401,36,0,35,1,362,,76405,36,0,35,1,100,,76406,36,0,35,1
300,'20261105',1005,,76447,34,0,35,1,100,,76442,36,0,35,1,300,,76443,36,0,35,1,300,,76444,36,0,35,1,39,,76439,36,0,35,1,71,,76449,36,,,1,30,,76440,36,0,35,1,71,,76448,36,0,35,1,27,,76441,36,0,35,1,362,,76445,36,0,35,1,100,,76446,36,0,35,1
300,'20261106',1005,,76487,34,0,35,1,100,,76482,36,0,35,1,300,,76483,36,0,35,1,300,,76484,36,0,35,1,39,,76479,36,0,35,1,71,,76489,36,,,1,30,,76480,36,0,35,1,71,,76488,36,0,35,1,27,,76481,36,0,35,1,362,,76485,36,0,35,1,100,,76486,36,0,35,1
300,'20261107',1005,,76515,34,,,1,813,,76513,36,0,35,1,600,,76514,36,0,35,1
300,'20261108',1005,,76541,34,,,1,813,,76539,36,0,35,1,600,,76540,36,0,35,1
300,'20261109',1005,,76579,34,0,35,1,100,,76574,36,0,35,1,300,,76575,36,0,35,1,300,,76576,36,0,35,1,39,,76571,36,0,35,1,71,,76581,36,,,1,30,,76572,36,0,35,1,71,,76580,36,0,35,1,27,,76573,36,0,35,1,362,,76577,36,0,35,1,100,,76578,36,0,35,1
300,'20261110',1005,,76619,34,0,35,1,100,,76614,36,0,35,1,300,,76615,36,0,35,1,300,,76616,36,0,35,1,39,,76611,36,0,35,1,71,,76621,36,,,1,30,,76612,36,0,35,1,71,,76620,36,0,35,1,27,,76613,36,0,35,1,362,,76617,36,0,35,1,100,,76618,36,0,35,1
300,'20261111',1005,,76659,34,0,35,1,100,,76654,36,0,35,1,300,,76655,36,0,35,1,300,,76656,36,0,35,1,39,,76651,36,0,35,1,71,,76661,36,,,1,30,,76652,36,0,35,1,71,,76660,36,0,35,1,27,,76653,36,0,35,1,362,,76657,36,0,35,1,100,,76658,36,0,35,1
300,'20261112',1005,,76699,34,0,35,1,100,,76694,36,0,35,1,300,,76695,36,0,35,1,300,,76696,36,0,35,1,39,,76691,36,0,35,1,71,,76701,36,,,1,30,,76692,36,0,35,1,71,,76700,36,0,35,1,27,,76693,36,0,35,1,362,,76697,36,0,35,1,100,,76698,36,0,35,1
300,'20261113',1005,,76739,34,0,35,1,100,,76734,36,0,35,1,300,,76735,36,0,35,1,300,,76736,36,0,35,1,39,,76731,36,0,35,1,71,,76741,36,,,1,30,,76732,36,0,35,1,71,,76740,36,0,35,1,27,,76733,36,0,35,1,362,,76737,36,0,35,1,100,,76738,36,0,35,1
300,'20261114',1005,,76767,34,,,1,813,,76765,36,0,35,1,600,,76766,36,0,35,1
300,'20261115',1005,,76793,34,,,1,813,,76791,36,0,35,1,600,,76792,36,0,35,1
300,'20261116',1005,,76831,34,0,35,1,100,,76826,36,0,35,1,300,,76827,36,0,35,1,300,,76828,36,0,35,1,39,,76823,36,0,35,1,71,,76833,36,,,1,30,,76824,36,0,35,1,71,,76832,36,0,35,1,27,,76825,36,0,35,1,362,,76829,36,0,35,1,100,,76830,36,0,35,1
300,'20261117',1005,,76871,34,0,35,1,100,,76866,36,0,35,1,300,,76867,36,0,35,1,300,,76868,36,0,35,1,39,,76863,36,0,35,1,71,,76873,36,,,1,30,,76864,36,0,35,1,71,,76872,36,0,35,1,27,,76865,36,0,35,1,362,,76869,36,0,35,1,100,,76870,36,0,35,1
300,'20261118',1005,,76911,34,0,35,1,100,,76906,36,0,35,1,300,,76907,36,0,35,1,300,,76908,36,0,35,1,39,,76903,36,0,35,1,71,,76913,36,,,1,30,,76904,36,0,35,1,71,,76912,36,0,35,1,27,,76905,36,0,35,1,362,,76909,36,0,35,1,100,,76910,36,0,35,1
300,'20261119',1005,,76951,34,0,35,1,100,,76946,36,0,35,1,300,,76947,36,0,35,1,300,,76948,36,0,35,1,39,,76943,36,0,35,1,71,,76953,36,,,1,30,,76944,36,0,35,1,71,,76952,36,0,35,1,27,,76945,36,0,35,1,362,,76949,36,0,35,1,100,,76950,36,0,35,1
300,'20261120',1005,,76991,34,0,35,1,100,,76986,36,0,35,1,300,,76987,36,0,35,1,300,,76988,36,0,35,1,39,,76983,36,0,35,1,71,,76993,36,,,1,30,,76984,36,0,35,1,71,,76992,36,0,35,1,27,,76985,36,0,35,1,362,,76989,36,0,35,1,100,,76990,36,0,35,1
300,'20261121',1005,,77019,34,,,1,813,,77017,36,0,35,1,600,,77018,36,0,35,1
300,'20261122',1005,,77045,34,,,1,813,,77043,36,0,35,1,600,,77044,36,0,35,1
300,'20261123',1005,,77083,34,0,35,1,100,,77078,36,0,35,1,300,,77079,36,0,35,1,300,,77080,36,0,35,1,39,,77075,36,0,35,1,71,,77085,36,,,1,30,,77076,36,0,35,1,71,,77084,36,0,35,1,27,,77077,36,0,35,1,362,,77081,36,0,35,1,100,,77082,36,0,35,1
300,'20261124',1005,,77123,34,0,35,1,100,,77118,36,0,35,1,300,,77119,36,0,35,1,300,,77120,36,0,35,1,39,,77115,36,0,35,1,71,,77125,36,,,1,30,,77116,36,0,35,1,71,,77124,36,0,35,1,27,,77117,36,0,35,1,362,,77121,36,0,35,1,100,,77122,36,0,35,1
300,'20261125',1005,,77163,34,0,35,1,100,,77158,36,0,35,1,300,,77159,36,0,35,1,300,,77160,36,0,35,1,39,,77155,36,0,35,1,71,,77165,36,,,1,30,,77156,36,0,35,1,71,,77164,36,0,35,1,27,,77157,36,0,35,1,362,,77161,36,0,35,1,100,,77162,36,0,35,1
300,'20261126',1005,,77203,34,0,35,1,100,,77198,36,0,35,1,300,,77199,36,0,35,1,300,,77200,36,0,35,1,39,,77195,36,0,35,1,71,,77205,36,,,1,30,,77196,36,0,35,1,71,,77204,36,0,35,1,27,,77197,36,0,35,1,362,,77201,36,0,35,1,100,,77202,36,0,35,1
300,'20261127',1005,,77243,34,0,35,1,100,,77238,36,0,35,1,300,,77239,36,0,35,1,300,,77240,36,0,35,1,39,,77235,36,0,35,1,71,,77245,36,,,1,30,,77236,36,0,35,1,71,,77244,36,0,35,1,27,,77237,36,0,35,1,362,,77241,36,0,35,1,100,,77242,36,0,35,1
301,'20260917',532,,77665,7,,,1,92,,77672,7,,,1,31,,77666,7,,,1,70,,77675,16,,,1,30,,77667,7,,,1,70,,77673,7,,,1,28,,77674,7,,,1,352,,77669,7,,,1,300,,77670,7,,,1,97,,77668,7,,,1,503,,77671,7,,,1
301,'20260918',532,,77705,7,,,1,92,,77712,7,,,1,31,,77706,7,,,1,70,,77715,16,,,1,30,,77707,7,,,1,70,,77713,7,,,1,28,,77714,7,,,1,352,,77709,7,,,1,300,,77710,7,,,1,97,,77708,7,,,1,503,,77711,7,,,1
301,'20260921',533,,77797,7,,,1,92,,77804,7,,,1,31,,77798,7,,,1,70,,77807,16,,,1,30,,77799,7,,,1,70,,77805,7,,,1,28,,77806,7,,,1,353,,77801,7,,,1,301,,77802,7,,,1,93,,77800,7,,,1,505,,77803,7,,,1
301,'20260922',534,,77837,7,,,1,92,,77844,7,,,1,31,,77838,7,,,1,70,,77847,16,,,1,30,,77839,7,,,1,70,,77845,7,,,1,28,,77846,7,,,1,352,,77841,7,,,1,300,,77842,7,,,1,95,,77840,7,,,1,505,,77843,7,,,1
301,'20260923',534,,77877,7,,,1,92,,77884,7,,,1,31,,77878,7,,,1,70,,77887,16,,,1,30,,77879,7,,,1,70,,77885,7,,,1,28,,77886,7,,,1,352,,77881,7,,,1,300,,77882,7,,,1,95,,77880,7,,,1,505,,77883,7,,,1
301,'20260924',534,,77917,7,,,1,92,,77924,7,,,1,31,,77918,7,,,1,70,,77927,16,,,1,30,,77919,7,,,1,70,,77925,7,,,1,28,,77926,7,,,1,352,,77921,7,,,1,300,,77922,7,,,1,95,,77920,7,,,1,505,,77923,7,,,1
301,'20260925',534,,77957,7,,,1,92,,77964,7,,,1,31,,77958,7,,,1,70,,77967,16,,,1,30,,77959,7,,,1,70,,77965,7,,,1,28,,77966,7,,,1,352,,77961,7,,,1,300,,77962,7,,,1,95,,77960,7,,,1,505,,77963,7,,,1
301,'20260926',808,,77991,7,,,1,800,,77992,7,,,1,320,,77993,16,,,1
301,'20260927',808,,78017,7,,,1,800,,78018,7,,,1,320,,78019,16,,,1
301,'20260928',534,,78049,7,,,1,92,,78056,7,,,1,31,,78050,7,,,1,70,,78059,16,,,1,30,,78051,7,,,1,70,,78057,7,,,1,28,,78058,7,,,1,352,,78053,7,,,1,300,,78054,7,,,1,95,,78052,7,,,1,505,,78055,7,,,1
301,'20260929',534,,78089,7,,,1,92,,78096,7,,,1,31,,78090,7,,,1,70,,78099,16,,,1,30,,78091,7,,,1,70,,78097,7,,,1,28,,78098,7,,,1,352,,78093,7,,,1,300,,78094,7,,,1,95,,78092,7,,,1,505,,78095,7,,,1
301,'20260930',534,,78129,7,,,1,92,,78136,7,,,1,31,,78130,7,,,1,70,,78139,16,,,1,30,,78131,7,,,1,70,,78137,7,,,1,28,,78138,7,,,1,352,,78133,7,,,1,300,,78134,7,,,1,95,,78132,7,,,1,505,,78135,7,,,1
301,'20261001',534,,78169,7,,,1,92,,78176,7,,,1,31,,78170,7,,,1,70,,78179,16,,,1,30,,78171,7,,,1,70,,78177,7,,,1,28,,78178,7,,,1,352,,78173,7,,,1,300,,78174,7,,,1,95,,78172,7,,,1,505,,78175,7,,,1
301,'20261002',534,,78209,7,,,1,92,,78216,7,,,1,31,,78210,7,,,1,70,,78219,16,,,1,30,,78211,7,,,1,70,,78217,7,,,1,28,,78218,7,,,1,352,,78213,7,,,1,300,,78214,7,,,1,95,,78212,7,,,1,505,,78215,7,,,1
301,'20261005',534,,78301,7,,,1,92,,78308,7,,,1,31,,78302,7,,,1,70,,78311,16,,,1,30,,78303,7,,,1,70,,78309,7,,,1,28,,78310,7,,,1,352,,78305,7,,,1,300,,78306,7,,,1,95,,78304,7,,,1,505,,78307,7,,,1
301,'20261006',534,,78341,7,,,1,92,,78348,7,,,1,31,,78342,7,,,1,70,,78351,16,,,1,30,,78343,7,,,1,70,,78349,7,,,1,28,,78350,7,,,1,352,,78345,7,,,1,300,,78346,7,,,1,95,,78344,7,,,1,505,,78347,7,,,1
301,'20261007',534,,78381,7,,,1,92,,78388,7,,,1,31,,78382,7,,,1,70,,78391,16,,,1,30,,78383,7,,,1,70,,78389,7,,,1,28,,78390,7,,,1,352,,78385,7,,,1,300,,78386,7,,,1,95,,78384,7,,,1,505,,78387,7,,,1
301,'20261008',534,,78421,7,,,1,92,,78428,7,,,1,31,,78422,7,,,1,70,,78431,16,,,1,30,,78423,7,,,1,70,,78429,7,,,1,28,,78430,7,,,1,352,,78425,7,,,1,300,,78426,7,,,1,95,,78424,7,,,1,505,,78427,7,,,1
301,'20261009',534,,78461,7,,,1,92,,78468,7,,,1,31,,78462,7,,,1,70,,78471,16,,,1,30,,78463,7,,,1,70,,78469,7,,,1,28,,78470,7,,,1,352,,78465,7,,,1,300,,78466,7,,,1,95,,78464,7,,,1,505,,78467,7,,,1
301,'20261010',808,,78495,7,,,1,800,,78496,7,,,1,320,,78497,16,,,1
301,'20261011',808,,78521,7,,,1,800,,78522,7,,,1,320,,78523,16,,,1
301,'20261012',534,,78553,7,,,1,92,,78560,7,,,1,31,,78554,7,,,1,70,,78563,16,,,1,30,,78555,7,,,1,70,,78561,7,,,1,28,,78562,7,,,1,352,,78557,7,,,1,300,,78558,7,,,1,95,,78556,7,,,1,505,,78559,7,,,1
301,'20261013',534,,78593,7,,,1,92,,78600,7,,,1,31,,78594,7,,,1,70,,78603,16,,,1,30,,78595,7,,,1,70,,78601,7,,,1,28,,78602,7,,,1,352,,78597,7,,,1,300,,78598,7,,,1,95,,78596,7,,,1,505,,78599,7,,,1
301,'20261014',534,,78633,7,,,1,92,,78640,7,,,1,31,,78634,7,,,1,70,,78643,16,,,1,30,,78635,7,,,1,70,,78641,7,,,1,28,,78642,7,,,1,352,,78637,7,,,1,300,,78638,7,,,1,95,,78636,7,,,1,505,,78639,7,,,1
301,'20261015',534,,78673,7,,,1,92,,78680,7,,,1,31,,78674,7,,,1,70,,78683,16,,,1,30,,78675,7,,,1,70,,78681,7,,,1,28,,78682,7,,,1,352,,78677,7,,,1,300,,78678,7,,,1,95,,78676,7,,,1,505,,78679,7,,,1
301,'20261016',534,,78713,7,,,1,92,,78720,7,,,1,31,,78714,7,,,1,70,,78723,16,,,1,30,,78715,7,,,1,70,,78721,7,,,1,28,,78722,7,,,1,352,,78717,7,,,1,300,,78718,7,,,1,95,,78716,7,,,1,505,,78719,7,,,1
301,'20261017',808,,78747,7,,,1,800,,78748,7,,,1,320,,78749,16,,,1
301,'20261018',808,,78773,7,,,1,800,,78774,7,,,1,320,,78775,16,,,1
301,'20261019',534,,78805,7,,,1,92,,78812,7,,,1,31,,78806,7,,,1,70,,78815,16,,,1,30,,78807,7,,,1,70,,78813,7,,,1,28,,78814,7,,,1,352,,78809,7,,,1,300,,78810,7,,,1,95,,78808,7,,,1,505,,78811,7,,,1
301,'20261020',534,,78845,7,,,1,92,,78852,7,,,1,31,,78846,7,,,1,70,,78855,16,,,1,30,,78847,7,,,1,70,,78853,7,,,1,28,,78854,7,,,1,352,,78849,7,,,1,300,,78850,7,,,1,95,,78848,7,,,1,505,,78851,7,,,1
301,'20261021',534,,78885,7,,,1,92,,78892,7,,,1,31,,78886,7,,,1,70,,78895,16,,,1,30,,78887,7,,,1,70,,78893,7,,,1,28,,78894,7,,,1,352,,78889,7,,,1,300,,78890,7,,,1,95,,78888,7,,,1,505,,78891,7,,,1
301,'20261022',534,,78925,7,,,1,92,,78932,7,,,1,31,,78926,7,,,1,70,,78935,16,,,1,30,,78927,7,,,1,70,,78933,7,,,1,28,,78934,7,,,1,352,,78929,7,,,1,300,,78930,7,,,1,95,,78928,7,,,1,505,,78931,7,,,1
301,'20261023',534,,78965,7,,,1,92,,78972,7,,,1,31,,78966,7,,,1,70,,78975,16,,,1,30,,78967,7,,,1,70,,78973,7,,,1,28,,78974,7,,,1,352,,78969,7,,,1,300,,78970,7,,,1,95,,78968,7,,,1,505,,78971,7,,,1
301,'20261024',808,,78999,7,,,1,800,,79000,7,,,1,320,,79001,16,,,1
301,'20261025',808,,79025,7,,,1,800,,79026,7,,,1,320,,79027,16,,,1
301,'20261026',534,,79057,7,,,1,92,,79064,7,,,1,31,,79058,7,,,1,70,,79067,16,,,1,30,,79059,7,,,1,70,,79065,7,,,1,28,,79066,7,,,1,352,,79061,7,,,1,300,,79062,7,,,1,95,,79060,7,,,1,505,,79063,7,,,1
301,'20261027',534,,79097,7,,,1,92,,79104,7,,,1,31,,79098,7,,,1,70,,79107,16,,,1,30,,79099,7,,,1,70,,79105,7,,,1,28,,79106,7,,,1,352,,79101,7,,,1,300,,79102,7,,,1,95,,79100,7,,,1,505,,79103,7,,,1
301,'20261028',534,,79137,7,,,1,92,,79144,7,,,1,31,,79138,7,,,1,70,,79147,16,,,1,30,,79139,7,,,1,70,,79145,7,,,1,28,,79146,7,,,1,352,,79141,7,,,1,300,,79142,7,,,1,95,,79140,7,,,1,505,,79143,7,,,1
301,'20261029',534,,79177,7,,,1,92,,79184,7,,,1,31,,79178,7,,,1,70,,79187,16,,,1,30,,79179,7,,,1,70,,79185,7,,,1,28,,79186,7,,,1,352,,79181,7,,,1,300,,79182,7,,,1,95,,79180,7,,,1,505,,79183,7,,,1
301,'20261030',534,,79217,7,,,1,92,,79224,7,,,1,31,,79218,7,,,1,70,,79227,16,,,1,30,,79219,7,,,1,70,,79225,7,,,1,28,,79226,7,,,1,352,,79221,7,,,1,300,,79222,7,,,1,95,,79220,7,,,1,505,,79223,7,,,1
301,'20261031',808,,79251,7,,,1,800,,79252,7,,,1,320,,79253,16,,,1
301,'20261101',808,,79277,7,,,1,800,,79278,7,,,1,320,,79279,16,,,1
301,'20261102',534,,79309,7,,,1,92,,79316,7,,,1,31,,79310,7,,,1,70,,79319,16,,,1,30,,79311,7,,,1,70,,79317,7,,,1,28,,79318,7,,,1,352,,79313,7,,,1,300,,79314,7,,,1,95,,79312,7,,,1,505,,79315,7,,,1
301,'20261103',534,,79349,7,,,1,92,,79356,7,,,1,31,,79350,7,,,1,70,,79359,16,,,1,30,,79351,7,,,1,70,,79357,7,,,1,28,,79358,7,,,1,352,,79353,7,,,1,300,,79354,7,,,1,95,,79352,7,,,1,505,,79355,7,,,1
301,'20261104',534,,79389,7,,,1,92,,79396,7,,,1,31,,79390,7,,,1,70,,79399,16,,,1,30,,79391,7,,,1,70,,79397,7,,,1,28,,79398,7,,,1,352,,79393,7,,,1,300,,79394,7,,,1,95,,79392,7,,,1,505,,79395,7,,,1
301,'20261105',534,,79429,7,,,1,92,,79436,7,,,1,31,,79430,7,,,1,70,,79439,16,,,1,30,,79431,7,,,1,70,,79437,7,,,1,28,,79438,7,,,1,352,,79433,7,,,1,300,,79434,7,,,1,95,,79432,7,,,1,505,,79435,7,,,1
301,'20261106',534,,79469,7,,,1,92,,79476,7,,,1,31,,79470,7,,,1,70,,79479,16,,,1,30,,79471,7,,,1,70,,79477,7,,,1,28,,79478,7,,,1,352,,79473,7,,,1,300,,79474,7,,,1,95,,79472,7,,,1,505,,79475,7,,,1
301,'20261107',808,,79503,7,,,1,800,,79504,7,,,1,320,,79505,16,,,1
301,'20261108',808,,79529,7,,,1,800,,79530,7,,,1,320,,79531,16,,,1
301,'20261109',534,,79561,7,,,1,92,,79568,7,,,1,31,,79562,7,,,1,70,,79571,16,,,1,30,,79563,7,,,1,70,,79569,7,,,1,28,,79570,7,,,1,352,,79565,7,,,1,300,,79566,7,,,1,95,,79564,7,,,1,505,,79567,7,,,1
301,'20261110',534,,79601,7,,,1,92,,79608,7,,,1,31,,79602,7,,,1,70,,79611,16,,,1,30,,79603,7,,,1,70,,79609,7,,,1,28,,79610,7,,,1,352,,79605,7,,,1,300,,79606,7,,,1,95,,79604,7,,,1,505,,79607,7,,,1
301,'20261111',534,,79641,7,,,1,92,,79648,7,,,1,31,,79642,7,,,1,70,,79651,16,,,1,30,,79643,7,,,1,70,,79649,7,,,1,28,,79650,7,,,1,352,,79645,7,,,1,300,,79646,7,,,1,95,,79644,7,,,1,505,,79647,7,,,1
301,'20261112',534,,79681,7,,,1,92,,79688,7,,,1,31,,79682,7,,,1,70,,79691,16,,,1,30,,79683,7,,,1,70,,79689,7,,,1,28,,79690,7,,,1,352,,79685,7,,,1,300,,79686,7,,,1,95,,79684,7,,,1,505,,79687,7,,,1
301,'20261113',534,,79721,7,,,1,92,,79728,7,,,1,31,,79722,7,,,1,70,,79731,16,,,1,30,,79723,7,,,1,70,,79729,7,,,1,28,,79730,7,,,1,352,,79725,7,,,1,300,,79726,7,,,1,95,,79724,7,,,1,505,,79727,7,,,1
301,'20261114',808,,79755,7,,,1,800,,79756,7,,,1,320,,79757,16,,,1
301,'20261115',808,,79781,7,,,1,800,,79782,7,,,1,320,,79783,16,,,1
301,'20261116',534,,79813,7,,,1,92,,79820,7,,,1,31,,79814,7,,,1,70,,79823,16,,,1,30,,79815,7,,,1,70,,79821,7,,,1,28,,79822,7,,,1,352,,79817,7,,,1,300,,79818,7,,,1,95,,79816,7,,,1,505,,79819,7,,,1
301,'20261117',534,,79853,7,,,1,92,,79860,7,,,1,31,,79854,7,,,1,70,,79863,16,,,1,30,,79855,7,,,1,70,,79861,7,,,1,28,,79862,7,,,1,352,,79857,7,,,1,300,,79858,7,,,1,95,,79856,7,,,1,505,,79859,7,,,1
301,'20261118',534,,79893,7,,,1,92,,79900,7,,,1,31,,79894,7,,,1,70,,79903,16,,,1,30,,79895,7,,,1,70,,79901,7,,,1,28,,79902,7,,,1,352,,79897,7,,,1,300,,79898,7,,,1,95,,79896,7,,,1,505,,79899,7,,,1
301,'20261119',534,,79933,7,,,1,92,,79940,7,,,1,31,,79934,7,,,1,70,,79943,16,,,1,30,,79935,7,,,1,70,,79941,7,,,1,28,,79942,7,,,1,352,,79937,7,,,1,300,,79938,7,,,1,95,,79936,7,,,1,505,,79939,7,,,1
301,'20261120',534,,79973,7,,,1,92,,79980,7,,,1,31,,79974,7,,,1,70,,79983,16,,,1,30,,79975,7,,,1,70,,79981,7,,,1,28,,79982,7,,,1,352,,79977,7,,,1,300,,79978,7,,,1,95,,79976,7,,,1,505,,79979,7,,,1
301,'20261121',808,,80007,7,,,1,800,,80008,7,,,1,320,,80009,16,,,1
301,'20261122',808,,80033,7,,,1,800,,80034,7,,,1,320,,80035,16,,,1
301,'20261123',534,,80065,7,,,1,92,,80072,7,,,1,31,,80066,7,,,1,70,,80075,16,,,1,30,,80067,7,,,1,70,,80073,7,,,1,28,,80074,7,,,1,352,,80069,7,,,1,300,,80070,7,,,1,95,,80068,7,,,1,505,,80071,7,,,1
301,'20261124',534,,80105,7,,,1,92,,80112,7,,,1,31,,80106,7,,,1,70,,80115,16,,,1,30,,80107,7,,,1,70,,80113,7,,,1,28,,80114,7,,,1,352,,80109,7,,,1,300,,80110,7,,,1,95,,80108,7,,,1,505,,80111,7,,,1
301,'20261125',534,,80145,7,,,1,92,,80152,7,,,1,31,,80146,7,,,1,70,,80155,16,,,1,30,,80147,7,,,1,70,,80153,7,,,1,28,,80154,7,,,1,352,,80149,7,,,1,300,,80150,7,,,1,95,,80148,7,,,1,505,,80151,7,,,1
301,'20261126',534,,80185,7,,,1,92,,80192,7,,,1,31,,80186,7,,,1,70,,80195,16,,,1,30,,80187,7,,,1,70,,80193,7,,,1,28,,80194,7,,,1,352,,80189,7,,,1,300,,80190,7,,,1,95,,80188,7,,,1,505,,80191,7,,,1
301,'20261127',534,,80225,7,,,1,92,,80232,7,,,1,31,,80226,7,,,1,70,,80235,16,,,1,30,,80227,7,,,1,70,,80233,7,,,1,28,,80234,7,,,1,352,,80229,7,,,1,300,,80230,7,,,1,95,,80228,7,,,1,505,,80231,7,,,1
