600,'20260821',1642,,51897,26,,,1,100,,51898,26,,,1,70,,51896,26,,,1,30,,51899,26,,,1,100,,51900,26,,,1
600,'20260824',1642,,65226,26,,,1,100,,65227,26,,,1,70,,65225,26,,,1,30,,65228,26,,,1,100,,65229,26,,,1
600,'20260825',1642,,51907,26,,,1,100,,51908,26,,,1,70,,51906,26,,,1,30,,51909,26,,,1,100,,51910,26,,,1
600,'20260826',1642,,51912,26,,,1,100,,51913,26,,,1,70,,51911,26,,,1,30,,51914,26,,,1,100,,51915,26,,,1
600,'20260827',1642,,51917,26,,,1,100,,51918,26,,,1,70,,51916,26,,,1,30,,51919,26,,,1,100,,51920,26,,,1
600,'20260828',1642,,51922,26,,,1,100,,51923,26,,,1,70,,51921,26,,,1,30,,51924,26,,,1,100,,51925,26,,,1
600,'20260831',1642,,65231,26,,,1,100,,65232,26,,,1,70,,65230,26,,,1,30,,65233,26,,,1,100,,65234,26,,,1
600,'20260901',1642,,51932,26,,,1,100,,51933,26,,,1,70,,51931,26,,,1,30,,51934,26,,,1,100,,51935,26,,,1
600,'20260902',1642,,51937,26,,,1,100,,51938,26,,,1,70,,51936,26,,,1,30,,51939,26,,,1,100,,51940,26,,,1
600,'20260903',1642,,51942,26,,,1,100,,51943,26,,,1,70,,51941,26,,,1,30,,51944,26,,,1,100,,51945,26,,,1
600,'20260904',1642,,51947,26,,,1,100,,51948,26,,,1,70,,51946,26,,,1,30,,51949,26,,,1,100,,51950,26,,,1
601,'20260821',559,,52143,4,,,1,141,,52144,4,,,1,30,,52146,4,,,1,70,,52145,4,,,1
601,'20260824',559,,65243,4,,,1,141,,65244,4,,,1,30,,65246,4,,,1,70,,65245,4,,,1
601,'20260825',559,,52151,4,,,1,141,,52152,4,,,1,30,,52154,4,,,1,70,,52153,4,,,1
601,'20260826',559,,52155,4,,,1,141,,52156,4,,,1,30,,52158,4,,,1,70,,52157,4,,,1
601,'20260827',559,,52159,4,,,1,141,,52160,4,,,1,30,,52162,4,,,1,70,,52161,4,,,1
601,'20260828',559,,52163,4,,,1,141,,52164,4,,,1,30,,52166,4,,,1,70,,52165,4,,,1
601,'20260831',559,,65247,4,,,1,141,,65248,4,,,1,30,,65250,4,,,1,70,,65249,4,,,1
601,'20260901',559,,52171,4,,,1,141,,52172,4,,,1,30,,52174,4,,,1,70,,52173,4,,,1
601,'20260902',559,,52175,4,,,1,141,,52176,4,,,1,30,,52178,4,,,1,70,,52177,4,,,1
601,'20260903',559,,52179,4,,,1,141,,52180,4,,,1,30,,52182,4,,,1,70,,52181,4,,,1
601,'20260904',559,,52183,4,,,1,141,,52184,4,,,1,30,,52186,4,,,1,70,,52185,4,,,1
