100,'20260928',1933,,66744,58,4,,1
100,'20260929',1933,,66790,58,4,,1
100,'20260930',1933,,66836,58,4,,1
100,'20261001',1933,,66882,58,4,,1
100,'20261002',1933,,66930,58,4,,1
100,'20261003',1135,,66964,58,4,,1,205,,66965,58,4,,1,595,,66966,58,4,,1,215,,66967,58,4,,1
100,'20261004',1135,,67000,58,4,,1,205,,67001,58,4,,1,595,,67002,58,4,,1,215,,67003,58,4,,1
100,'20261005',1933,,67049,58,4,,1
100,'20261006',1933,,67095,58,4,,1
100,'20261007',1933,,67141,58,4,,1
100,'20261008',1933,,67187,58,4,,1
100,'20261009',1933,,67235,58,4,,1
100,'20261010',1135,,67269,58,4,,1,205,,67270,58,4,,1,595,,67271,58,4,,1,215,,67272,58,4,,1
100,'20261011',1135,,67305,58,4,,1,205,,67306,58,4,,1,595,,67307,58,4,,1,215,,67308,58,4,,1
100,'20261012',1135,,92415,58,4,,1,205,,92416,58,4,,1,595,,67354,58,4,,1,215,,92417,58,4,,1
100,'20261013',1933,,67400,58,4,,1
100,'20261014',1933,,67446,58,4,,1
100,'20261015',1933,,67492,58,4,,1
100,'20261016',1933,,67540,58,4,,1
100,'20261017',1152,,67574,25,4,,1,205,,67575,25,4,,1,595,,67576,25,4,,1,255,,67577,25,4,,1
100,'20261018',1152,,67610,25,4,,1,205,,67611,25,4,,1,595,,67612,25,4,,1,255,,67613,25,4,,1
100,'20261019',1935,,67659,58,4,,1
100,'20261020',1933,,67705,58,4,,1
100,'20261021',1933,,67751,58,4,,1
100,'20261022',1933,,67797,58,4,,1
100,'20261023',1933,,67845,58,4,,1
100,'20261024',1135,,67879,58,4,,1,205,,67880,58,4,,1,595,,67881,58,4,,1,215,,67882,58,4,,1
100,'20261025',1152,,67915,25,4,,1,205,,67916,25,4,,1,595,,67917,25,4,,1,255,,67918,25,4,,1
100,'20261026',1935,,67964,58,4,,1
100,'20261027',1933,,68010,58,4,,1
100,'20261028',1933,,68056,58,4,,1
100,'20261029',1933,,68102,58,4,,1
100,'20261030',1933,,68150,58,4,,1
100,'20261031',1135,,68184,58,4,,1,205,,68185,58,4,,1,595,,68186,58,4,,1,215,,68187,58,4,,1
100,'20261101',1152,,68220,25,4,,1,205,,68221,25,4,,1,595,,68222,25,4,,1,255,,68223,25,4,,1
100,'20261102',1935,,68269,58,4,,1
100,'20261103',1933,,68315,58,4,,1
100,'20261104',1933,,68361,58,4,,1
100,'20261105',1933,,68407,58,4,,1
100,'20261106',1933,,68455,58,4,,1
100,'20261107',1135,,68489,58,4,,1,205,,68490,58,4,,1,595,,68491,58,4,,1,215,,68492,58,4,,1
100,'20261108',1152,,68525,25,4,,1,205,,68526,25,4,,1,595,,68527,25,4,,1,255,,68528,25,4,,1
100,'20261109',1935,,68574,58,4,,1
100,'20261110',1933,,68620,58,4,,1
100,'20261111',1933,,68666,58,4,,1
100,'20261112',1933,,68712,58,4,,1
100,'20261113',1933,,68760,58,4,,1
100,'20261114',1135,,68794,58,4,,1,205,,68795,58,4,,1,595,,68796,58,4,,1,215,,68797,58,4,,1
100,'20261115',1152,,68830,25,4,,1,205,,68831,25,4,,1,595,,68832,25,4,,1,255,,68833,25,4,,1
100,'20261116',1935,,68879,58,4,,1
100,'20261117',1933,,68925,58,4,,1
100,'20261118',1933,,68971,58,4,,1
100,'20261119',1933,,69017,58,4,,1
100,'20261120',1933,,69065,58,4,,1
100,'20261121',1135,,69099,58,4,,1,205,,69100,58,4,,1,595,,69101,58,4,,1,215,,69102,58,4,,1
100,'20261122',1152,,69135,25,4,,1,205,,69136,25,4,,1,595,,69137,25,4,,1,255,,69138,25,4,,1
100,'20261123',1935,,69184,58,4,,1
100,'20261124',1933,,69230,58,4,,1
100,'20261125',1933,,69276,58,4,,1
100,'20261126',1933,,69322,58,4,,1
100,'20261127',1933,,69370,58,4,,1
101,'20260928',636,,70450,1,,,1
101,'20260929',636,,70496,1,,,1
101,'20260930',636,,70542,1,,,1
101,'20261001',636,,70588,1,,,1
101,'20261002',636,,70636,1,,,1
101,'20261003',1155,,70670,1,,,1,402,,70671,1,,,1,398,,70672,1,,,1,255,,70673,1,,,1
101,'20261004',1155,,70706,1,,,1,402,,70707,1,,,1,398,,70708,1,,,1,255,,70709,1,,,1
101,'20261005',636,,70755,1,,,1
101,'20261006',636,,70801,1,,,1
101,'20261007',636,,70847,1,,,1
101,'20261008',636,,70893,1,,,1
101,'20261009',636,,70941,1,,,1
101,'20261010',1155,,70975,1,,,1,402,,70976,1,,,1,398,,70977,1,,,1,255,,70978,1,,,1
101,'20261011',1155,,71011,1,,,1,402,,71012,1,,,1,398,,71013,1,,,1,255,,71014,1,,,1
101,'20261012',1155,,92425,1,,,1,402,,92426,1,,,1,398,,92427,1,,,1,255,,92428,1,,,1
101,'20261013',636,,71106,1,,,1
101,'20261014',636,,71152,1,,,1
101,'20261015',636,,71198,1,,,1
101,'20261016',636,,71246,1,,,1
101,'20261017',1212,,71280,1,0,10,1,402,,71281,1,0,10,1,398,,71282,1,0,10,1,215,,71283,1,0,10,1
101,'20261018',1212,,71316,1,0,10,1,402,,71317,1,0,10,1,398,,71318,1,0,10,1,215,,71319,1,0,10,1
101,'20261019',635,,71365,1,,,1
101,'20261020',636,,71411,1,,,1
101,'20261021',636,,71457,1,,,1
101,'20261022',636,,71503,1,,,1
101,'20261023',636,,71551,1,,,1
101,'20261024',1155,,71585,1,,,1,402,,71586,1,,,1,398,,71587,1,,,1,255,,71588,1,,,1
101,'20261025',1212,,71621,1,0,10,1,402,,71622,1,0,10,1,398,,71623,1,0,10,1,215,,71624,1,0,10,1
101,'20261026',635,,71670,1,,,1
101,'20261027',636,,71716,1,,,1
101,'20261028',636,,71762,1,,,1
101,'20261029',636,,71808,1,,,1
101,'20261030',636,,71856,1,,,1
101,'20261031',1155,,71890,1,,,1,402,,71891,1,,,1,398,,71892,1,,,1,255,,71893,1,,,1
101,'20261101',1212,,71926,1,0,10,1,402,,71927,1,0,10,1,398,,71928,1,0,10,1,215,,71929,1,0,10,1
101,'20261102',635,,71975,1,,,1
101,'20261103',636,,72021,1,,,1
101,'20261104',636,,72067,1,,,1
101,'20261105',636,,72113,1,,,1
101,'20261106',636,,72161,1,,,1
101,'20261107',1155,,72195,1,,,1,402,,72196,1,,,1,398,,72197,1,,,1,255,,72198,1,,,1
101,'20261108',1212,,72231,1,0,10,1,402,,72232,1,0,10,1,398,,72233,1,0,10,1,215,,72234,1,0,10,1
101,'20261109',635,,72280,1,,,1
101,'20261110',636,,72326,1,,,1
101,'20261111',636,,72372,1,,,1
101,'20261112',636,,72418,1,,,1
101,'20261113',636,,72466,1,,,1
101,'20261114',1155,,72500,1,,,1,402,,72501,1,,,1,398,,72502,1,,,1,255,,72503,1,,,1
101,'20261115',1212,,72536,1,0,10,1,402,,72537,1,0,10,1,398,,72538,1,0,10,1,215,,72539,1,0,10,1
101,'20261116',635,,72585,1,,,1
101,'20261117',636,,72631,1,,,1
101,'20261118',636,,72677,1,,,1
101,'20261119',636,,72723,1,,,1
101,'20261120',636,,72771,1,,,1
101,'20261121',1155,,72805,1,,,1,402,,72806,1,,,1,398,,72807,1,,,1,255,,72808,1,,,1
101,'20261122',1212,,72841,1,0,10,1,402,,72842,1,0,10,1,398,,72843,1,0,10,1,215,,72844,1,0,10,1
101,'20261123',635,,72890,1,,,1
101,'20261124',636,,72936,1,,,1
101,'20261125',636,,72982,1,,,1
101,'20261126',636,,73028,1,,,1
101,'20261127',636,,73076,1,,,1
