300,'20260821',1048,,45338,32,0,35,1,300,,45339,32,0,35,1,300,,45340,32,0,35,1,79,,45335,32,0,35,1,31,,63814,32,,,1,70,,45336,32,0,35,1,31,,45345,32,0,35,1,67,,45337,32,0,35,1,322,,45341,32,0,35,1,100,,45342,32,0,35,1
300,'20260822',1801,,45369,32,0,35,1,600,,45370,32,0,35,1
300,'20260823',1801,,45394,32,0,35,1,600,,45395,32,0,35,1
300,'20260824',1048,,64961,32,0,35,1,300,,64962,32,0,35,1,300,,64963,32,0,35,1,79,,64958,32,0,35,1,31,,64967,32,,,1,70,,64959,32,0,35,1,31,,64966,32,0,35,1,67,,64960,32,0,35,1,322,,64964,32,0,35,1,100,,45432,32,0,35,1
300,'20260825',1048,,45468,32,0,35,1,300,,45469,32,0,35,1,300,,45470,32,0,35,1,79,,45465,32,0,35,1,31,,63818,32,,,1,70,,45466,32,0,35,1,31,,45475,32,0,35,1,67,,45467,32,0,35,1,322,,45471,32,0,35,1,100,,45472,32,0,35,1
300,'20260826',1048,,45508,32,0,35,1,300,,45509,32,0,35,1,300,,45510,32,0,35,1,79,,45505,32,0,35,1,31,,63819,32,,,1,70,,45506,32,0,35,1,31,,45515,32,0,35,1,67,,45507,32,0,35,1,322,,45511,32,0,35,1,100,,45512,32,0,35,1
300,'20260827',1048,,45548,32,0,35,1,300,,45549,32,0,35,1,300,,45550,32,0,35,1,79,,45545,32,0,35,1,31,,63820,32,,,1,70,,45546,32,0,35,1,31,,45555,32,0,35,1,67,,45547,32,0,35,1,322,,45551,32,0,35,1,100,,45552,32,0,35,1
300,'20260828',1048,,45588,32,0,35,1,300,,45589,32,0,35,1,300,,45590,32,0,35,1,79,,45585,32,0,35,1,31,,63821,32,,,1,70,,45586,32,0,35,1,31,,45595,32,0,35,1,67,,45587,32,0,35,1,322,,45591,32,0,35,1,100,,45592,32,0,35,1
300,'20260829',1801,,45619,32,0,35,1,600,,45620,32,0,35,1
300,'20260830',1801,,45644,32,0,35,1,600,,45645,32,0,35,1
300,'20260831',1048,,64992,32,0,35,1,300,,64993,32,0,35,1,300,,64994,32,0,35,1,79,,64989,32,0,35,1,31,,64998,32,,,1,70,,64990,32,0,35,1,31,,64997,32,0,35,1,67,,64991,32,0,35,1,322,,64995,32,0,35,1,100,,45682,32,0,35,1
300,'20260901',1048,,45718,32,0,35,1,300,,45719,32,0,35,1,300,,45720,32,0,35,1,79,,45715,32,0,35,1,31,,63825,32,,,1,70,,45716,32,0,35,1,31,,45725,32,0,35,1,67,,45717,32,0,35,1,322,,45721,32,0,35,1,100,,45722,32,0,35,1
300,'20260902',1048,,45758,32,0,35,1,300,,45759,32,0,35,1,300,,45760,32,0,35,1,79,,45755,32,0,35,1,31,,63826,32,,,1,70,,45756,32,0,35,1,31,,45765,32,0,35,1,67,,45757,32,0,35,1,322,,45761,32,0,35,1,100,,45762,32,0,35,1
300,'20260903',1048,,45798,32,0,35,1,300,,45799,32,0,35,1,300,,45800,32,0,35,1,79,,45795,32,0,35,1,31,,63827,32,,,1,70,,45796,32,0,35,1,31,,45805,32,0,35,1,67,,45797,32,0,35,1,322,,45801,32,0,35,1,100,,45802,32,0,35,1
300,'20260904',1048,,45838,32,0,35,1,300,,45839,32,0,35,1,300,,45840,32,0,35,1,79,,45835,32,0,35,1,31,,63828,32,,,1,70,,45836,32,0,35,1,31,,45845,32,0,35,1,67,,45837,32,0,35,1,322,,45841,32,0,35,1,100,,45842,32,0,35,1
301,'20260821',550,,48320,11,,,1,92,,48327,11,,,1,71,,48321,11,,,1,30,,63875,20,,,1,70,,48322,11,,,1,30,,48329,11,,,1,68,,48330,11,,,1,312,,48324,11,,,1,300,,48325,11,,,1,600,,48326,11,,,1
301,'20260822',824,,48354,11,,,1,800,,48355,11,,,1
301,'20260823',824,,48379,11,,,1,800,,48380,11,,,1
301,'20260824',550,,65084,11,,,1,92,,65091,11,,,1,71,,65085,11,,,1,30,,65094,20,,,1,70,,65086,11,,,1,30,,65092,11,,,1,68,,65093,11,,,1,312,,65088,11,,,1,300,,65089,11,,,1,600,,65090,11,,,1
301,'20260825',550,,48450,11,,,1,92,,48457,11,,,1,71,,48451,11,,,1,30,,63879,20,,,1,70,,48452,11,,,1,30,,48459,11,,,1,68,,48460,11,,,1,312,,48454,11,,,1,300,,48455,11,,,1,600,,48456,11,,,1
301,'20260826',550,,48490,11,,,1,92,,48497,11,,,1,71,,48491,11,,,1,30,,63880,20,,,1,70,,48492,11,,,1,30,,48499,11,,,1,68,,48500,11,,,1,312,,48494,11,,,1,300,,48495,11,,,1,600,,48496,11,,,1
301,'20260827',550,,48530,11,,,1,92,,48537,11,,,1,71,,48531,11,,,1,30,,63881,20,,,1,70,,48532,11,,,1,30,,48539,11,,,1,68,,48540,11,,,1,312,,48534,11,,,1,300,,48535,11,,,1,600,,48536,11,,,1
301,'20260828',550,,48570,11,,,1,92,,48577,11,,,1,71,,48571,11,,,1,30,,63882,20,,,1,70,,48572,11,,,1,30,,48579,11,,,1,68,,48580,11,,,1,312,,48574,11,,,1,300,,48575,11,,,1,600,,48576,11,,,1
301,'20260829',824,,48604,11,,,1,800,,48605,11,,,1
301,'20260830',824,,48629,11,,,1,800,,48630,11,,,1
301,'20260831',550,,65116,11,,,1,92,,65123,11,,,1,71,,65117,11,,,1,30,,65126,20,,,1,70,,65118,11,,,1,30,,65124,11,,,1,68,,65125,11,,,1,312,,65120,11,,,1,300,,65121,11,,,1,600,,65122,11,,,1
301,'20260901',550,,48700,11,,,1,92,,48707,11,,,1,71,,48701,11,,,1,30,,63886,20,,,1,70,,48702,11,,,1,30,,48709,11,,,1,68,,48710,11,,,1,312,,48704,11,,,1,300,,48705,11,,,1,600,,48706,11,,,1
301,'20260902',550,,48740,11,,,1,92,,48747,11,,,1,71,,48741,11,,,1,30,,63887,20,,,1,70,,48742,11,,,1,30,,48749,11,,,1,68,,48750,11,,,1,312,,48744,11,,,1,300,,48745,11,,,1,600,,48746,11,,,1
301,'20260903',550,,48780,11,,,1,92,,48787,11,,,1,71,,48781,11,,,1,30,,63888,20,,,1,70,,48782,11,,,1,30,,48789,11,,,1,68,,48790,11,,,1,312,,48784,11,,,1,300,,48785,11,,,1,600,,48786,11,,,1
301,'20260904',550,,48820,11,,,1,92,,48827,11,,,1,71,,48821,11,,,1,30,,63889,20,,,1,70,,48822,11,,,1,30,,48829,11,,,1,68,,48830,11,,,1,312,,48824,11,,,1,300,,48825,11,,,1,600,,48826,11,,,1
