500,'20260910',1027,,80321,16,,,1,101,,80311,16,0,8,1,99,,80312,16,0,8,1,100,,80313,16,0,8,1,107,,80322,16,,,1,102,,80317,16,0,9,1,91,,80323,16,,,1,85,,80320,16,,,1,15,,80314,16,0,8,1,15,,80318,16,,,1,15,,80319,16,,,1,70,,80324,16,,,1,100,,80315,16,0,8,1,100,,80316,16,0,8,1,230,,80325,16,,,1
500,'20260911',1027,,80336,16,,,1,101,,80326,16,0,8,1,99,,80327,16,0,8,1,100,,80328,16,0,8,1,107,,80337,16,,,1,102,,80332,16,0,9,1,91,,80338,16,,,1,85,,80335,16,,,1,15,,80329,16,0,8,1,15,,80333,16,,,1,15,,80334,16,,,1,70,,80339,16,,,1,100,,80330,16,0,8,1,100,,80331,16,0,8,1,230,,80340,16,,,1
500,'20260912',1727,,80341,7,0,8,1,200,,80342,7,0,8,1,204,,80343,7,,,1,196,,80344,7,,,1
500,'20260913',1727,,80345,7,0,8,1,200,,80346,7,0,8,1,204,,80347,7,,,1,196,,80348,7,,,1
500,'20260914',1029,,80359,16,,,1,101,,80349,16,0,8,1,99,,80350,16,0,8,1,100,,80351,16,4,,1,107,,80360,16,,,1,103,,80355,16,0,9,1,90,,80361,16,,,1,85,,80358,16,,,1,15,,80352,16,0,8,1,15,,80356,16,,,1,15,,80357,16,,,1,70,,80362,16,,,1,100,,80353,16,0,8,1,100,,80354,16,0,8,1,230,,80363,16,,,1
500,'20260915',1029,,80374,16,,,1,101,,80364,16,0,8,1,99,,80365,16,0,8,1,100,,80366,16,4,,1,107,,80375,16,,,1,103,,80370,16,0,9,1,90,,80376,16,,,1,85,,80373,16,,,1,15,,80367,16,0,8,1,15,,80371,16,,,1,15,,80372,16,,,1,70,,80377,16,,,1,100,,80368,16,0,8,1,100,,80369,16,0,8,1,230,,80378,16,,,1
500,'20260916',1028,,80389,16,,,1,101,,80379,16,0,8,1,99,,80380,16,0,8,1,99,,80381,16,0,8,1,106,,80390,16,,,1,105,,80385,16,0,9,1,90,,80391,16,,,1,85,,80388,16,,,1,15,,80382,16,0,8,1,15,,80386,16,,,1,15,,80387,16,,,1,70,,80392,16,,,1,100,,80383,16,0,8,1,100,,80384,16,0,8,1,230,,80393,16,,,1
500,'20260917',1028,,80404,16,,,1,101,,80394,16,0,8,1,99,,80395,16,0,8,1,99,,80396,16,0,8,1,106,,80405,16,,,1,105,,80400,16,0,9,1,90,,80406,16,,,1,85,,80403,16,,,1,15,,80397,16,0,8,1,15,,80401,16,,,1,15,,80402,16,,,1,70,,80407,16,,,1,100,,80398,16,0,8,1,100,,80399,16,0,8,1,230,,80408,16,,,1
500,'20260918',1028,,80419,16,,,1,101,,80409,16,0,8,1,99,,80410,16,0,8,1,99,,80411,16,0,8,1,106,,80420,16,,,1,105,,80415,16,0,9,1,90,,80421,16,,,1,85,,80418,16,,,1,15,,80412,16,0,8,1,15,,80416,16,,,1,15,,80417,16,,,1,70,,80422,16,,,1,100,,80413,16,0,8,1,100,,80414,16,0,8,1,230,,80423,16,,,1
500,'20260919',1727,,80424,7,0,8,1,200,,80425,7,0,8,1,204,,80426,7,,,1,196,,80427,7,,,1
500,'20260920',1727,,80428,7,0,8,1,200,,80429,7,0,8,1,204,,80430,7,,,1,196,,80431,7,,,1
500,'20260921',1027,,80442,16,,,1,103,,80432,16,0,8,1,99,,80433,16,0,8,1,98,,80434,16,0,8,1,107,,80443,16,,,1,106,,80438,16,0,9,1,89,,80444,16,,,1,85,,80441,16,,,1,15,,80435,16,0,8,1,15,,80439,16,,,1,15,,80440,16,,,1,70,,80445,16,,,1,100,,80436,16,0,8,1,100,,80437,16,0,8,1,230,,80446,16,,,1
500,'20260922',1026,,80457,16,,,1,103,,80447,16,0,8,1,99,,80448,16,0,8,1,100,,80449,16,0,8,1,105,,80458,16,,,1,104,,80453,16,0,9,1,91,,80459,16,,,1,85,,80456,16,,,1,15,,80450,16,0,8,1,15,,80454,16,,,1,15,,80455,16,,,1,70,,80460,16,,,1,98,,80451,16,0,8,1,101,,80452,16,0,8,1,231,,80461,16,,,1
500,'20260923',1026,,80472,16,,,1,103,,80462,16,0,8,1,99,,80463,16,0,8,1,100,,80464,16,0,8,1,105,,80473,16,,,1,104,,80468,16,0,9,1,91,,80474,16,,,1,85,,80471,16,,,1,15,,80465,16,0,8,1,15,,80469,16,,,1,15,,80470,16,,,1,70,,80475,16,,,1,98,,80466,16,0,8,1,101,,80467,16,0,8,1,231,,80476,16,,,1
500,'20260924',1026,,80487,16,,,1,103,,80477,16,0,8,1,99,,80478,16,0,8,1,100,,80479,16,0,8,1,105,,80488,16,,,1,104,,80483,16,0,9,1,91,,80489,16,,,1,85,,80486,16,,,1,15,,80480,16,0,8,1,15,,80484,16,,,1,15,,80485,16,,,1,70,,80490,16,,,1,98,,80481,16,0,8,1,101,,80482,16,0,8,1,231,,80491,16,,,1
500,'20260925',1026,,80502,16,,,1,103,,80492,16,0,8,1,99,,80493,16,0,8,1,100,,80494,16,0,8,1,105,,80503,16,,,1,104,,80498,16,0,9,1,91,,80504,16,,,1,85,,80501,16,,,1,15,,80495,16,0,8,1,15,,80499,16,,,1,15,,80500,16,,,1,70,,80505,16,,,1,98,,80496,16,0,8,1,101,,80497,16,0,8,1,231,,80506,16,,,1
500,'20260926',1728,,80507,16,0,8,1,200,,80508,16,0,8,1,204,,80509,16,,,1,196,,80510,16,,,1
500,'20260927',1728,,80511,16,0,8,1,200,,80512,16,0,8,1,204,,80513,16,,,1,196,,80514,16,,,1
500,'20260928',1026,,80525,16,,,1,103,,80515,16,0,8,1,99,,80516,16,0,8,1,100,,80517,16,0,8,1,105,,80526,16,,,1,104,,80521,16,0,9,1,91,,80527,16,,,1,85,,80524,16,,,1,15,,80518,16,0,8,1,15,,80522,16,,,1,15,,80523,16,,,1,70,,80528,16,,,1,98,,80519,16,0,8,1,101,,80520,16,0,8,1,231,,80529,16,,,1
500,'20260929',1026,,80540,16,,,1,103,,80530,16,0,8,1,99,,80531,16,0,8,1,100,,80532,16,0,8,1,105,,80541,16,,,1,104,,80536,16,0,9,1,91,,80542,16,,,1,85,,80539,16,,,1,15,,80533,16,0,8,1,15,,80537,16,,,1,15,,80538,16,,,1,70,,80543,16,,,1,98,,80534,16,0,8,1,101,,80535,16,0,8,1,231,,80544,16,,,1
500,'20260930',1026,,80555,16,,,1,103,,80545,16,0,8,1,99,,80546,16,0,8,1,100,,80547,16,0,8,1,105,,80556,16,,,1,104,,80551,16,0,9,1,91,,80557,16,,,1,85,,80554,16,,,1,15,,80548,16,0,8,1,15,,80552,16,,,1,15,,80553,16,,,1,70,,80558,16,,,1,98,,80549,16,0,8,1,101,,80550,16,0,8,1,231,,80559,16,,,1
500,'20261001',1026,,80570,16,,,1,103,,80560,16,0,8,1,99,,80561,16,0,8,1,100,,80562,16,0,8,1,105,,80571,16,,,1,104,,80566,16,0,9,1,91,,80572,16,,,1,85,,80569,16,,,1,15,,80563,16,0,8,1,15,,80567,16,,,1,15,,80568,16,,,1,70,,80573,16,,,1,98,,80564,16,0,8,1,101,,80565,16,0,8,1,231,,80574,16,,,1
500,'20261002',1026,,80585,16,,,1,103,,80575,16,0,8,1,99,,80576,16,0,8,1,100,,80577,16,0,8,1,105,,80586,16,,,1,104,,80581,16,0,9,1,91,,80587,16,,,1,85,,80584,16,,,1,15,,80578,16,0,8,1,15,,80582,16,,,1,15,,80583,16,,,1,70,,80588,16,,,1,98,,80579,16,0,8,1,101,,80580,16,0,8,1,231,,80589,16,,,1
500,'20261003',1727,,80590,16,0,8,1,200,,80591,16,0,8,1,204,,80592,16,,,1,196,,80593,16,,,1
500,'20261004',1728,,80594,16,0,8,1,200,,80595,16,0,8,1,204,,80596,16,,,1,196,,80597,16,,,1
500,'20261005',1026,,80608,16,,,1,103,,80598,16,0,8,1,99,,80599,16,0,8,1,100,,80600,16,0,8,1,105,,80609,16,,,1,104,,80604,16,0,9,1,91,,80610,16,,,1,85,,80607,16,,,1,15,,80601,16,0,8,1,15,,80605,16,,,1,15,,80606,16,,,1,70,,80611,16,,,1,98,,80602,16,0,8,1,101,,80603,16,0,8,1,231,,80612,16,,,1
500,'20261006',1026,,80623,16,,,1,103,,80613,16,0,8,1,99,,80614,16,0,8,1,100,,80615,16,0,8,1,105,,80624,16,,,1,104,,80619,16,0,9,1,91,,80625,16,,,1,85,,80622,16,,,1,15,,80616,16,0,8,1,15,,80620,16,,,1,15,,80621,16,,,1,70,,80626,16,,,1,98,,80617,16,0,8,1,101,,80618,16,0,8,1,231,,80627,16,,,1
500,'20261007',1026,,80638,16,,,1,103,,80628,16,0,8,1,99,,80629,16,0,8,1,100,,80630,16,0,8,1,105,,80639,16,,,1,104,,80634,16,0,9,1,91,,80640,16,,,1,85,,80637,16,,,1,15,,80631,16,0,8,1,15,,80635,16,,,1,15,,80636,16,,,1,70,,80641,16,,,1,98,,80632,16,0,8,1,101,,80633,16,0,8,1,231,,80642,16,,,1
500,'20261008',1026,,80653,16,,,1,103,,80643,16,0,8,1,99,,80644,16,0,8,1,100,,80645,16,0,8,1,105,,80654,16,,,1,104,,80649,16,0,9,1,91,,80655,16,,,1,85,,80652,16,,,1,15,,80646,16,0,8,1,15,,80650,16,,,1,15,,80651,16,,,1,70,,80656,16,,,1,98,,80647,16,0,8,1,101,,80648,16,0,8,1,231,,80657,16,,,1
500,'20261009',1026,,80668,16,,,1,103,,80658,16,0,8,1,99,,80659,16,0,8,1,100,,80660,16,0,8,1,105,,80669,16,,,1,104,,80664,16,0,9,1,91,,80670,16,,,1,85,,80667,16,,,1,15,,80661,16,0,8,1,15,,80665,16,,,1,15,,80666,16,,,1,70,,80671,16,,,1,98,,80662,16,0,8,1,101,,80663,16,0,8,1,231,,80672,16,,,1
500,'20261010',1727,,80673,16,0,8,1,200,,80674,16,0,8,1,204,,80675,16,,,1,196,,80676,16,,,1
500,'20261011',1728,,80677,16,0,8,1,200,,80678,16,0,8,1,204,,80679,16,,,1,196,,80680,16,,,1
500,'20261012',1026,,80691,16,,,1,103,,80681,16,0,8,1,99,,80682,16,0,8,1,100,,80683,16,0,8,1,105,,80692,16,,,1,104,,80687,16,0,9,1,91,,80693,16,,,1,85,,80690,16,,,1,15,,80684,16,0,8,1,15,,80688,16,,,1,15,,80689,16,,,1,70,,80694,16,,,1,98,,80685,16,0,8,1,101,,80686,16,0,8,1,231,,80695,16,,,1
500,'20261013',1026,,80706,16,,,1,103,,80696,16,0,8,1,99,,80697,16,0,8,1,100,,80698,16,0,8,1,105,,80707,16,,,1,104,,80702,16,0,9,1,91,,80708,16,,,1,85,,80705,16,,,1,15,,80699,16,0,8,1,15,,80703,16,,,1,15,,80704,16,,,1,70,,80709,16,,,1,98,,80700,16,0,8,1,101,,80701,16,0,8,1,231,,80710,16,,,1
500,'20261014',1026,,80721,16,,,1,103,,80711,16,0,8,1,99,,80712,16,0,8,1,100,,80713,16,0,8,1,105,,80722,16,,,1,104,,80717,16,0,9,1,91,,80723,16,,,1,85,,80720,16,,,1,15,,80714,16,0,8,1,15,,80718,16,,,1,15,,80719,16,,,1,70,,80724,16,,,1,98,,80715,16,0,8,1,101,,80716,16,0,8,1,231,,80725,16,,,1
500,'20261015',1026,,80736,16,,,1,103,,80726,16,0,8,1,99,,80727,16,0,8,1,100,,80728,16,0,8,1,105,,80737,16,,,1,104,,80732,16,0,9,1,91,,80738,16,,,1,85,,80735,16,,,1,15,,80729,16,0,8,1,15,,80733,16,,,1,15,,80734,16,,,1,70,,80739,16,,,1,98,,80730,16,0,8,1,101,,80731,16,0,8,1,231,,80740,16,,,1
500,'20261016',1026,,80751,16,,,1,103,,80741,16,0,8,1,99,,80742,16,0,8,1,100,,80743,16,0,8,1,105,,80752,16,,,1,104,,80747,16,0,9,1,91,,80753,16,,,1,85,,80750,16,,,1,15,,80744,16,0,8,1,15,,80748,16,,,1,15,,80749,16,,,1,70,,80754,16,,,1,98,,80745,16,0,8,1,101,,80746,16,0,8,1,231,,80755,16,,,1
500,'20261017',1727,,80756,16,0,8,1,200,,80757,16,0,8,1,204,,80758,16,,,1,196,,80759,16,,,1
500,'20261018',1728,,80760,16,0,8,1,200,,80761,16,0,8,1,204,,80762,16,,,1,196,,80763,16,,,1
500,'20261019',1026,,80774,16,,,1,103,,80764,16,0,8,1,99,,80765,16,0,8,1,100,,80766,16,0,8,1,105,,80775,16,,,1,104,,80770,16,0,9,1,91,,80776,16,,,1,85,,80773,16,,,1,15,,80767,16,0,8,1,15,,80771,16,,,1,15,,80772,16,,,1,70,,80777,16,,,1,98,,80768,16,0,8,1,101,,80769,16,0,8,1,231,,80778,16,,,1
500,'20261020',1026,,80789,16,,,1,103,,80779,16,0,8,1,99,,80780,16,0,8,1,100,,80781,16,0,8,1,105,,80790,16,,,1,104,,80785,16,0,9,1,91,,80791,16,,,1,85,,80788,16,,,1,15,,80782,16,0,8,1,15,,80786,16,,,1,15,,80787,16,,,1,70,,80792,16,,,1,98,,80783,16,0,8,1,101,,80784,16,0,8,1,231,,80793,16,,,1
500,'20261021',1026,,80804,16,,,1,103,,80794,16,0,8,1,99,,80795,16,0,8,1,100,,80796,16,0,8,1,105,,80805,16,,,1,104,,80800,16,0,9,1,91,,80806,16,,,1,85,,80803,16,,,1,15,,80797,16,0,8,1,15,,80801,16,,,1,15,,80802,16,,,1,70,,80807,16,,,1,98,,80798,16,0,8,1,101,,80799,16,0,8,1,231,,80808,16,,,1
500,'20261022',1026,,80819,16,,,1,103,,80809,16,0,8,1,99,,80810,16,0,8,1,100,,80811,16,0,8,1,105,,80820,16,,,1,104,,80815,16,0,9,1,91,,80821,16,,,1,85,,80818,16,,,1,15,,80812,16,0,8,1,15,,80816,16,,,1,15,,80817,16,,,1,70,,80822,16,,,1,98,,80813,16,0,8,1,101,,80814,16,0,8,1,231,,80823,16,,,1
500,'20261023',1026,,80834,16,,,1,103,,80824,16,0,8,1,99,,80825,16,0,8,1,100,,80826,16,0,8,1,105,,80835,16,,,1,104,,80830,16,0,9,1,91,,80836,16,,,1,85,,80833,16,,,1,15,,80827,16,0,8,1,15,,80831,16,,,1,15,,80832,16,,,1,70,,80837,16,,,1,98,,80828,16,0,8,1,101,,80829,16,0,8,1,231,,80838,16,,,1
500,'20261024',1727,,80839,16,0,8,1,200,,80840,16,0,8,1,204,,80841,16,,,1,196,,80842,16,,,1
500,'20261025',1728,,80843,16,0,8,1,200,,80844,16,0,8,1,204,,80845,16,,,1,196,,80846,16,,,1
500,'20261026',1026,,80857,16,,,1,103,,80847,16,0,8,1,99,,80848,16,0,8,1,100,,80849,16,0,8,1,105,,80858,16,,,1,104,,80853,16,0,9,1,91,,80859,16,,,1,85,,80856,16,,,1,15,,80850,16,0,8,1,15,,80854,16,,,1,15,,80855,16,,,1,70,,80860,16,,,1,98,,80851,16,0,8,1,101,,80852,16,0,8,1,231,,80861,16,,,1
500,'20261027',1026,,80872,16,,,1,103,,80862,16,0,8,1,99,,80863,16,0,8,1,100,,80864,16,0,8,1,105,,80873,16,,,1,104,,80868,16,0,9,1,91,,80874,16,,,1,85,,80871,16,,,1,15,,80865,16,0,8,1,15,,80869,16,,,1,15,,80870,16,,,1,70,,80875,16,,,1,98,,80866,16,0,8,1,101,,80867,16,0,8,1,231,,80876,16,,,1
500,'20261028',1026,,80887,16,,,1,103,,80877,16,0,8,1,99,,80878,16,0,8,1,100,,80879,16,0,8,1,105,,80888,16,,,1,104,,80883,16,0,9,1,91,,80889,16,,,1,85,,80886,16,,,1,15,,80880,16,0,8,1,15,,80884,16,,,1,15,,80885,16,,,1,70,,80890,16,,,1,98,,80881,16,0,8,1,101,,80882,16,0,8,1,231,,80891,16,,,1
500,'20261029',1026,,80902,16,,,1,103,,80892,16,0,8,1,99,,80893,16,0,8,1,100,,80894,16,0,8,1,105,,80903,16,,,1,104,,80898,16,0,9,1,91,,80904,16,,,1,85,,80901,16,,,1,15,,80895,16,0,8,1,15,,80899,16,,,1,15,,80900,16,,,1,70,,80905,16,,,1,98,,80896,16,0,8,1,101,,80897,16,0,8,1,231,,80906,16,,,1
500,'20261030',1026,,80917,16,,,1,103,,80907,16,0,8,1,99,,80908,16,0,8,1,100,,80909,16,0,8,1,105,,80918,16,,,1,104,,80913,16,0,9,1,91,,80919,16,,,1,85,,80916,16,,,1,15,,80910,16,0,8,1,15,,80914,16,,,1,15,,80915,16,,,1,70,,80920,16,,,1,98,,80911,16,0,8,1,101,,80912,16,0,8,1,231,,80921,16,,,1
500,'20261031',1727,,80922,16,0,8,1,200,,80923,16,0,8,1,204,,80924,16,,,1,196,,80925,16,,,1
500,'20261101',1728,,80926,16,0,8,1,200,,80927,16,0,8,1,204,,80928,16,,,1,196,,80929,16,,,1
500,'20261102',1026,,80940,16,,,1,103,,80930,16,0,8,1,99,,80931,16,0,8,1,100,,80932,16,0,8,1,105,,80941,16,,,1,104,,80936,16,0,9,1,91,,80942,16,,,1,85,,80939,16,,,1,15,,80933,16,0,8,1,15,,80937,16,,,1,15,,80938,16,,,1,70,,80943,16,,,1,98,,80934,16,0,8,1,101,,80935,16,0,8,1,231,,80944,16,,,1
500,'20261103',1026,,80955,16,,,1,103,,80945,16,0,8,1,99,,80946,16,0,8,1,100,,80947,16,0,8,1,105,,80956,16,,,1,104,,80951,16,0,9,1,91,,80957,16,,,1,85,,80954,16,,,1,15,,80948,16,0,8,1,15,,80952,16,,,1,15,,80953,16,,,1,70,,80958,16,,,1,98,,80949,16,0,8,1,101,,80950,16,0,8,1,231,,80959,16,,,1
500,'20261104',1026,,80970,16,,,1,103,,80960,16,0,8,1,99,,80961,16,0,8,1,100,,80962,16,0,8,1,105,,80971,16,,,1,104,,80966,16,0,9,1,91,,80972,16,,,1,85,,80969,16,,,1,15,,80963,16,0,8,1,15,,80967,16,,,1,15,,80968,16,,,1,70,,80973,16,,,1,98,,80964,16,0,8,1,101,,80965,16,0,8,1,231,,80974,16,,,1
500,'20261105',1026,,80985,16,,,1,103,,80975,16,0,8,1,99,,80976,16,0,8,1,100,,80977,16,0,8,1,105,,80986,16,,,1,104,,80981,16,0,9,1,91,,80987,16,,,1,85,,80984,16,,,1,15,,80978,16,0,8,1,15,,80982,16,,,1,15,,80983,16,,,1,70,,80988,16,,,1,98,,80979,16,0,8,1,101,,80980,16,0,8,1,231,,80989,16,,,1
500,'20261106',1026,,81000,16,,,1,103,,80990,16,0,8,1,99,,80991,16,0,8,1,100,,80992,16,0,8,1,105,,81001,16,,,1,104,,80996,16,0,9,1,91,,81002,16,,,1,85,,80999,16,,,1,15,,80993,16,0,8,1,15,,80997,16,,,1,15,,80998,16,,,1,70,,81003,16,,,1,98,,80994,16,0,8,1,101,,80995,16,0,8,1,231,,81004,16,,,1
500,'20261107',1727,,81005,16,0,8,1,200,,81006,16,0,8,1,204,,81007,16,,,1,196,,81008,16,,,1
500,'20261108',1728,,81009,16,0,8,1,200,,81010,16,0,8,1,204,,81011,16,,,1,196,,81012,16,,,1
500,'20261109',1026,,81023,16,,,1,103,,81013,16,0,8,1,99,,81014,16,0,8,1,100,,81015,16,0,8,1,105,,81024,16,,,1,104,,81019,16,0,9,1,91,,81025,16,,,1,85,,81022,16,,,1,15,,81016,16,0,8,1,15,,81020,16,,,1,15,,81021,16,,,1,70,,81026,16,,,1,98,,81017,16,0,8,1,101,,81018,16,0,8,1,231,,81027,16,,,1
500,'20261110',1026,,81038,16,,,1,103,,81028,16,0,8,1,99,,81029,16,0,8,1,100,,81030,16,0,8,1,105,,81039,16,,,1,104,,81034,16,0,9,1,91,,81040,16,,,1,85,,81037,16,,,1,15,,81031,16,0,8,1,15,,81035,16,,,1,15,,81036,16,,,1,70,,81041,16,,,1,98,,81032,16,0,8,1,101,,81033,16,0,8,1,231,,81042,16,,,1
500,'20261111',1026,,81053,16,,,1,103,,81043,16,0,8,1,99,,81044,16,0,8,1,100,,81045,16,0,8,1,105,,81054,16,,,1,104,,81049,16,0,9,1,91,,81055,16,,,1,85,,81052,16,,,1,15,,81046,16,0,8,1,15,,81050,16,,,1,15,,81051,16,,,1,70,,81056,16,,,1,98,,81047,16,0,8,1,101,,81048,16,0,8,1,231,,81057,16,,,1
500,'20261112',1026,,81068,16,,,1,103,,81058,16,0,8,1,99,,81059,16,0,8,1,100,,81060,16,0,8,1,105,,81069,16,,,1,104,,81064,16,0,9,1,91,,81070,16,,,1,85,,81067,16,,,1,15,,81061,16,0,8,1,15,,81065,16,,,1,15,,81066,16,,,1,70,,81071,16,,,1,98,,81062,16,0,8,1,101,,81063,16,0,8,1,231,,81072,16,,,1
500,'20261113',1026,,81083,16,,,1,103,,81073,16,0,8,1,99,,81074,16,0,8,1,100,,81075,16,0,8,1,105,,81084,16,,,1,104,,81079,16,0,9,1,91,,81085,16,,,1,85,,81082,16,,,1,15,,81076,16,0,8,1,15,,81080,16,,,1,15,,81081,16,,,1,70,,81086,16,,,1,98,,81077,16,0,8,1,101,,81078,16,0,8,1,231,,81087,16,,,1
500,'20261114',1727,,81088,16,0,8,1,200,,81089,16,0,8,1,204,,81090,16,,,1,196,,81091,16,,,1
500,'20261115',1728,,81092,16,0,8,1,200,,81093,16,0,8,1,204,,81094,16,,,1,196,,81095,16,,,1
500,'20261116',1026,,81106,16,,,1,103,,81096,16,0,8,1,99,,81097,16,0,8,1,100,,81098,16,0,8,1,105,,81107,16,,,1,104,,81102,16,0,9,1,91,,81108,16,,,1,85,,81105,16,,,1,15,,81099,16,0,8,1,15,,81103,16,,,1,15,,81104,16,,,1,70,,81109,16,,,1,98,,81100,16,0,8,1,101,,81101,16,0,8,1,231,,81110,16,,,1
500,'20261117',1026,,81121,16,,,1,103,,81111,16,0,8,1,99,,81112,16,0,8,1,100,,81113,16,0,8,1,105,,81122,16,,,1,104,,81117,16,0,9,1,91,,81123,16,,,1,85,,81120,16,,,1,15,,81114,16,0,8,1,15,,81118,16,,,1,15,,81119,16,,,1,70,,81124,16,,,1,98,,81115,16,0,8,1,101,,81116,16,0,8,1,231,,81125,16,,,1
500,'20261118',1026,,81136,16,,,1,103,,81126,16,0,8,1,99,,81127,16,0,8,1,100,,81128,16,0,8,1,105,,81137,16,,,1,104,,81132,16,0,9,1,91,,81138,16,,,1,85,,81135,16,,,1,15,,81129,16,0,8,1,15,,81133,16,,,1,15,,81134,16,,,1,70,,81139,16,,,1,98,,81130,16,0,8,1,101,,81131,16,0,8,1,231,,81140,16,,,1
500,'20261119',1026,,81151,16,,,1,103,,81141,16,0,8,1,99,,81142,16,0,8,1,100,,81143,16,0,8,1,105,,81152,16,,,1,104,,81147,16,0,9,1,91,,81153,16,,,1,85,,81150,16,,,1,15,,81144,16,0,8,1,15,,81148,16,,,1,15,,81149,16,,,1,70,,81154,16,,,1,98,,81145,16,0,8,1,101,,81146,16,0,8,1,231,,81155,16,,,1
500,'20261120',1026,,81166,16,,,1,103,,81156,16,0,8,1,99,,81157,16,0,8,1,100,,81158,16,0,8,1,105,,81167,16,,,1,104,,81162,16,0,9,1,91,,81168,16,,,1,85,,81165,16,,,1,15,,81159,16,0,8,1,15,,81163,16,,,1,15,,81164,16,,,1,70,,81169,16,,,1,98,,81160,16,0,8,1,101,,81161,16,0,8,1,231,,81170,16,,,1
500,'20261121',1727,,81171,16,0,8,1,200,,81172,16,0,8,1,204,,81173,16,,,1,196,,81174,16,,,1
500,'20261122',1728,,81175,16,0,8,1,200,,81176,16,0,8,1,204,,81177,16,,,1,196,,81178,16,,,1
500,'20261123',1026,,81189,16,,,1,103,,81179,16,0,8,1,99,,81180,16,0,8,1,100,,81181,16,0,8,1,105,,81190,16,,,1,104,,81185,16,0,9,1,91,,81191,16,,,1,85,,81188,16,,,1,15,,81182,16,0,8,1,15,,81186,16,,,1,15,,81187,16,,,1,70,,81192,16,,,1,98,,81183,16,0,8,1,101,,81184,16,0,8,1,231,,81193,16,,,1
500,'20261124',1026,,81204,16,,,1,103,,81194,16,0,8,1,99,,81195,16,0,8,1,100,,81196,16,0,8,1,105,,81205,16,,,1,104,,81200,16,0,9,1,91,,81206,16,,,1,85,,81203,16,,,1,15,,81197,16,0,8,1,15,,81201,16,,,1,15,,81202,16,,,1,70,,81207,16,,,1,98,,81198,16,0,8,1,101,,81199,16,0,8,1,231,,81208,16,,,1
500,'20261125',1026,,81219,16,,,1,103,,81209,16,0,8,1,99,,81210,16,0,8,1,100,,81211,16,0,8,1,105,,81220,16,,,1,104,,81215,16,0,9,1,91,,81221,16,,,1,85,,81218,16,,,1,15,,81212,16,0,8,1,15,,81216,16,,,1,15,,81217,16,,,1,70,,81222,16,,,1,98,,81213,16,0,8,1,101,,81214,16,0,8,1,231,,81223,16,,,1
500,'20261126',1026,,81234,16,,,1,103,,81224,16,0,8,1,99,,81225,16,0,8,1,100,,81226,16,0,8,1,105,,81235,16,,,1,104,,81230,16,0,9,1,91,,81236,16,,,1,85,,81233,16,,,1,15,,81227,16,0,8,1,15,,81231,16,,,1,15,,81232,16,,,1,70,,81237,16,,,1,98,,81228,16,0,8,1,101,,81229,16,0,8,1,231,,81238,16,,,1
500,'20261127',1026,,81249,16,,,1,103,,81239,16,0,8,1,99,,81240,16,0,8,1,100,,81241,16,0,8,1,105,,81250,16,,,1,104,,81245,16,0,9,1,91,,81251,16,,,1,85,,81248,16,,,1,15,,81242,16,0,8,1,15,,81246,16,,,1,15,,81247,16,,,1,70,,81252,16,,,1,98,,81243,16,0,8,1,101,,81244,16,0,8,1,231,,81253,16,,,1
501,'20260910',556,,81338,13,,,1,70,,81339,20,,,1,30,,81341,20,,,1,70,,81340,20,,,1,20,,81331,7,,,1,60,,81342,20,,,1,15,,81343,20,,,1,93,,81344,20,,,1,98,,81345,20,,,1,102,,81332,7,,,1,98,,81333,7,,,1,100,,81334,7,,,1,106,,81346,20,,,1,103,,81335,7,,,1,491,,81336,7,,,1,100,,81337,7,,,1
501,'20260911',556,,81354,13,,,1,70,,81355,20,,,1,30,,81357,20,,,1,70,,81356,20,,,1,20,,81347,7,,,1,60,,81358,20,,,1,15,,81359,20,,,1,93,,81360,20,,,1,98,,81361,20,,,1,102,,81348,7,,,1,98,,81349,7,,,1,100,,81350,7,,,1,106,,81362,20,,,1,103,,81351,7,,,1,491,,81352,7,,,1,100,,81353,7,,,1
501,'20260912',1513,,81365,20,0,39 40,1,200,,81366,20,0,39 40,1,199,,81363,7,0,39 40,1,204,,81364,7,0,39 40,1
501,'20260913',1513,,81369,20,0,39 40,1,200,,81370,20,0,39 40,1,199,,81367,7,0,39 40,1,204,,81368,7,0,39 40,1
501,'20260914',556,,81378,13,,,1,70,,81379,20,,,1,30,,81381,20,,,1,70,,81380,20,,,1,20,,81371,7,,,1,60,,81382,20,,,1,15,,81383,20,,,1,93,,81384,20,,,1,98,,81385,20,,,1,104,,81372,7,,,1,98,,81373,7,,,1,100,,81374,7,,,1,103,,81386,20,,,1,102,,81375,1,,,1,494,,81376,7,,,1,100,,81377,7,,,1
501,'20260915',556,,81394,13,,,1,70,,81395,20,,,1,30,,81397,20,,,1,70,,81396,20,,,1,20,,81387,7,,,1,60,,81398,20,,,1,15,,81399,20,,,1,93,,81400,20,,,1,98,,81401,20,,,1,104,,81388,7,,,1,98,,81389,7,,,1,100,,81390,7,,,1,103,,81402,20,,,1,102,,81391,1,,,1,494,,81392,7,,,1,100,,81393,7,,,1
501,'20260916',556,,81410,13,,,1,70,,81411,20,,,1,30,,81413,20,,,1,70,,81412,20,,,1,20,,81403,7,,,1,60,,81414,20,,,1,15,,81415,20,,,1,93,,81416,20,,,1,98,,81417,20,,,1,103,,81404,7,,,1,98,,81405,7,,,1,99,,81406,7,,,1,106,,81418,20,,,1,102,,81407,7,,,1,492,,81408,7,,,1,100,,81409,7,,,1
501,'20260917',556,,81426,13,,,1,70,,81427,20,,,1,30,,81429,20,,,1,70,,81428,20,,,1,20,,81419,7,,,1,60,,81430,20,,,1,15,,81431,20,,,1,93,,81432,20,,,1,98,,81433,20,,,1,103,,81420,7,,,1,98,,81421,7,,,1,99,,81422,7,,,1,106,,81434,20,,,1,102,,81423,7,,,1,492,,81424,7,,,1,100,,81425,7,,,1
501,'20260918',556,,81442,13,,,1,70,,81443,20,,,1,30,,81445,20,,,1,70,,81444,20,,,1,20,,81435,7,,,1,60,,81446,20,,,1,15,,81447,20,,,1,93,,81448,20,,,1,98,,81449,20,,,1,103,,81436,7,,,1,98,,81437,7,,,1,99,,81438,7,,,1,106,,81450,20,,,1,102,,81439,7,,,1,492,,81440,7,,,1,100,,81441,7,,,1
501,'20260919',1513,,81453,20,0,39 40,1,200,,81454,20,0,39 40,1,199,,81451,7,0,39 40,1,204,,81452,7,0,39 40,1
501,'20260920',1513,,81457,20,0,39 40,1,200,,81458,20,0,39 40,1,199,,81455,7,0,39 40,1,204,,81456,7,0,39 40,1
501,'20260921',553,,81466,13,,,1,70,,81467,20,,,1,30,,81469,20,,,1,70,,81468,20,,,1,20,,81459,7,,,1,60,,81470,20,,,1,15,,81471,20,,,1,93,,81472,20,,,1,98,,81473,20,,,1,105,,81460,7,,,1,100,,81461,7,,,1,99,,81462,7,,,1,105,,81474,20,,,1,103,,81463,7,,,1,493,,81464,7,,,1,99,,81465,7,,,1
501,'20260922',554,,81482,13,,,1,70,,81483,20,,,1,30,,81485,20,,,1,70,,81484,20,,,1,20,,81475,7,,,1,60,,81486,20,,,1,15,,81487,20,,,1,93,,81488,20,,,1,98,,81489,20,,,1,104,,81476,7,,,1,97,,81477,7,,,1,101,,81478,7,,,1,104,,81490,20,,,1,103,,81479,7,,,1,491,,81480,7,,,1,101,,81481,7,,,1
501,'20260923',554,,81498,13,,,1,70,,81499,20,,,1,30,,81501,20,,,1,70,,81500,20,,,1,20,,81491,7,,,1,60,,81502,20,,,1,15,,81503,20,,,1,93,,81504,20,,,1,98,,81505,20,,,1,104,,81492,7,,,1,97,,81493,7,,,1,101,,81494,7,,,1,104,,81506,20,,,1,103,,81495,7,,,1,491,,81496,7,,,1,101,,81497,7,,,1
501,'20260924',554,,81514,13,,,1,70,,81515,20,,,1,30,,81517,20,,,1,70,,81516,20,,,1,20,,81507,7,,,1,60,,81518,20,,,1,15,,81519,20,,,1,93,,81520,20,,,1,98,,81521,20,,,1,104,,81508,7,,,1,97,,81509,7,,,1,101,,81510,7,,,1,104,,81522,20,,,1,103,,81511,7,,,1,491,,81512,7,,,1,101,,81513,7,,,1
501,'20260925',554,,81530,13,,,1,70,,81531,20,,,1,30,,81533,20,,,1,70,,81532,20,,,1,20,,81523,7,,,1,60,,81534,20,,,1,15,,81535,20,,,1,93,,81536,20,,,1,98,,81537,20,,,1,104,,81524,7,,,1,97,,81525,7,,,1,101,,81526,7,,,1,104,,81538,20,,,1,103,,81527,7,,,1,491,,81528,7,,,1,101,,81529,7,,,1
501,'20260926',1511,,81541,20,,,1,200,,81542,20,,,1,199,,81539,7,,,1,204,,81540,7,,,1
501,'20260927',1511,,81545,20,,,1,200,,81546,20,,,1,199,,81543,7,,,1,204,,81544,7,,,1
501,'20260928',554,,81554,13,,,1,70,,81555,20,,,1,30,,81557,20,,,1,70,,81556,20,,,1,20,,81547,7,,,1,60,,81558,20,,,1,15,,81559,20,,,1,93,,81560,20,,,1,98,,81561,20,,,1,104,,81548,7,,,1,97,,81549,7,,,1,101,,81550,7,,,1,104,,81562,20,,,1,103,,81551,7,,,1,491,,81552,7,,,1,101,,81553,7,,,1
501,'20260929',554,,81570,13,,,1,70,,81571,20,,,1,30,,81573,20,,,1,70,,81572,20,,,1,20,,81563,7,,,1,60,,81574,20,,,1,15,,81575,20,,,1,93,,81576,20,,,1,98,,81577,20,,,1,104,,81564,7,,,1,97,,81565,7,,,1,101,,81566,7,,,1,104,,81578,20,,,1,103,,81567,7,,,1,491,,81568,7,,,1,101,,81569,7,,,1
501,'20260930',554,,81586,13,,,1,70,,81587,20,,,1,30,,81589,20,,,1,70,,81588,20,,,1,20,,81579,7,,,1,60,,81590,20,,,1,15,,81591,20,,,1,93,,81592,20,,,1,98,,81593,20,,,1,104,,81580,7,,,1,97,,81581,7,,,1,101,,81582,7,,,1,104,,81594,20,,,1,103,,81583,7,,,1,491,,81584,7,,,1,101,,81585,7,,,1
501,'20261001',554,,81602,13,,,1,70,,81603,20,,,1,30,,81605,20,,,1,70,,81604,20,,,1,20,,81595,7,,,1,60,,81606,20,,,1,15,,81607,20,,,1,93,,81608,20,,,1,98,,81609,20,,,1,104,,81596,7,,,1,97,,81597,7,,,1,101,,81598,7,,,1,104,,81610,20,,,1,103,,81599,7,,,1,491,,81600,7,,,1,101,,81601,7,,,1
501,'20261002',554,,81618,13,,,1,70,,81619,20,,,1,30,,81621,20,,,1,70,,81620,20,,,1,20,,81611,7,,,1,60,,81622,20,,,1,15,,81623,20,,,1,93,,81624,20,,,1,98,,81625,20,,,1,104,,81612,7,,,1,97,,81613,7,,,1,101,,81614,7,,,1,104,,81626,20,,,1,103,,81615,7,,,1,491,,81616,7,,,1,101,,81617,7,,,1
501,'20261003',1513,,81629,20,,,1,200,,81630,20,,,1,199,,81627,7,,,1,204,,81628,7,,,1
501,'20261004',1511,,81633,20,,,1,200,,81634,20,,,1,199,,81631,7,,,1,204,,81632,7,,,1
501,'20261005',554,,81642,13,,,1,70,,81643,20,,,1,30,,81645,20,,,1,70,,81644,20,,,1,20,,81635,7,,,1,60,,81646,20,,,1,15,,81647,20,,,1,93,,81648,20,,,1,98,,81649,20,,,1,104,,81636,7,,,1,97,,81637,7,,,1,101,,81638,7,,,1,104,,81650,20,,,1,103,,81639,7,,,1,491,,81640,7,,,1,101,,81641,7,,,1
501,'20261006',554,,81658,13,,,1,70,,81659,20,,,1,30,,81661,20,,,1,70,,81660,20,,,1,20,,81651,7,,,1,60,,81662,20,,,1,15,,81663,20,,,1,93,,81664,20,,,1,98,,81665,20,,,1,104,,81652,7,,,1,97,,81653,7,,,1,101,,81654,7,,,1,104,,81666,20,,,1,103,,81655,7,,,1,491,,81656,7,,,1,101,,81657,7,,,1
501,'20261007',554,,81674,13,,,1,70,,81675,20,,,1,30,,81677,20,,,1,70,,81676,20,,,1,20,,81667,7,,,1,60,,81678,20,,,1,15,,81679,20,,,1,93,,81680,20,,,1,98,,81681,20,,,1,104,,81668,7,,,1,97,,81669,7,,,1,101,,81670,7,,,1,104,,81682,20,,,1,103,,81671,7,,,1,491,,81672,7,,,1,101,,81673,7,,,1
501,'20261008',554,,81690,13,,,1,70,,81691,20,,,1,30,,81693,20,,,1,70,,81692,20,,,1,20,,81683,7,,,1,60,,81694,20,,,1,15,,81695,20,,,1,93,,81696,20,,,1,98,,81697,20,,,1,104,,81684,7,,,1,97,,81685,7,,,1,101,,81686,7,,,1,104,,81698,20,,,1,103,,81687,7,,,1,491,,81688,7,,,1,101,,81689,7,,,1
501,'20261009',554,,81706,13,,,1,70,,81707,20,,,1,30,,81709,20,,,1,70,,81708,20,,,1,20,,81699,7,,,1,60,,81710,20,,,1,15,,81711,20,,,1,93,,81712,20,,,1,98,,81713,20,,,1,104,,81700,7,,,1,97,,81701,7,,,1,101,,81702,7,,,1,104,,81714,20,,,1,103,,81703,7,,,1,491,,81704,7,,,1,101,,81705,7,,,1
501,'20261010',1513,,81717,20,,,1,200,,81718,20,,,1,199,,81715,7,,,1,204,,81716,7,,,1
501,'20261011',1511,,81721,20,,,1,200,,81722,20,,,1,199,,81719,7,,,1,204,,81720,7,,,1
501,'20261012',554,,81730,13,,,1,70,,81731,20,,,1,30,,81733,20,,,1,70,,81732,20,,,1,20,,81723,7,,,1,60,,81734,20,,,1,15,,81735,20,,,1,93,,81736,20,,,1,98,,81737,20,,,1,104,,81724,7,,,1,97,,81725,7,,,1,101,,81726,7,,,1,104,,81738,20,,,1,103,,81727,7,,,1,491,,81728,7,,,1,101,,81729,7,,,1
501,'20261013',554,,81746,13,,,1,70,,81747,20,,,1,30,,81749,20,,,1,70,,81748,20,,,1,20,,81739,7,,,1,60,,81750,20,,,1,15,,81751,20,,,1,93,,81752,20,,,1,98,,81753,20,,,1,104,,81740,7,,,1,97,,81741,7,,,1,101,,81742,7,,,1,104,,81754,20,,,1,103,,81743,7,,,1,491,,81744,7,,,1,101,,81745,7,,,1
501,'20261014',554,,81762,13,,,1,70,,81763,20,,,1,30,,81765,20,,,1,70,,81764,20,,,1,20,,81755,7,,,1,60,,81766,20,,,1,15,,81767,20,,,1,93,,81768,20,,,1,98,,81769,20,,,1,104,,81756,7,,,1,97,,81757,7,,,1,101,,81758,7,,,1,104,,81770,20,,,1,103,,81759,7,,,1,491,,81760,7,,,1,101,,81761,7,,,1
501,'20261015',554,,81778,13,,,1,70,,81779,20,,,1,30,,81781,20,,,1,70,,81780,20,,,1,20,,81771,7,,,1,60,,81782,20,,,1,15,,81783,20,,,1,93,,81784,20,,,1,98,,81785,20,,,1,104,,81772,7,,,1,97,,81773,7,,,1,101,,81774,7,,,1,104,,81786,20,,,1,103,,81775,7,,,1,491,,81776,7,,,1,101,,81777,7,,,1
501,'20261016',554,,81794,13,,,1,70,,81795,20,,,1,30,,81797,20,,,1,70,,81796,20,,,1,20,,81787,7,,,1,60,,81798,20,,,1,15,,81799,20,,,1,93,,81800,20,,,1,98,,81801,20,,,1,104,,81788,7,,,1,97,,81789,7,,,1,101,,81790,7,,,1,104,,81802,20,,,1,103,,81791,7,,,1,491,,81792,7,,,1,101,,81793,7,,,1
501,'20261017',1513,,81805,20,,,1,200,,81806,20,,,1,199,,81803,7,,,1,204,,81804,7,,,1
501,'20261018',1511,,81809,20,,,1,200,,81810,20,,,1,199,,81807,7,,,1,204,,81808,7,,,1
501,'20261019',554,,81818,13,,,1,70,,81819,20,,,1,30,,81821,20,,,1,70,,81820,20,,,1,20,,81811,7,,,1,60,,81822,20,,,1,15,,81823,20,,,1,93,,81824,20,,,1,98,,81825,20,,,1,104,,81812,7,,,1,97,,81813,7,,,1,101,,81814,7,,,1,104,,81826,20,,,1,103,,81815,7,,,1,491,,81816,7,,,1,101,,81817,7,,,1
501,'20261020',554,,81834,13,,,1,70,,81835,20,,,1,30,,81837,20,,,1,70,,81836,20,,,1,20,,81827,7,,,1,60,,81838,20,,,1,15,,81839,20,,,1,93,,81840,20,,,1,98,,81841,20,,,1,104,,81828,7,,,1,97,,81829,7,,,1,101,,81830,7,,,1,104,,81842,20,,,1,103,,81831,7,,,1,491,,81832,7,,,1,101,,81833,7,,,1
501,'20261021',554,,81850,13,,,1,70,,81851,20,,,1,30,,81853,20,,,1,70,,81852,20,,,1,20,,81843,7,,,1,60,,81854,20,,,1,15,,81855,20,,,1,93,,81856,20,,,1,98,,81857,20,,,1,104,,81844,7,,,1,97,,81845,7,,,1,101,,81846,7,,,1,104,,81858,20,,,1,103,,81847,7,,,1,491,,81848,7,,,1,101,,81849,7,,,1
501,'20261022',554,,81866,13,,,1,70,,81867,20,,,1,30,,81869,20,,,1,70,,81868,20,,,1,20,,81859,7,,,1,60,,81870,20,,,1,15,,81871,20,,,1,93,,81872,20,,,1,98,,81873,20,,,1,104,,81860,7,,,1,97,,81861,7,,,1,101,,81862,7,,,1,104,,81874,20,,,1,103,,81863,7,,,1,491,,81864,7,,,1,101,,81865,7,,,1
501,'20261023',554,,81882,13,,,1,70,,81883,20,,,1,30,,81885,20,,,1,70,,81884,20,,,1,20,,81875,7,,,1,60,,81886,20,,,1,15,,81887,20,,,1,93,,81888,20,,,1,98,,81889,20,,,1,104,,81876,7,,,1,97,,81877,7,,,1,101,,81878,7,,,1,104,,81890,20,,,1,103,,81879,7,,,1,491,,81880,7,,,1,101,,81881,7,,,1
501,'20261024',1513,,81893,20,,,1,200,,81894,20,,,1,199,,81891,7,,,1,204,,81892,7,,,1
501,'20261025',1511,,81897,20,,,1,200,,81898,20,,,1,199,,81895,7,,,1,204,,81896,7,,,1
501,'20261026',554,,81906,13,,,1,70,,81907,20,,,1,30,,81909,20,,,1,70,,81908,20,,,1,20,,81899,7,,,1,60,,81910,20,,,1,15,,81911,20,,,1,93,,81912,20,,,1,98,,81913,20,,,1,104,,81900,7,,,1,97,,81901,7,,,1,101,,81902,7,,,1,104,,81914,20,,,1,103,,81903,7,,,1,491,,81904,7,,,1,101,,81905,7,,,1
501,'20261027',554,,81922,13,,,1,70,,81923,20,,,1,30,,81925,20,,,1,70,,81924,20,,,1,20,,81915,7,,,1,60,,81926,20,,,1,15,,81927,20,,,1,93,,81928,20,,,1,98,,81929,20,,,1,104,,81916,7,,,1,97,,81917,7,,,1,101,,81918,7,,,1,104,,81930,20,,,1,103,,81919,7,,,1,491,,81920,7,,,1,101,,81921,7,,,1
501,'20261028',554,,81938,13,,,1,70,,81939,20,,,1,30,,81941,20,,,1,70,,81940,20,,,1,20,,81931,7,,,1,60,,81942,20,,,1,15,,81943,20,,,1,93,,81944,20,,,1,98,,81945,20,,,1,104,,81932,7,,,1,97,,81933,7,,,1,101,,81934,7,,,1,104,,81946,20,,,1,103,,81935,7,,,1,491,,81936,7,,,1,101,,81937,7,,,1
501,'20261029',554,,81954,13,,,1,70,,81955,20,,,1,30,,81957,20,,,1,70,,81956,20,,,1,20,,81947,7,,,1,60,,81958,20,,,1,15,,81959,20,,,1,93,,81960,20,,,1,98,,81961,20,,,1,104,,81948,7,,,1,97,,81949,7,,,1,101,,81950,7,,,1,104,,81962,20,,,1,103,,81951,7,,,1,491,,81952,7,,,1,101,,81953,7,,,1
501,'20261030',554,,81970,13,,,1,70,,81971,20,,,1,30,,81973,20,,,1,70,,81972,20,,,1,20,,81963,7,,,1,60,,81974,20,,,1,15,,81975,20,,,1,93,,81976,20,,,1,98,,81977,20,,,1,104,,81964,7,,,1,97,,81965,7,,,1,101,,81966,7,,,1,104,,81978,20,,,1,103,,81967,7,,,1,491,,81968,7,,,1,101,,81969,7,,,1
501,'20261031',1513,,81981,20,,,1,200,,81982,20,,,1,199,,81979,7,,,1,204,,81980,7,,,1
501,'20261101',1511,,81985,20,,,1,200,,81986,20,,,1,199,,81983,7,,,1,204,,81984,7,,,1
501,'20261102',554,,81994,13,,,1,70,,81995,20,,,1,30,,81997,20,,,1,70,,81996,20,,,1,20,,81987,7,,,1,60,,81998,20,,,1,15,,81999,20,,,1,93,,82000,20,,,1,98,,82001,20,,,1,104,,81988,7,,,1,97,,81989,7,,,1,101,,81990,7,,,1,104,,82002,20,,,1,103,,81991,7,,,1,491,,81992,7,,,1,101,,81993,7,,,1
501,'20261103',554,,82010,13,,,1,70,,82011,20,,,1,30,,82013,20,,,1,70,,82012,20,,,1,20,,82003,7,,,1,60,,82014,20,,,1,15,,82015,20,,,1,93,,82016,20,,,1,98,,82017,20,,,1,104,,82004,7,,,1,97,,82005,7,,,1,101,,82006,7,,,1,104,,82018,20,,,1,103,,82007,7,,,1,491,,82008,7,,,1,101,,82009,7,,,1
501,'20261104',554,,82026,13,,,1,70,,82027,20,,,1,30,,82029,20,,,1,70,,82028,20,,,1,20,,82019,7,,,1,60,,82030,20,,,1,15,,82031,20,,,1,93,,82032,20,,,1,98,,82033,20,,,1,104,,82020,7,,,1,97,,82021,7,,,1,101,,82022,7,,,1,104,,82034,20,,,1,103,,82023,7,,,1,491,,82024,7,,,1,101,,82025,7,,,1
501,'20261105',554,,82042,13,,,1,70,,82043,20,,,1,30,,82045,20,,,1,70,,82044,20,,,1,20,,82035,7,,,1,60,,82046,20,,,1,15,,82047,20,,,1,93,,82048,20,,,1,98,,82049,20,,,1,104,,82036,7,,,1,97,,82037,7,,,1,101,,82038,7,,,1,104,,82050,20,,,1,103,,82039,7,,,1,491,,82040,7,,,1,101,,82041,7,,,1
501,'20261106',554,,82058,13,,,1,70,,82059,20,,,1,30,,82061,20,,,1,70,,82060,20,,,1,20,,82051,7,,,1,60,,82062,20,,,1,15,,82063,20,,,1,93,,82064,20,,,1,98,,82065,20,,,1,104,,82052,7,,,1,97,,82053,7,,,1,101,,82054,7,,,1,104,,82066,20,,,1,103,,82055,7,,,1,491,,82056,7,,,1,101,,82057,7,,,1
501,'20261107',1513,,82069,20,,,1,200,,82070,20,,,1,199,,82067,7,,,1,204,,82068,7,,,1
501,'20261108',1511,,82073,20,,,1,200,,82074,20,,,1,199,,82071,7,,,1,204,,82072,7,,,1
501,'20261109',554,,82082,13,,,1,70,,82083,20,,,1,30,,82085,20,,,1,70,,82084,20,,,1,20,,82075,7,,,1,60,,82086,20,,,1,15,,82087,20,,,1,93,,82088,20,,,1,98,,82089,20,,,1,104,,82076,7,,,1,97,,82077,7,,,1,101,,82078,7,,,1,104,,82090,20,,,1,103,,82079,7,,,1,491,,82080,7,,,1,101,,82081,7,,,1
501,'20261110',554,,82098,13,,,1,70,,82099,20,,,1,30,,82101,20,,,1,70,,82100,20,,,1,20,,82091,7,,,1,60,,82102,20,,,1,15,,82103,20,,,1,93,,82104,20,,,1,98,,82105,20,,,1,104,,82092,7,,,1,97,,82093,7,,,1,101,,82094,7,,,1,104,,82106,20,,,1,103,,82095,7,,,1,491,,82096,7,,,1,101,,82097,7,,,1
501,'20261111',554,,82114,13,,,1,70,,82115,20,,,1,30,,82117,20,,,1,70,,82116,20,,,1,20,,82107,7,,,1,60,,82118,20,,,1,15,,82119,20,,,1,93,,82120,20,,,1,98,,82121,20,,,1,104,,82108,7,,,1,97,,82109,7,,,1,101,,82110,7,,,1,104,,82122,20,,,1,103,,82111,7,,,1,491,,82112,7,,,1,101,,82113,7,,,1
501,'20261112',554,,82130,13,,,1,70,,82131,20,,,1,30,,82133,20,,,1,70,,82132,20,,,1,20,,82123,7,,,1,60,,82134,20,,,1,15,,82135,20,,,1,93,,82136,20,,,1,98,,82137,20,,,1,104,,82124,7,,,1,97,,82125,7,,,1,101,,82126,7,,,1,104,,82138,20,,,1,103,,82127,7,,,1,491,,82128,7,,,1,101,,82129,7,,,1
501,'20261113',554,,82146,13,,,1,70,,82147,20,,,1,30,,82149,20,,,1,70,,82148,20,,,1,20,,82139,7,,,1,60,,82150,20,,,1,15,,82151,20,,,1,93,,82152,20,,,1,98,,82153,20,,,1,104,,82140,7,,,1,97,,82141,7,,,1,101,,82142,7,,,1,104,,82154,20,,,1,103,,82143,7,,,1,491,,82144,7,,,1,101,,82145,7,,,1
501,'20261114',1513,,82157,20,,,1,200,,82158,20,,,1,199,,82155,7,,,1,204,,82156,7,,,1
501,'20261115',1511,,82161,20,,,1,200,,82162,20,,,1,199,,82159,7,,,1,204,,82160,7,,,1
501,'20261116',554,,82170,13,,,1,70,,82171,20,,,1,30,,82173,20,,,1,70,,82172,20,,,1,20,,82163,7,,,1,60,,82174,20,,,1,15,,82175,20,,,1,93,,82176,20,,,1,98,,82177,20,,,1,104,,82164,7,,,1,97,,82165,7,,,1,101,,82166,7,,,1,104,,82178,20,,,1,103,,82167,7,,,1,491,,82168,7,,,1,101,,82169,7,,,1
501,'20261117',554,,82186,13,,,1,70,,82187,20,,,1,30,,82189,20,,,1,70,,82188,20,,,1,20,,82179,7,,,1,60,,82190,20,,,1,15,,82191,20,,,1,93,,82192,20,,,1,98,,82193,20,,,1,104,,82180,7,,,1,97,,82181,7,,,1,101,,82182,7,,,1,104,,82194,20,,,1,103,,82183,7,,,1,491,,82184,7,,,1,101,,82185,7,,,1
501,'20261118',554,,82202,13,,,1,70,,82203,20,,,1,30,,82205,20,,,1,70,,82204,20,,,1,20,,82195,7,,,1,60,,82206,20,,,1,15,,82207,20,,,1,93,,82208,20,,,1,98,,82209,20,,,1,104,,82196,7,,,1,97,,82197,7,,,1,101,,82198,7,,,1,104,,82210,20,,,1,103,,82199,7,,,1,491,,82200,7,,,1,101,,82201,7,,,1
501,'20261119',554,,82218,13,,,1,70,,82219,20,,,1,30,,82221,20,,,1,70,,82220,20,,,1,20,,82211,7,,,1,60,,82222,20,,,1,15,,82223,20,,,1,93,,82224,20,,,1,98,,82225,20,,,1,104,,82212,7,,,1,97,,82213,7,,,1,101,,82214,7,,,1,104,,82226,20,,,1,103,,82215,7,,,1,491,,82216,7,,,1,101,,82217,7,,,1
501,'20261120',554,,82234,13,,,1,70,,82235,20,,,1,30,,82237,20,,,1,70,,82236,20,,,1,20,,82227,7,,,1,60,,82238,20,,,1,15,,82239,20,,,1,93,,82240,20,,,1,98,,82241,20,,,1,104,,82228,7,,,1,97,,82229,7,,,1,101,,82230,7,,,1,104,,82242,20,,,1,103,,82231,7,,,1,491,,82232,7,,,1,101,,82233,7,,,1
501,'20261121',1513,,82245,20,,,1,200,,82246,20,,,1,199,,82243,7,,,1,204,,82244,7,,,1
501,'20261122',1511,,82249,20,,,1,200,,82250,20,,,1,199,,82247,7,,,1,204,,82248,7,,,1
501,'20261123',554,,82258,13,,,1,70,,82259,20,,,1,30,,82261,20,,,1,70,,82260,20,,,1,20,,82251,7,,,1,60,,82262,20,,,1,15,,82263,20,,,1,93,,82264,20,,,1,98,,82265,20,,,1,104,,82252,7,,,1,97,,82253,7,,,1,101,,82254,7,,,1,104,,82266,20,,,1,103,,82255,7,,,1,491,,82256,7,,,1,101,,82257,7,,,1
501,'20261124',554,,82274,13,,,1,70,,82275,20,,,1,30,,82277,20,,,1,70,,82276,20,,,1,20,,82267,7,,,1,60,,82278,20,,,1,15,,82279,20,,,1,93,,82280,20,,,1,98,,82281,20,,,1,104,,82268,7,,,1,97,,82269,7,,,1,101,,82270,7,,,1,104,,82282,20,,,1,103,,82271,7,,,1,491,,82272,7,,,1,101,,82273,7,,,1
501,'20261125',554,,82290,13,,,1,70,,82291,20,,,1,30,,82293,20,,,1,70,,82292,20,,,1,20,,82283,7,,,1,60,,82294,20,,,1,15,,82295,20,,,1,93,,82296,20,,,1,98,,82297,20,,,1,104,,82284,7,,,1,97,,82285,7,,,1,101,,82286,7,,,1,104,,82298,20,,,1,103,,82287,7,,,1,491,,82288,7,,,1,101,,82289,7,,,1
501,'20261126',554,,82306,13,,,1,70,,82307,20,,,1,30,,82309,20,,,1,70,,82308,20,,,1,20,,82299,7,,,1,60,,82310,20,,,1,15,,82311,20,,,1,93,,82312,20,,,1,98,,82313,20,,,1,104,,82300,7,,,1,97,,82301,7,,,1,101,,82302,7,,,1,104,,82314,20,,,1,103,,82303,7,,,1,491,,82304,7,,,1,101,,82305,7,,,1
501,'20261127',554,,82322,13,,,1,70,,82323,20,,,1,30,,82325,20,,,1,70,,82324,20,,,1,20,,82315,7,,,1,60,,82326,20,,,1,15,,82327,20,,,1,93,,82328,20,,,1,98,,82329,20,,,1,104,,82316,7,,,1,97,,82317,7,,,1,101,,82318,7,,,1,104,,82330,20,,,1,103,,82319,7,,,1,491,,82320,7,,,1,101,,82321,7,,,1
