500,'20261005',1124,,80608,31,,,1,407,,80609,31,,,1,201,,80610,31,,,1,85,,80607,31,,,1,30,,80605,31,,,1,55,,80606,31,,,1,30,,80611,31,,,1,427,,80612,31,,,1
500,'20261006',1124,,80623,31,,,1,407,,80624,31,,,1,201,,80625,31,,,1,85,,80622,31,,,1,30,,80620,31,,,1,55,,80621,31,,,1,30,,80626,31,,,1,427,,80627,31,,,1
500,'20261007',1124,,80638,31,,,1,407,,80639,31,,,1,201,,80640,31,,,1,85,,80637,31,,,1,30,,80635,31,,,1,55,,80636,31,,,1,30,,80641,31,,,1,427,,80642,31,,,1
500,'20261008',1124,,80653,31,,,1,407,,80654,31,,,1,201,,80655,31,,,1,85,,80652,31,,,1,30,,80650,31,,,1,55,,80651,31,,,1,30,,80656,31,,,1,427,,80657,31,,,1
500,'20261009',1124,,80668,31,,,1,407,,80669,31,,,1,201,,80670,31,,,1,85,,80667,31,,,1,30,,80665,31,,,1,55,,80666,31,,,1,30,,80671,31,,,1,427,,80672,31,,,1
500,'20261010',2237,,80675,31,,,1,192,,80676,31,,,1
500,'20261011',2237,,80679,31,,,1,192,,80680,31,,,1
500,'20261012',2237,,92464,31,,,1,192,,92465,31,,,1
500,'20261013',1124,,80706,31,,,1,407,,80707,31,,,1,201,,80708,31,,,1,85,,80705,31,,,1,30,,80703,31,,,1,55,,80704,31,,,1,30,,80709,31,,,1,427,,80710,31,,,1
500,'20261014',1128,,80721,31,,,1,407,,80722,31,,,1,196,,80723,31,,,1,85,,80720,31,,,1,30,,80718,31,,,1,55,,80719,31,,,1,30,,80724,31,,,1,427,,80725,31,,,1
500,'20261015',1128,,80736,31,,,1,407,,80737,31,,,1,196,,80738,31,,,1,85,,80735,31,,,1,30,,80733,31,,,1,55,,80734,31,,,1,30,,80739,31,,,1,427,,80740,31,,,1
500,'20261016',1128,,80751,31,,,1,407,,80752,31,,,1,196,,80753,31,,,1,85,,80750,31,,,1,30,,80748,31,,,1,55,,80749,31,,,1,30,,80754,31,,,1,427,,80755,31,,,1
500,'20261017',2232,,80758,31,,,1,196,,80759,31,,,1
500,'20261018',2232,,80762,31,,,1,196,,80763,31,,,1
500,'20261019',1128,,80774,31,,,1,407,,80775,31,,,1,196,,80776,31,,,1,85,,80773,31,,,1,30,,80771,31,,,1,55,,80772,31,,,1,30,,80777,31,,,1,427,,80778,31,,,1
500,'20261020',1128,,80789,31,,,1,407,,80790,31,,,1,196,,80791,31,,,1,85,,80788,31,,,1,30,,80786,31,,,1,55,,80787,31,,,1,30,,80792,31,,,1,427,,80793,31,,,1
500,'20261021',1128,,80804,31,,,1,407,,80805,31,,,1,196,,80806,31,,,1,85,,80803,31,,,1,30,,80801,31,,,1,55,,80802,31,,,1,30,,80807,31,,,1,427,,80808,31,,,1
500,'20261022',1128,,80819,31,,,1,407,,80820,31,,,1,196,,80821,31,,,1,85,,80818,31,,,1,30,,80816,31,,,1,55,,80817,31,,,1,30,,80822,31,,,1,427,,80823,31,,,1
500,'20261023',1128,,80834,31,,,1,407,,80835,31,,,1,196,,80836,31,,,1,85,,80833,31,,,1,30,,80831,31,,,1,55,,80832,31,,,1,30,,80837,31,,,1,427,,80838,31,,,1
500,'20261024',2232,,80841,31,,,1,196,,80842,31,,,1
500,'20261025',2232,,80845,31,,,1,196,,80846,31,,,1
500,'20261026',1128,,80857,31,,,1,407,,80858,31,,,1,196,,80859,31,,,1,85,,80856,31,,,1,30,,80854,31,,,1,55,,80855,31,,,1,30,,80860,31,,,1,427,,80861,31,,,1
500,'20261027',1128,,80872,31,,,1,407,,80873,31,,,1,196,,80874,31,,,1,85,,80871,31,,,1,30,,80869,31,,,1,55,,80870,31,,,1,30,,80875,31,,,1,427,,80876,31,,,1
500,'20261028',1128,,80887,31,,,1,407,,80888,31,,,1,196,,80889,31,,,1,85,,80886,31,,,1,30,,80884,31,,,1,55,,80885,31,,,1,30,,80890,31,,,1,427,,80891,31,,,1
500,'20261029',1128,,80902,31,,,1,407,,80903,31,,,1,196,,80904,31,,,1,85,,80901,31,,,1,30,,80899,31,,,1,55,,80900,31,,,1,30,,80905,31,,,1,427,,80906,31,,,1
500,'20261030',1128,,80917,31,,,1,407,,80918,31,,,1,196,,80919,31,,,1,85,,80916,31,,,1,30,,80914,31,,,1,55,,80915,31,,,1,30,,80920,31,,,1,427,,80921,31,,,1
500,'20261031',2232,,80924,31,,,1,196,,80925,31,,,1
500,'20261101',2232,,80928,31,,,1,196,,80929,31,,,1
500,'20261102',1128,,80940,31,,,1,407,,80941,31,,,1,196,,80942,31,,,1,85,,80939,31,,,1,30,,80937,31,,,1,55,,80938,31,,,1,30,,80943,31,,,1,427,,80944,31,,,1
500,'20261103',1128,,80955,31,,,1,407,,80956,31,,,1,196,,80957,31,,,1,85,,80954,31,,,1,30,,80952,31,,,1,55,,80953,31,,,1,30,,80958,31,,,1,427,,80959,31,,,1
500,'20261104',1128,,80970,31,,,1,407,,80971,31,,,1,196,,80972,31,,,1,85,,80969,31,,,1,30,,80967,31,,,1,55,,80968,31,,,1,30,,80973,31,,,1,427,,80974,31,,,1
500,'20261105',1128,,80985,31,,,1,407,,80986,31,,,1,196,,80987,31,,,1,85,,80984,31,,,1,30,,80982,31,,,1,55,,80983,31,,,1,30,,80988,31,,,1,427,,80989,31,,,1
500,'20261106',1128,,81000,31,,,1,407,,81001,31,,,1,196,,81002,31,,,1,85,,80999,31,,,1,30,,80997,31,,,1,55,,80998,31,,,1,30,,81003,31,,,1,427,,81004,31,,,1
500,'20261107',2232,,81007,31,,,1,196,,81008,31,,,1
500,'20261108',2232,,81011,31,,,1,196,,81012,31,,,1
500,'20261109',1128,,81023,31,,,1,407,,81024,31,,,1,196,,81025,31,,,1,85,,81022,31,,,1,30,,81020,31,,,1,55,,81021,31,,,1,30,,81026,31,,,1,427,,81027,31,,,1
500,'20261110',1128,,81038,31,,,1,407,,81039,31,,,1,196,,81040,31,,,1,85,,81037,31,,,1,30,,81035,31,,,1,55,,81036,31,,,1,30,,81041,31,,,1,427,,81042,31,,,1
500,'20261111',1128,,81053,31,,,1,407,,81054,31,,,1,196,,81055,31,,,1,85,,81052,31,,,1,30,,81050,31,,,1,55,,81051,31,,,1,30,,81056,31,,,1,427,,81057,31,,,1
500,'20261112',1128,,81068,31,,,1,407,,81069,31,,,1,196,,81070,31,,,1,85,,81067,31,,,1,30,,81065,31,,,1,55,,81066,31,,,1,30,,81071,31,,,1,427,,81072,31,,,1
500,'20261113',1128,,81083,31,,,1,407,,81084,31,,,1,196,,81085,31,,,1,85,,81082,31,,,1,30,,81080,31,,,1,55,,81081,31,,,1,30,,81086,31,,,1,427,,81087,31,,,1
500,'20261114',2232,,81090,31,,,1,196,,81091,31,,,1
500,'20261115',2232,,81094,31,,,1,196,,81095,31,,,1
500,'20261116',1128,,81106,31,,,1,407,,81107,31,,,1,196,,81108,31,,,1,85,,81105,31,,,1,30,,81103,31,,,1,55,,81104,31,,,1,30,,81109,31,,,1,427,,81110,31,,,1
500,'20261117',1128,,81121,31,,,1,407,,81122,31,,,1,196,,81123,31,,,1,85,,81120,31,,,1,30,,81118,31,,,1,55,,81119,31,,,1,30,,81124,31,,,1,427,,81125,31,,,1
500,'20261118',1128,,81136,31,,,1,407,,81137,31,,,1,196,,81138,31,,,1,85,,81135,31,,,1,30,,81133,31,,,1,55,,81134,31,,,1,30,,81139,31,,,1,427,,81140,31,,,1
500,'20261119',1128,,81151,31,,,1,407,,81152,31,,,1,196,,81153,31,,,1,85,,81150,31,,,1,30,,81148,31,,,1,55,,81149,31,,,1,30,,81154,31,,,1,427,,81155,31,,,1
500,'20261120',1128,,81166,31,,,1,407,,81167,31,,,1,196,,81168,31,,,1,85,,81165,31,,,1,30,,81163,31,,,1,55,,81164,31,,,1,30,,81169,31,,,1,427,,81170,31,,,1
500,'20261121',2232,,81173,31,,,1,196,,81174,31,,,1
500,'20261122',2232,,81177,31,,,1,196,,81178,31,,,1
500,'20261123',1128,,81189,31,,,1,407,,81190,31,,,1,196,,81191,31,,,1,85,,81188,31,,,1,30,,81186,31,,,1,55,,81187,31,,,1,30,,81192,31,,,1,427,,81193,31,,,1
500,'20261124',1128,,81204,31,,,1,407,,81205,31,,,1,196,,81206,31,,,1,85,,81203,31,,,1,30,,81201,31,,,1,55,,81202,31,,,1,30,,81207,31,,,1,427,,81208,31,,,1
500,'20261125',1128,,81219,31,,,1,407,,81220,31,,,1,196,,81221,31,,,1,85,,81218,31,,,1,30,,81216,31,,,1,55,,81217,31,,,1,30,,81222,31,,,1,427,,81223,31,,,1
500,'20261126',1128,,81234,31,,,1,407,,81235,31,,,1,196,,81236,31,,,1,85,,81233,31,,,1,30,,81231,31,,,1,55,,81232,31,,,1,30,,81237,31,,,1,427,,81238,31,,,1
500,'20261127',1128,,81249,31,,,1,407,,81250,31,,,1,196,,81251,31,,,1,85,,81248,31,,,1,30,,81246,31,,,1,55,,81247,31,,,1,30,,81252,31,,,1,427,,81253,31,,,1
501,'20261005',521,,81643,5,,,1,30,,81645,5,,,1,70,,81644,5,,,1,80,,81646,5,,,1,15,,81647,5,,,1,89,,81648,5,,,1,98,,81649,5,,,1,409,,81650,5,,,1
501,'20261006',521,,81659,5,,,1,30,,81661,5,,,1,70,,81660,5,,,1,80,,81662,5,,,1,15,,81663,5,,,1,89,,81664,5,,,1,98,,81665,5,,,1,409,,81666,5,,,1
501,'20261007',521,,81675,5,,,1,30,,81677,5,,,1,70,,81676,5,,,1,80,,81678,5,,,1,15,,81679,5,,,1,89,,81680,5,,,1,98,,81681,5,,,1,409,,81682,5,,,1
501,'20261008',521,,81691,5,,,1,30,,81693,5,,,1,70,,81692,5,,,1,80,,81694,5,,,1,15,,81695,5,,,1,89,,81696,5,,,1,98,,81697,5,,,1,409,,81698,5,,,1
501,'20261009',521,,81707,5,,,1,30,,81709,5,,,1,70,,81708,5,,,1,80,,81710,5,,,1,15,,81711,5,,,1,89,,81712,5,,,1,98,,81713,5,,,1,409,,81714,5,,,1
501,'20261010',1413,,81717,5,,,1,200,,81718,5,,,1
501,'20261011',1413,,81721,5,,,1,200,,81722,5,,,1
501,'20261012',1413,,92467,5,,,1,200,,92468,5,,,1
501,'20261013',521,,81747,5,,,1,30,,81749,5,,,1,70,,81748,5,,,1,80,,81750,5,,,1,15,,81751,5,,,1,89,,81752,5,,,1,98,,81753,5,,,1,409,,81754,5,,,1
501,'20261014',521,,81763,5,,,1,30,,81765,5,,,1,70,,81764,5,,,1,80,,81766,5,,,1,15,,81767,5,,,1,94,,81768,5,,,1,100,,81769,5,,,1,407,,81770,5,,,1
501,'20261015',521,,81779,5,,,1,30,,81781,5,,,1,70,,81780,5,,,1,80,,81782,5,,,1,15,,81783,5,,,1,94,,81784,5,,,1,100,,81785,5,,,1,407,,81786,5,,,1
501,'20261016',521,,81795,5,,,1,30,,81797,5,,,1,70,,81796,5,,,1,80,,81798,5,,,1,15,,81799,5,,,1,94,,81800,5,,,1,100,,81801,5,,,1,407,,81802,5,,,1
501,'20261017',1413,,81805,5,,,1,200,,81806,5,,,1
501,'20261018',1413,,81809,5,,,1,200,,81810,5,,,1
501,'20261019',521,,81819,5,,,1,30,,81821,5,,,1,70,,81820,5,,,1,80,,81822,5,,,1,15,,81823,5,,,1,94,,81824,5,,,1,100,,81825,5,,,1,407,,81826,5,,,1
501,'20261020',521,,81835,5,,,1,30,,81837,5,,,1,70,,81836,5,,,1,80,,81838,5,,,1,15,,81839,5,,,1,94,,81840,5,,,1,100,,81841,5,,,1,407,,81842,5,,,1
501,'20261021',521,,81851,5,,,1,30,,81853,5,,,1,70,,81852,5,,,1,80,,81854,5,,,1,15,,81855,5,,,1,94,,81856,5,,,1,100,,81857,5,,,1,407,,81858,5,,,1
501,'20261022',521,,81867,5,,,1,30,,81869,5,,,1,70,,81868,5,,,1,80,,81870,5,,,1,15,,81871,5,,,1,94,,81872,5,,,1,100,,81873,5,,,1,407,,81874,5,,,1
501,'20261023',521,,81883,5,,,1,30,,81885,5,,,1,70,,81884,5,,,1,80,,81886,5,,,1,15,,81887,5,,,1,94,,81888,5,,,1,100,,81889,5,,,1,407,,81890,5,,,1
501,'20261024',1413,,81893,5,,,1,200,,81894,5,,,1
501,'20261025',1413,,81897,5,,,1,200,,81898,5,,,1
501,'20261026',521,,81907,5,,,1,30,,81909,5,,,1,70,,81908,5,,,1,80,,81910,5,,,1,15,,81911,5,,,1,94,,81912,5,,,1,100,,81913,5,,,1,407,,81914,5,,,1
501,'20261027',521,,81923,5,,,1,30,,81925,5,,,1,70,,81924,5,,,1,80,,81926,5,,,1,15,,81927,5,,,1,94,,81928,5,,,1,100,,81929,5,,,1,407,,81930,5,,,1
501,'20261028',521,,81939,5,,,1,30,,81941,5,,,1,70,,81940,5,,,1,80,,81942,5,,,1,15,,81943,5,,,1,94,,81944,5,,,1,100,,81945,5,,,1,407,,81946,5,,,1
501,'20261029',521,,81955,5,,,1,30,,81957,5,,,1,70,,81956,5,,,1,80,,81958,5,,,1,15,,81959,5,,,1,94,,81960,5,,,1,100,,81961,5,,,1,407,,81962,5,,,1
501,'20261030',521,,81971,5,,,1,30,,81973,5,,,1,70,,81972,5,,,1,80,,81974,5,,,1,15,,81975,5,,,1,94,,81976,5,,,1,100,,81977,5,,,1,407,,81978,5,,,1
501,'20261031',1413,,81981,5,,,1,200,,81982,5,,,1
501,'20261101',1413,,81985,5,,,1,200,,81986,5,,,1
501,'20261102',521,,81995,5,,,1,30,,81997,5,,,1,70,,81996,5,,,1,80,,81998,5,,,1,15,,81999,5,,,1,94,,82000,5,,,1,100,,82001,5,,,1,407,,82002,5,,,1
501,'20261103',521,,82011,5,,,1,30,,82013,5,,,1,70,,82012,5,,,1,80,,82014,5,,,1,15,,82015,5,,,1,94,,82016,5,,,1,100,,82017,5,,,1,407,,82018,5,,,1
501,'20261104',521,,82027,5,,,1,30,,82029,5,,,1,70,,82028,5,,,1,80,,82030,5,,,1,15,,82031,5,,,1,94,,82032,5,,,1,100,,82033,5,,,1,407,,82034,5,,,1
501,'20261105',521,,82043,5,,,1,30,,82045,5,,,1,70,,82044,5,,,1,80,,82046,5,,,1,15,,82047,5,,,1,94,,82048,5,,,1,100,,82049,5,,,1,407,,82050,5,,,1
501,'20261106',521,,82059,5,,,1,30,,82061,5,,,1,70,,82060,5,,,1,80,,82062,5,,,1,15,,82063,5,,,1,94,,82064,5,,,1,100,,82065,5,,,1,407,,82066,5,,,1
501,'20261107',1413,,82069,5,,,1,200,,82070,5,,,1
501,'20261108',1413,,82073,5,,,1,200,,82074,5,,,1
501,'20261109',521,,82083,5,,,1,30,,82085,5,,,1,70,,82084,5,,,1,80,,82086,5,,,1,15,,82087,5,,,1,94,,82088,5,,,1,100,,82089,5,,,1,407,,82090,5,,,1
501,'20261110',521,,82099,5,,,1,30,,82101,5,,,1,70,,82100,5,,,1,80,,82102,5,,,1,15,,82103,5,,,1,94,,82104,5,,,1,100,,82105,5,,,1,407,,82106,5,,,1
501,'20261111',521,,82115,5,,,1,30,,82117,5,,,1,70,,82116,5,,,1,80,,82118,5,,,1,15,,82119,5,,,1,94,,82120,5,,,1,100,,82121,5,,,1,407,,82122,5,,,1
501,'20261112',521,,82131,5,,,1,30,,82133,5,,,1,70,,82132,5,,,1,80,,82134,5,,,1,15,,82135,5,,,1,94,,82136,5,,,1,100,,82137,5,,,1,407,,82138,5,,,1
501,'20261113',521,,82147,5,,,1,30,,82149,5,,,1,70,,82148,5,,,1,80,,82150,5,,,1,15,,82151,5,,,1,94,,82152,5,,,1,100,,82153,5,,,1,407,,82154,5,,,1
501,'20261114',1413,,82157,5,,,1,200,,82158,5,,,1
501,'20261115',1413,,82161,5,,,1,200,,82162,5,,,1
501,'20261116',521,,82171,5,,,1,30,,82173,5,,,1,70,,82172,5,,,1,80,,82174,5,,,1,15,,82175,5,,,1,94,,82176,5,,,1,100,,82177,5,,,1,407,,82178,5,,,1
501,'20261117',521,,82187,5,,,1,30,,82189,5,,,1,70,,82188,5,,,1,80,,82190,5,,,1,15,,82191,5,,,1,94,,82192,5,,,1,100,,82193,5,,,1,407,,82194,5,,,1
501,'20261118',521,,82203,5,,,1,30,,82205,5,,,1,70,,82204,5,,,1,80,,82206,5,,,1,15,,82207,5,,,1,94,,82208,5,,,1,100,,82209,5,,,1,407,,82210,5,,,1
501,'20261119',521,,82219,5,,,1,30,,82221,5,,,1,70,,82220,5,,,1,80,,82222,5,,,1,15,,82223,5,,,1,94,,82224,5,,,1,100,,82225,5,,,1,407,,82226,5,,,1
501,'20261120',521,,82235,5,,,1,30,,82237,5,,,1,70,,82236,5,,,1,80,,82238,5,,,1,15,,82239,5,,,1,94,,82240,5,,,1,100,,82241,5,,,1,407,,82242,5,,,1
501,'20261121',1413,,82245,5,,,1,200,,82246,5,,,1
501,'20261122',1413,,82249,5,,,1,200,,82250,5,,,1
501,'20261123',521,,82259,5,,,1,30,,82261,5,,,1,70,,82260,5,,,1,80,,82262,5,,,1,15,,82263,5,,,1,94,,82264,5,,,1,100,,82265,5,,,1,407,,82266,5,,,1
501,'20261124',521,,82275,5,,,1,30,,82277,5,,,1,70,,82276,5,,,1,80,,82278,5,,,1,15,,82279,5,,,1,94,,82280,5,,,1,100,,82281,5,,,1,407,,82282,5,,,1
501,'20261125',521,,82291,5,,,1,30,,82293,5,,,1,70,,82292,5,,,1,80,,82294,5,,,1,15,,82295,5,,,1,94,,82296,5,,,1,100,,82297,5,,,1,407,,82298,5,,,1
501,'20261126',521,,82307,5,,,1,30,,82309,5,,,1,70,,82308,5,,,1,80,,82310,5,,,1,15,,82311,5,,,1,94,,82312,5,,,1,100,,82313,5,,,1,407,,82314,5,,,1
501,'20261127',521,,82323,5,,,1,30,,82325,5,,,1,70,,82324,5,,,1,80,,82326,5,,,1,15,,82327,5,,,1,94,,82328,5,,,1,100,,82329,5,,,1,407,,82330,5,,,1
